tic_id,Sector,Filename
55662510,33,tess2020351194500-s0033-0000000055662510-0203-s_lc.fits
36359598,33,tess2020351194500-s0033-0000000036359598-0203-s_lc.fits
339673338,33,tess2020351194500-s0033-0000000339673338-0203-s_lc.fits
277105522,33,tess2020351194500-s0033-0000000277105522-0203-s_lc.fits
179209402,33,tess2020351194500-s0033-0000000179209402-0203-s_lc.fits
65803665,33,tess2020351194500-s0033-0000000065803665-0203-s_lc.fits
299466792,33,tess2020351194500-s0033-0000000299466792-0203-s_lc.fits
147800517,33,tess2020351194500-s0033-0000000147800517-0203-s_lc.fits
31178354,33,tess2020351194500-s0033-0000000031178354-0203-s_lc.fits
99240654,33,tess2020351194500-s0033-0000000099240654-0203-s_lc.fits
52809328,33,tess2020351194500-s0033-0000000052809328-0203-s_lc.fits
141754291,33,tess2020351194500-s0033-0000000141754291-0203-s_lc.fits
385757807,33,tess2020351194500-s0033-0000000385757807-0203-s_lc.fits
677670082,33,tess2020351194500-s0033-0000000677670082-0203-s_lc.fits
25117741,33,tess2020351194500-s0033-0000000025117741-0203-s_lc.fits
96740590,33,tess2020351194500-s0033-0000000096740590-0203-s_lc.fits
358336282,33,tess2020351194500-s0033-0000000358336282-0203-s_lc.fits
157341336,33,tess2020351194500-s0033-0000000157341336-0203-s_lc.fits
55557925,33,tess2020351194500-s0033-0000000055557925-0203-s_lc.fits
382626661,33,tess2020351194500-s0033-0000000382626661-0203-s_lc.fits
177254872,33,tess2020351194500-s0033-0000000177254872-0203-s_lc.fits
177444513,33,tess2020351194500-s0033-0000000177444513-0203-s_lc.fits
349153627,33,tess2020351194500-s0033-0000000349153627-0203-s_lc.fits
349648510,33,tess2020351194500-s0033-0000000349648510-0203-s_lc.fits
234009971,33,tess2020351194500-s0033-0000000234009971-0203-s_lc.fits
134227525,33,tess2020351194500-s0033-0000000134227525-0203-s_lc.fits
167656416,33,tess2020351194500-s0033-0000000167656416-0203-s_lc.fits
81931778,33,tess2020351194500-s0033-0000000081931778-0203-s_lc.fits
125498216,33,tess2020351194500-s0033-0000000125498216-0203-s_lc.fits
52745238,33,tess2020351194500-s0033-0000000052745238-0203-s_lc.fits
232037378,33,tess2020351194500-s0033-0000000232037378-0203-s_lc.fits
160328683,33,tess2020351194500-s0033-0000000160328683-0203-s_lc.fits
234935248,33,tess2020351194500-s0033-0000000234935248-0203-s_lc.fits
339668062,33,tess2020351194500-s0033-0000000339668062-0203-s_lc.fits
10068690,33,tess2020351194500-s0033-0000000010068690-0203-s_lc.fits
177647110,33,tess2020351194500-s0033-0000000177647110-0203-s_lc.fits
12234050,33,tess2020351194500-s0033-0000000012234050-0203-s_lc.fits
5454915,33,tess2020351194500-s0033-0000000005454915-0203-s_lc.fits
37300889,33,tess2020351194500-s0033-0000000037300889-0203-s_lc.fits
350859059,33,tess2020351194500-s0033-0000000350859059-0203-s_lc.fits
26336112,33,tess2020351194500-s0033-0000000026336112-0203-s_lc.fits
124223724,33,tess2020351194500-s0033-0000000124223724-0203-s_lc.fits
231946451,33,tess2020351194500-s0033-0000000231946451-0203-s_lc.fits
260043481,33,tess2020351194500-s0033-0000000260043481-0203-s_lc.fits
97201204,33,tess2020351194500-s0033-0000000097201204-0203-s_lc.fits
102204751,33,tess2020351194500-s0033-0000000102204751-0203-s_lc.fits
123844802,33,tess2020351194500-s0033-0000000123844802-0203-s_lc.fits
33940475,33,tess2020351194500-s0033-0000000033940475-0203-s_lc.fits
37881801,33,tess2020351194500-s0033-0000000037881801-0203-s_lc.fits
151173990,33,tess2020351194500-s0033-0000000151173990-0203-s_lc.fits
4833606,33,tess2020351194500-s0033-0000000004833606-0203-s_lc.fits
63421872,33,tess2020351194500-s0033-0000000063421872-0203-s_lc.fits
66914216,33,tess2020351194500-s0033-0000000066914216-0203-s_lc.fits
65473073,33,tess2020351194500-s0033-0000000065473073-0203-s_lc.fits
237645820,33,tess2020351194500-s0033-0000000237645820-0203-s_lc.fits
143209291,33,tess2020351194500-s0033-0000000143209291-0203-s_lc.fits
443031944,33,tess2020351194500-s0033-0000000443031944-0203-s_lc.fits
219369731,33,tess2020351194500-s0033-0000000219369731-0203-s_lc.fits
39299275,33,tess2020351194500-s0033-0000000039299275-0203-s_lc.fits
200373187,33,tess2020351194500-s0033-0000000200373187-0203-s_lc.fits
319923627,33,tess2020351194500-s0033-0000000319923627-0203-s_lc.fits
348899638,33,tess2020351194500-s0033-0000000348899638-0203-s_lc.fits
7322870,33,tess2020351194500-s0033-0000000007322870-0203-s_lc.fits
179107794,33,tess2020351194500-s0033-0000000179107794-0203-s_lc.fits
124321408,33,tess2020351194500-s0033-0000000124321408-0203-s_lc.fits
375033848,33,tess2020351194500-s0033-0000000375033848-0203-s_lc.fits
21621010,33,tess2020351194500-s0033-0000000021621010-0203-s_lc.fits
176519900,33,tess2020351194500-s0033-0000000176519900-0203-s_lc.fits
238196355,33,tess2020351194500-s0033-0000000238196355-0203-s_lc.fits
438109190,33,tess2020351194500-s0033-0000000438109190-0203-s_lc.fits
434305569,33,tess2020351194500-s0033-0000000434305569-0203-s_lc.fits
167758426,33,tess2020351194500-s0033-0000000167758426-0203-s_lc.fits
147766069,33,tess2020351194500-s0033-0000000147766069-0203-s_lc.fits
293310063,33,tess2020351194500-s0033-0000000293310063-0203-s_lc.fits
46641297,33,tess2020351194500-s0033-0000000046641297-0203-s_lc.fits
277176342,33,tess2020351194500-s0033-0000000277176342-0203-s_lc.fits
93417639,33,tess2020351194500-s0033-0000000093417639-0203-s_lc.fits
37917720,33,tess2020351194500-s0033-0000000037917720-0203-s_lc.fits
306809978,33,tess2020351194500-s0033-0000000306809978-0203-s_lc.fits
276860287,33,tess2020351194500-s0033-0000000276860287-0203-s_lc.fits
29984014,33,tess2020351194500-s0033-0000000029984014-0203-s_lc.fits
53242247,33,tess2020351194500-s0033-0000000053242247-0203-s_lc.fits
140635667,33,tess2020351194500-s0033-0000000140635667-0203-s_lc.fits
157571722,33,tess2020351194500-s0033-0000000157571722-0203-s_lc.fits
317954604,33,tess2020351194500-s0033-0000000317954604-0203-s_lc.fits
374858678,33,tess2020351194500-s0033-0000000374858678-0203-s_lc.fits
300033022,33,tess2020351194500-s0033-0000000300033022-0203-s_lc.fits
231737088,33,tess2020351194500-s0033-0000000231737088-0203-s_lc.fits
37352124,33,tess2020351194500-s0033-0000000037352124-0203-s_lc.fits
49012275,33,tess2020351194500-s0033-0000000049012275-0203-s_lc.fits
270503850,33,tess2020351194500-s0033-0000000270503850-0203-s_lc.fits
260471066,33,tess2020351194500-s0033-0000000260471066-0203-s_lc.fits
65471953,33,tess2020351194500-s0033-0000000065471953-0203-s_lc.fits
219392569,33,tess2020351194500-s0033-0000000219392569-0203-s_lc.fits
167554511,33,tess2020351194500-s0033-0000000167554511-0203-s_lc.fits
34656184,33,tess2020351194500-s0033-0000000034656184-0203-s_lc.fits
219390228,33,tess2020351194500-s0033-0000000219390228-0203-s_lc.fits
265614733,33,tess2020351194500-s0033-0000000265614733-0203-s_lc.fits
461840345,33,tess2020351194500-s0033-0000000461840345-0203-s_lc.fits
219366205,33,tess2020351194500-s0033-0000000219366205-0203-s_lc.fits
80201420,33,tess2020351194500-s0033-0000000080201420-0203-s_lc.fits
38469354,33,tess2020351194500-s0033-0000000038469354-0203-s_lc.fits
705476851,33,tess2020351194500-s0033-0000000705476851-0203-s_lc.fits
97568467,33,tess2020351194500-s0033-0000000097568467-0203-s_lc.fits
55455221,33,tess2020351194500-s0033-0000000055455221-0203-s_lc.fits
354516610,33,tess2020351194500-s0033-0000000354516610-0203-s_lc.fits
63889775,33,tess2020351194500-s0033-0000000063889775-0203-s_lc.fits
149542960,33,tess2020351194500-s0033-0000000149542960-0203-s_lc.fits
232170646,33,tess2020351194500-s0033-0000000232170646-0203-s_lc.fits
67263591,33,tess2020351194500-s0033-0000000067263591-0203-s_lc.fits
150360599,33,tess2020351194500-s0033-0000000150360599-0203-s_lc.fits
149301575,33,tess2020351194500-s0033-0000000149301575-0203-s_lc.fits
237954679,33,tess2020351194500-s0033-0000000237954679-0203-s_lc.fits
42819747,33,tess2020351194500-s0033-0000000042819747-0203-s_lc.fits
172198533,33,tess2020351194500-s0033-0000000172198533-0203-s_lc.fits
176936142,33,tess2020351194500-s0033-0000000176936142-0203-s_lc.fits
340061524,33,tess2020351194500-s0033-0000000340061524-0203-s_lc.fits
176517560,33,tess2020351194500-s0033-0000000176517560-0203-s_lc.fits
404854872,33,tess2020351194500-s0033-0000000404854872-0203-s_lc.fits
220459826,33,tess2020351194500-s0033-0000000220459826-0203-s_lc.fits
93173004,33,tess2020351194500-s0033-0000000093173004-0203-s_lc.fits
21507124,33,tess2020351194500-s0033-0000000021507124-0203-s_lc.fits
24891586,33,tess2020351194500-s0033-0000000024891586-0203-s_lc.fits
293005536,33,tess2020351194500-s0033-0000000293005536-0203-s_lc.fits
201387381,33,tess2020351194500-s0033-0000000201387381-0203-s_lc.fits
158870076,33,tess2020351194500-s0033-0000000158870076-0203-s_lc.fits
55296056,33,tess2020351194500-s0033-0000000055296056-0203-s_lc.fits
201495634,33,tess2020351194500-s0033-0000000201495634-0203-s_lc.fits
149271978,33,tess2020351194500-s0033-0000000149271978-0203-s_lc.fits
425150868,33,tess2020351194500-s0033-0000000425150868-0203-s_lc.fits
238095358,33,tess2020351194500-s0033-0000000238095358-0203-s_lc.fits
11691126,33,tess2020351194500-s0033-0000000011691126-0203-s_lc.fits
373768576,33,tess2020351194500-s0033-0000000373768576-0203-s_lc.fits
237602966,33,tess2020351194500-s0033-0000000237602966-0203-s_lc.fits
302962949,33,tess2020351194500-s0033-0000000302962949-0203-s_lc.fits
20231050,33,tess2020351194500-s0033-0000000020231050-0203-s_lc.fits
130515282,33,tess2020351194500-s0033-0000000130515282-0203-s_lc.fits
124541490,33,tess2020351194500-s0033-0000000124541490-0203-s_lc.fits
364324070,33,tess2020351194500-s0033-0000000364324070-0203-s_lc.fits
279477755,33,tess2020351194500-s0033-0000000279477755-0203-s_lc.fits
344085213,33,tess2020351194500-s0033-0000000344085213-0203-s_lc.fits
443058903,33,tess2020351194500-s0033-0000000443058903-0203-s_lc.fits
21504681,33,tess2020351194500-s0033-0000000021504681-0203-s_lc.fits
231919858,33,tess2020351194500-s0033-0000000231919858-0203-s_lc.fits
714428941,33,tess2020351194500-s0033-0000000714428941-0203-s_lc.fits
52452438,33,tess2020351194500-s0033-0000000052452438-0203-s_lc.fits
7392212,33,tess2020351194500-s0033-0000000007392212-0203-s_lc.fits
262291056,33,tess2020351194500-s0033-0000000262291056-0203-s_lc.fits
350655951,33,tess2020351194500-s0033-0000000350655951-0203-s_lc.fits
281415190,33,tess2020351194500-s0033-0000000281415190-0203-s_lc.fits
393230361,33,tess2020351194500-s0033-0000000393230361-0203-s_lc.fits
235539800,33,tess2020351194500-s0033-0000000235539800-0203-s_lc.fits
237933816,33,tess2020351194500-s0033-0000000237933816-0203-s_lc.fits
147178721,33,tess2020351194500-s0033-0000000147178721-0203-s_lc.fits
80766269,33,tess2020351194500-s0033-0000000080766269-0203-s_lc.fits
23728590,33,tess2020351194500-s0033-0000000023728590-0203-s_lc.fits
71919597,33,tess2020351194500-s0033-0000000071919597-0203-s_lc.fits
404798700,33,tess2020351194500-s0033-0000000404798700-0203-s_lc.fits
63576907,33,tess2020351194500-s0033-0000000063576907-0203-s_lc.fits
370009675,33,tess2020351194500-s0033-0000000370009675-0203-s_lc.fits
387614873,33,tess2020351194500-s0033-0000000387614873-0203-s_lc.fits
349059996,33,tess2020351194500-s0033-0000000349059996-0203-s_lc.fits
172776727,33,tess2020351194500-s0033-0000000172776727-0203-s_lc.fits
32547488,33,tess2020351194500-s0033-0000000032547488-0203-s_lc.fits
158030961,33,tess2020351194500-s0033-0000000158030961-0203-s_lc.fits
263935628,33,tess2020351194500-s0033-0000000263935628-0203-s_lc.fits
438305999,33,tess2020351194500-s0033-0000000438305999-0203-s_lc.fits
292456874,33,tess2020351194500-s0033-0000000292456874-0203-s_lc.fits
98075010,33,tess2020351194500-s0033-0000000098075010-0203-s_lc.fits
241985542,33,tess2020351194500-s0033-0000000241985542-0203-s_lc.fits
436626857,33,tess2020351194500-s0033-0000000436626857-0203-s_lc.fits
149570686,33,tess2020351194500-s0033-0000000149570686-0203-s_lc.fits
737802458,33,tess2020351194500-s0033-0000000737802458-0203-s_lc.fits
348841203,33,tess2020351194500-s0033-0000000348841203-0203-s_lc.fits
119325625,33,tess2020351194500-s0033-0000000119325625-0203-s_lc.fits
167551648,33,tess2020351194500-s0033-0000000167551648-0203-s_lc.fits
265264797,33,tess2020351194500-s0033-0000000265264797-0203-s_lc.fits
96317167,33,tess2020351194500-s0033-0000000096317167-0203-s_lc.fits
340356526,33,tess2020351194500-s0033-0000000340356526-0203-s_lc.fits
64845856,33,tess2020351194500-s0033-0000000064845856-0203-s_lc.fits
349409144,33,tess2020351194500-s0033-0000000349409144-0203-s_lc.fits
141435818,33,tess2020351194500-s0033-0000000141435818-0203-s_lc.fits
461839928,33,tess2020351194500-s0033-0000000461839928-0203-s_lc.fits
282084107,33,tess2020351194500-s0033-0000000282084107-0203-s_lc.fits
294394152,33,tess2020351194500-s0033-0000000294394152-0203-s_lc.fits
35642447,33,tess2020351194500-s0033-0000000035642447-0203-s_lc.fits
706297315,33,tess2020351194500-s0033-0000000706297315-0203-s_lc.fits
434388609,33,tess2020351194500-s0033-0000000434388609-0203-s_lc.fits
430417155,33,tess2020351194500-s0033-0000000430417155-0203-s_lc.fits
349195685,33,tess2020351194500-s0033-0000000349195685-0203-s_lc.fits
292188744,33,tess2020351194500-s0033-0000000292188744-0203-s_lc.fits
142085641,33,tess2020351194500-s0033-0000000142085641-0203-s_lc.fits
291492521,33,tess2020351194500-s0033-0000000291492521-0203-s_lc.fits
63304632,33,tess2020351194500-s0033-0000000063304632-0203-s_lc.fits
287326127,33,tess2020351194500-s0033-0000000287326127-0203-s_lc.fits
53745195,33,tess2020351194500-s0033-0000000053745195-0203-s_lc.fits
180968339,33,tess2020351194500-s0033-0000000180968339-0203-s_lc.fits
231746897,33,tess2020351194500-s0033-0000000231746897-0203-s_lc.fits
369522661,33,tess2020351194500-s0033-0000000369522661-0203-s_lc.fits
434303018,33,tess2020351194500-s0033-0000000434303018-0203-s_lc.fits
5283033,33,tess2020351194500-s0033-0000000005283033-0203-s_lc.fits
177351127,33,tess2020351194500-s0033-0000000177351127-0203-s_lc.fits
350840554,33,tess2020351194500-s0033-0000000350840554-0203-s_lc.fits
167755931,33,tess2020351194500-s0033-0000000167755931-0203-s_lc.fits
37999268,33,tess2020351194500-s0033-0000000037999268-0203-s_lc.fits
140209827,33,tess2020351194500-s0033-0000000140209827-0203-s_lc.fits
120390173,33,tess2020351194500-s0033-0000000120390173-0203-s_lc.fits
119238174,33,tess2020351194500-s0033-0000000119238174-0203-s_lc.fits
149539058,33,tess2020351194500-s0033-0000000149539058-0203-s_lc.fits
141611461,33,tess2020351194500-s0033-0000000141611461-0203-s_lc.fits
350434470,33,tess2020351194500-s0033-0000000350434470-0203-s_lc.fits
177080157,33,tess2020351194500-s0033-0000000177080157-0203-s_lc.fits
49079064,33,tess2020351194500-s0033-0000000049079064-0203-s_lc.fits
294054503,33,tess2020351194500-s0033-0000000294054503-0203-s_lc.fits
123624399,33,tess2020351194500-s0033-0000000123624399-0203-s_lc.fits
261825077,33,tess2020351194500-s0033-0000000261825077-0203-s_lc.fits
237851559,33,tess2020351194500-s0033-0000000237851559-0203-s_lc.fits
220433363,33,tess2020351194500-s0033-0000000220433363-0203-s_lc.fits
123727044,33,tess2020351194500-s0033-0000000123727044-0203-s_lc.fits
388128331,33,tess2020351194500-s0033-0000000388128331-0203-s_lc.fits
235184163,33,tess2020351194500-s0033-0000000235184163-0203-s_lc.fits
167045028,33,tess2020351194500-s0033-0000000167045028-0203-s_lc.fits
167973386,33,tess2020351194500-s0033-0000000167973386-0203-s_lc.fits
33877401,33,tess2020351194500-s0033-0000000033877401-0203-s_lc.fits
231207655,33,tess2020351194500-s0033-0000000231207655-0203-s_lc.fits
140448373,33,tess2020351194500-s0033-0000000140448373-0203-s_lc.fits
234039612,33,tess2020351194500-s0033-0000000234039612-0203-s_lc.fits
294873918,33,tess2020351194500-s0033-0000000294873918-0203-s_lc.fits
237852911,33,tess2020351194500-s0033-0000000237852911-0203-s_lc.fits
242192761,33,tess2020351194500-s0033-0000000242192761-0203-s_lc.fits
141607972,33,tess2020351194500-s0033-0000000141607972-0203-s_lc.fits
29762012,33,tess2020351194500-s0033-0000000029762012-0203-s_lc.fits
364327513,33,tess2020351194500-s0033-0000000364327513-0203-s_lc.fits
382158683,33,tess2020351194500-s0033-0000000382158683-0203-s_lc.fits
55649929,33,tess2020351194500-s0033-0000000055649929-0203-s_lc.fits
333148426,33,tess2020351194500-s0033-0000000333148426-0203-s_lc.fits
130579011,33,tess2020351194500-s0033-0000000130579011-0203-s_lc.fits
279512574,33,tess2020351194500-s0033-0000000279512574-0203-s_lc.fits
52217729,33,tess2020351194500-s0033-0000000052217729-0203-s_lc.fits
25116563,33,tess2020351194500-s0033-0000000025116563-0203-s_lc.fits
292448974,33,tess2020351194500-s0033-0000000292448974-0203-s_lc.fits
71629114,33,tess2020351194500-s0033-0000000071629114-0203-s_lc.fits
167247143,33,tess2020351194500-s0033-0000000167247143-0203-s_lc.fits
271553088,33,tess2020351194500-s0033-0000000271553088-0203-s_lc.fits
172696401,33,tess2020351194500-s0033-0000000172696401-0203-s_lc.fits
260608820,33,tess2020351194500-s0033-0000000260608820-0203-s_lc.fits
46740969,33,tess2020351194500-s0033-0000000046740969-0203-s_lc.fits
34525538,33,tess2020351194500-s0033-0000000034525538-0203-s_lc.fits
80830798,33,tess2020351194500-s0033-0000000080830798-0203-s_lc.fits
177168016,33,tess2020351194500-s0033-0000000177168016-0203-s_lc.fits
64364424,33,tess2020351194500-s0033-0000000064364424-0203-s_lc.fits
231091547,33,tess2020351194500-s0033-0000000231091547-0203-s_lc.fits
130421147,33,tess2020351194500-s0033-0000000130421147-0203-s_lc.fits
10172868,33,tess2020351194500-s0033-0000000010172868-0203-s_lc.fits
279219156,33,tess2020351194500-s0033-0000000279219156-0203-s_lc.fits
369673206,33,tess2020351194500-s0033-0000000369673206-0203-s_lc.fits
37438630,33,tess2020351194500-s0033-0000000037438630-0203-s_lc.fits
150249728,33,tess2020351194500-s0033-0000000150249728-0203-s_lc.fits
317798819,33,tess2020351194500-s0033-0000000317798819-0203-s_lc.fits
293228523,33,tess2020351194500-s0033-0000000293228523-0203-s_lc.fits
220475488,33,tess2020351194500-s0033-0000000220475488-0203-s_lc.fits
386203515,33,tess2020351194500-s0033-0000000386203515-0203-s_lc.fits
201390099,33,tess2020351194500-s0033-0000000201390099-0203-s_lc.fits
374858533,33,tess2020351194500-s0033-0000000374858533-0203-s_lc.fits
167889542,33,tess2020351194500-s0033-0000000167889542-0203-s_lc.fits
374997668,33,tess2020351194500-s0033-0000000374997668-0203-s_lc.fits
235297445,33,tess2020351194500-s0033-0000000235297445-0203-s_lc.fits
130335095,33,tess2020351194500-s0033-0000000130335095-0203-s_lc.fits
32069592,33,tess2020351194500-s0033-0000000032069592-0203-s_lc.fits
281806420,33,tess2020351194500-s0033-0000000281806420-0203-s_lc.fits
141120958,33,tess2020351194500-s0033-0000000141120958-0203-s_lc.fits
306472057,33,tess2020351194500-s0033-0000000306472057-0203-s_lc.fits
251157832,33,tess2020351194500-s0033-0000000251157832-0203-s_lc.fits
290715298,33,tess2020351194500-s0033-0000000290715298-0203-s_lc.fits
20180037,33,tess2020351194500-s0033-0000000020180037-0203-s_lc.fits
79777560,33,tess2020351194500-s0033-0000000079777560-0203-s_lc.fits
117881543,33,tess2020351194500-s0033-0000000117881543-0203-s_lc.fits
167751463,33,tess2020351194500-s0033-0000000167751463-0203-s_lc.fits
231801630,33,tess2020351194500-s0033-0000000231801630-0203-s_lc.fits
124099898,33,tess2020351194500-s0033-0000000124099898-0203-s_lc.fits
232402456,33,tess2020351194500-s0033-0000000232402456-0203-s_lc.fits
33006685,33,tess2020351194500-s0033-0000000033006685-0203-s_lc.fits
229209992,33,tess2020351194500-s0033-0000000229209992-0203-s_lc.fits
157570498,33,tess2020351194500-s0033-0000000157570498-0203-s_lc.fits
386271391,33,tess2020351194500-s0033-0000000386271391-0203-s_lc.fits
176980995,33,tess2020351194500-s0033-0000000176980995-0203-s_lc.fits
293969230,33,tess2020351194500-s0033-0000000293969230-0203-s_lc.fits
393480428,33,tess2020351194500-s0033-0000000393480428-0203-s_lc.fits
220425410,33,tess2020351194500-s0033-0000000220425410-0203-s_lc.fits
292278149,33,tess2020351194500-s0033-0000000292278149-0203-s_lc.fits
150428935,33,tess2020351194500-s0033-0000000150428935-0203-s_lc.fits
97863318,33,tess2020351194500-s0033-0000000097863318-0203-s_lc.fits
258979684,33,tess2020351194500-s0033-0000000258979684-0203-s_lc.fits
167722216,33,tess2020351194500-s0033-0000000167722216-0203-s_lc.fits
280634423,33,tess2020351194500-s0033-0000000280634423-0203-s_lc.fits
176516923,33,tess2020351194500-s0033-0000000176516923-0203-s_lc.fits
31998168,33,tess2020351194500-s0033-0000000031998168-0203-s_lc.fits
272085437,33,tess2020351194500-s0033-0000000272085437-0203-s_lc.fits
49671877,33,tess2020351194500-s0033-0000000049671877-0203-s_lc.fits
80194461,33,tess2020351194500-s0033-0000000080194461-0203-s_lc.fits
150438041,33,tess2020351194500-s0033-0000000150438041-0203-s_lc.fits
24887033,33,tess2020351194500-s0033-0000000024887033-0203-s_lc.fits
66495059,33,tess2020351194500-s0033-0000000066495059-0203-s_lc.fits
237718606,33,tess2020351194500-s0033-0000000237718606-0203-s_lc.fits
67164186,33,tess2020351194500-s0033-0000000067164186-0203-s_lc.fits
235160753,33,tess2020351194500-s0033-0000000235160753-0203-s_lc.fits
761988494,33,tess2020351194500-s0033-0000000761988494-0203-s_lc.fits
89011983,33,tess2020351194500-s0033-0000000089011983-0203-s_lc.fits
143146379,33,tess2020351194500-s0033-0000000143146379-0203-s_lc.fits
264416231,33,tess2020351194500-s0033-0000000264416231-0203-s_lc.fits
220323252,33,tess2020351194500-s0033-0000000220323252-0203-s_lc.fits
235292393,33,tess2020351194500-s0033-0000000235292393-0203-s_lc.fits
149497522,33,tess2020351194500-s0033-0000000149497522-0203-s_lc.fits
421900919,33,tess2020351194500-s0033-0000000421900919-0203-s_lc.fits
300031999,33,tess2020351194500-s0033-0000000300031999-0203-s_lc.fits
375037245,33,tess2020351194500-s0033-0000000375037245-0203-s_lc.fits
21726070,33,tess2020351194500-s0033-0000000021726070-0203-s_lc.fits
158091722,33,tess2020351194500-s0033-0000000158091722-0203-s_lc.fits
140284425,33,tess2020351194500-s0033-0000000140284425-0203-s_lc.fits
758394254,33,tess2020351194500-s0033-0000000758394254-0203-s_lc.fits
59969006,33,tess2020351194500-s0033-0000000059969006-0203-s_lc.fits
59353886,33,tess2020351194500-s0033-0000000059353886-0203-s_lc.fits
234073446,33,tess2020351194500-s0033-0000000234073446-0203-s_lc.fits
292537377,33,tess2020351194500-s0033-0000000292537377-0203-s_lc.fits
192830309,33,tess2020351194500-s0033-0000000192830309-0203-s_lc.fits
364393119,33,tess2020351194500-s0033-0000000364393119-0203-s_lc.fits
37304026,33,tess2020351194500-s0033-0000000037304026-0203-s_lc.fits
389876025,33,tess2020351194500-s0033-0000000389876025-0203-s_lc.fits
41481441,33,tess2020351194500-s0033-0000000041481441-0203-s_lc.fits
468941456,33,tess2020351194500-s0033-0000000468941456-0203-s_lc.fits
707591967,33,tess2020351194500-s0033-0000000707591967-0203-s_lc.fits
255704097,33,tess2020351194500-s0033-0000000255704097-0203-s_lc.fits
220479887,33,tess2020351194500-s0033-0000000220479887-0203-s_lc.fits
247915713,33,tess2020351194500-s0033-0000000247915713-0203-s_lc.fits
125338084,33,tess2020351194500-s0033-0000000125338084-0203-s_lc.fits
364326091,33,tess2020351194500-s0033-0000000364326091-0203-s_lc.fits
231804750,33,tess2020351194500-s0033-0000000231804750-0203-s_lc.fits
387226392,33,tess2020351194500-s0033-0000000387226392-0203-s_lc.fits
415561252,33,tess2020351194500-s0033-0000000415561252-0203-s_lc.fits
372489590,33,tess2020351194500-s0033-0000000372489590-0203-s_lc.fits
404769646,33,tess2020351194500-s0033-0000000404769646-0203-s_lc.fits
167344029,33,tess2020351194500-s0033-0000000167344029-0203-s_lc.fits
284345945,33,tess2020351194500-s0033-0000000284345945-0203-s_lc.fits
149302339,33,tess2020351194500-s0033-0000000149302339-0203-s_lc.fits
22866086,33,tess2020351194500-s0033-0000000022866086-0203-s_lc.fits
62004631,33,tess2020351194500-s0033-0000000062004631-0203-s_lc.fits
65903024,33,tess2020351194500-s0033-0000000065903024-0203-s_lc.fits
39719455,33,tess2020351194500-s0033-0000000039719455-0203-s_lc.fits
270881578,33,tess2020351194500-s0033-0000000270881578-0203-s_lc.fits
373845622,33,tess2020351194500-s0033-0000000373845622-0203-s_lc.fits
340358640,33,tess2020351194500-s0033-0000000340358640-0203-s_lc.fits
409079002,33,tess2020351194500-s0033-0000000409079002-0203-s_lc.fits
55452503,33,tess2020351194500-s0033-0000000055452503-0203-s_lc.fits
320122019,33,tess2020351194500-s0033-0000000320122019-0203-s_lc.fits
80701617,33,tess2020351194500-s0033-0000000080701617-0203-s_lc.fits
53584277,33,tess2020351194500-s0033-0000000053584277-0203-s_lc.fits
93025337,33,tess2020351194500-s0033-0000000093025337-0203-s_lc.fits
55784840,33,tess2020351194500-s0033-0000000055784840-0203-s_lc.fits
143121604,33,tess2020351194500-s0033-0000000143121604-0203-s_lc.fits
167748092,33,tess2020351194500-s0033-0000000167748092-0203-s_lc.fits
32608489,33,tess2020351194500-s0033-0000000032608489-0203-s_lc.fits
238125932,33,tess2020351194500-s0033-0000000238125932-0203-s_lc.fits
124921846,33,tess2020351194500-s0033-0000000124921846-0203-s_lc.fits
234837115,33,tess2020351194500-s0033-0000000234837115-0203-s_lc.fits
148884589,33,tess2020351194500-s0033-0000000148884589-0203-s_lc.fits
293269165,33,tess2020351194500-s0033-0000000293269165-0203-s_lc.fits
346316998,33,tess2020351194500-s0033-0000000346316998-0203-s_lc.fits
263996264,33,tess2020351194500-s0033-0000000263996264-0203-s_lc.fits
339860200,33,tess2020351194500-s0033-0000000339860200-0203-s_lc.fits
219169942,33,tess2020351194500-s0033-0000000219169942-0203-s_lc.fits
156920197,33,tess2020351194500-s0033-0000000156920197-0203-s_lc.fits
280867781,33,tess2020351194500-s0033-0000000280867781-0203-s_lc.fits
404849302,33,tess2020351194500-s0033-0000000404849302-0203-s_lc.fits
255686621,33,tess2020351194500-s0033-0000000255686621-0203-s_lc.fits
207327962,33,tess2020351194500-s0033-0000000207327962-0203-s_lc.fits
61407036,33,tess2020351194500-s0033-0000000061407036-0203-s_lc.fits
96796085,33,tess2020351194500-s0033-0000000096796085-0203-s_lc.fits
393271479,33,tess2020351194500-s0033-0000000393271479-0203-s_lc.fits
382186942,33,tess2020351194500-s0033-0000000382186942-0203-s_lc.fits
176518980,33,tess2020351194500-s0033-0000000176518980-0203-s_lc.fits
156627345,33,tess2020351194500-s0033-0000000156627345-0203-s_lc.fits
284424320,33,tess2020351194500-s0033-0000000284424320-0203-s_lc.fits
266064347,33,tess2020351194500-s0033-0000000266064347-0203-s_lc.fits
141025841,33,tess2020351194500-s0033-0000000141025841-0203-s_lc.fits
118712518,33,tess2020351194500-s0033-0000000118712518-0203-s_lc.fits
220436863,33,tess2020351194500-s0033-0000000220436863-0203-s_lc.fits
771858992,33,tess2020351194500-s0033-0000000771858992-0203-s_lc.fits
319558582,33,tess2020351194500-s0033-0000000319558582-0203-s_lc.fits
746676129,33,tess2020351194500-s0033-0000000746676129-0203-s_lc.fits
150441800,33,tess2020351194500-s0033-0000000150441800-0203-s_lc.fits
261138068,33,tess2020351194500-s0033-0000000261138068-0203-s_lc.fits
141768070,33,tess2020351194500-s0033-0000000141768070-0203-s_lc.fits
255685191,33,tess2020351194500-s0033-0000000255685191-0203-s_lc.fits
287722289,33,tess2020351194500-s0033-0000000287722289-0203-s_lc.fits
443317261,33,tess2020351194500-s0033-0000000443317261-0203-s_lc.fits
151361467,33,tess2020351194500-s0033-0000000151361467-0203-s_lc.fits
119231691,33,tess2020351194500-s0033-0000000119231691-0203-s_lc.fits
167896870,33,tess2020351194500-s0033-0000000167896870-0203-s_lc.fits
179159320,33,tess2020351194500-s0033-0000000179159320-0203-s_lc.fits
71790712,33,tess2020351194500-s0033-0000000071790712-0203-s_lc.fits
148035353,33,tess2020351194500-s0033-0000000148035353-0203-s_lc.fits
409011538,33,tess2020351194500-s0033-0000000409011538-0203-s_lc.fits
156571470,33,tess2020351194500-s0033-0000000156571470-0203-s_lc.fits
150068381,33,tess2020351194500-s0033-0000000150068381-0203-s_lc.fits
219399142,33,tess2020351194500-s0033-0000000219399142-0203-s_lc.fits
237594821,33,tess2020351194500-s0033-0000000237594821-0203-s_lc.fits
32001057,33,tess2020351194500-s0033-0000000032001057-0203-s_lc.fits
150302230,33,tess2020351194500-s0033-0000000150302230-0203-s_lc.fits
271810430,33,tess2020351194500-s0033-0000000271810430-0203-s_lc.fits
284344410,33,tess2020351194500-s0033-0000000284344410-0203-s_lc.fits
287330947,33,tess2020351194500-s0033-0000000287330947-0203-s_lc.fits
178112011,33,tess2020351194500-s0033-0000000178112011-0203-s_lc.fits
461699305,33,tess2020351194500-s0033-0000000461699305-0203-s_lc.fits
156912113,33,tess2020351194500-s0033-0000000156912113-0203-s_lc.fits
393298428,33,tess2020351194500-s0033-0000000393298428-0203-s_lc.fits
177080030,33,tess2020351194500-s0033-0000000177080030-0203-s_lc.fits
306512799,33,tess2020351194500-s0033-0000000306512799-0203-s_lc.fits
150030323,33,tess2020351194500-s0033-0000000150030323-0203-s_lc.fits
35581489,33,tess2020351194500-s0033-0000000035581489-0203-s_lc.fits
177590177,33,tess2020351194500-s0033-0000000177590177-0203-s_lc.fits
64210584,33,tess2020351194500-s0033-0000000064210584-0203-s_lc.fits
63358714,33,tess2020351194500-s0033-0000000063358714-0203-s_lc.fits
153543500,33,tess2020351194500-s0033-0000000153543500-0203-s_lc.fits
64355676,33,tess2020351194500-s0033-0000000064355676-0203-s_lc.fits
64789187,33,tess2020351194500-s0033-0000000064789187-0203-s_lc.fits
343963409,33,tess2020351194500-s0033-0000000343963409-0203-s_lc.fits
172467026,33,tess2020351194500-s0033-0000000172467026-0203-s_lc.fits
391947542,33,tess2020351194500-s0033-0000000391947542-0203-s_lc.fits
278731026,33,tess2020351194500-s0033-0000000278731026-0203-s_lc.fits
22766106,33,tess2020351194500-s0033-0000000022766106-0203-s_lc.fits
97709241,33,tess2020351194500-s0033-0000000097709241-0203-s_lc.fits
294399641,33,tess2020351194500-s0033-0000000294399641-0203-s_lc.fits
271973774,33,tess2020351194500-s0033-0000000271973774-0203-s_lc.fits
453104619,33,tess2020351194500-s0033-0000000453104619-0203-s_lc.fits
124807364,33,tess2020351194500-s0033-0000000124807364-0203-s_lc.fits
284347471,33,tess2020351194500-s0033-0000000284347471-0203-s_lc.fits
350146388,33,tess2020351194500-s0033-0000000350146388-0203-s_lc.fits
97968828,33,tess2020351194500-s0033-0000000097968828-0203-s_lc.fits
250593544,33,tess2020351194500-s0033-0000000250593544-0203-s_lc.fits
148228019,33,tess2020351194500-s0033-0000000148228019-0203-s_lc.fits
173084211,33,tess2020351194500-s0033-0000000173084211-0203-s_lc.fits
30038422,33,tess2020351194500-s0033-0000000030038422-0203-s_lc.fits
283091451,33,tess2020351194500-s0033-0000000283091451-0203-s_lc.fits
177807299,33,tess2020351194500-s0033-0000000177807299-0203-s_lc.fits
358403148,33,tess2020351194500-s0033-0000000358403148-0203-s_lc.fits
32543519,33,tess2020351194500-s0033-0000000032543519-0203-s_lc.fits
452375478,33,tess2020351194500-s0033-0000000452375478-0203-s_lc.fits
177214476,33,tess2020351194500-s0033-0000000177214476-0203-s_lc.fits
237658345,33,tess2020351194500-s0033-0000000237658345-0203-s_lc.fits
170161335,33,tess2020351194500-s0033-0000000170161335-0203-s_lc.fits
349273158,33,tess2020351194500-s0033-0000000349273158-0203-s_lc.fits
350559447,33,tess2020351194500-s0033-0000000350559447-0203-s_lc.fits
282715266,33,tess2020351194500-s0033-0000000282715266-0203-s_lc.fits
391903064,33,tess2020351194500-s0033-0000000391903064-0203-s_lc.fits
148883092,33,tess2020351194500-s0033-0000000148883092-0203-s_lc.fits
339730551,33,tess2020351194500-s0033-0000000339730551-0203-s_lc.fits
293690593,33,tess2020351194500-s0033-0000000293690593-0203-s_lc.fits
177282306,33,tess2020351194500-s0033-0000000177282306-0203-s_lc.fits
220028361,33,tess2020351194500-s0033-0000000220028361-0203-s_lc.fits
300163917,33,tess2020351194500-s0033-0000000300163917-0203-s_lc.fits
220476416,33,tess2020351194500-s0033-0000000220476416-0203-s_lc.fits
299899313,33,tess2020351194500-s0033-0000000299899313-0203-s_lc.fits
294047970,33,tess2020351194500-s0033-0000000294047970-0203-s_lc.fits
178573183,33,tess2020351194500-s0033-0000000178573183-0203-s_lc.fits
96590494,33,tess2020351194500-s0033-0000000096590494-0203-s_lc.fits
37599544,33,tess2020351194500-s0033-0000000037599544-0203-s_lc.fits
278895597,33,tess2020351194500-s0033-0000000278895597-0203-s_lc.fits
140891597,33,tess2020351194500-s0033-0000000140891597-0203-s_lc.fits
380024477,33,tess2020351194500-s0033-0000000380024477-0203-s_lc.fits
260541852,33,tess2020351194500-s0033-0000000260541852-0203-s_lc.fits
350623126,33,tess2020351194500-s0033-0000000350623126-0203-s_lc.fits
219381430,33,tess2020351194500-s0033-0000000219381430-0203-s_lc.fits
32681441,33,tess2020351194500-s0033-0000000032681441-0203-s_lc.fits
317804295,33,tess2020351194500-s0033-0000000317804295-0203-s_lc.fits
762692445,33,tess2020351194500-s0033-0000000762692445-0203-s_lc.fits
23299491,33,tess2020351194500-s0033-0000000023299491-0203-s_lc.fits
100609005,33,tess2020351194500-s0033-0000000100609005-0203-s_lc.fits
11756637,33,tess2020351194500-s0033-0000000011756637-0203-s_lc.fits
232332299,33,tess2020351194500-s0033-0000000232332299-0203-s_lc.fits
141757294,33,tess2020351194500-s0033-0000000141757294-0203-s_lc.fits
387278923,33,tess2020351194500-s0033-0000000387278923-0203-s_lc.fits
234927025,33,tess2020351194500-s0033-0000000234927025-0203-s_lc.fits
280222654,33,tess2020351194500-s0033-0000000280222654-0203-s_lc.fits
300291066,33,tess2020351194500-s0033-0000000300291066-0203-s_lc.fits
391927456,33,tess2020351194500-s0033-0000000391927456-0203-s_lc.fits
34266833,33,tess2020351194500-s0033-0000000034266833-0203-s_lc.fits
157242516,33,tess2020351194500-s0033-0000000157242516-0203-s_lc.fits
99928539,33,tess2020351194500-s0033-0000000099928539-0203-s_lc.fits
140798318,33,tess2020351194500-s0033-0000000140798318-0203-s_lc.fits
55741025,33,tess2020351194500-s0033-0000000055741025-0203-s_lc.fits
67265593,33,tess2020351194500-s0033-0000000067265593-0203-s_lc.fits
95053739,33,tess2020351194500-s0033-0000000095053739-0203-s_lc.fits
320026096,33,tess2020351194500-s0033-0000000320026096-0203-s_lc.fits
156915408,33,tess2020351194500-s0033-0000000156915408-0203-s_lc.fits
438287660,33,tess2020351194500-s0033-0000000438287660-0203-s_lc.fits
148302247,33,tess2020351194500-s0033-0000000148302247-0203-s_lc.fits
147305496,33,tess2020351194500-s0033-0000000147305496-0203-s_lc.fits
350841707,33,tess2020351194500-s0033-0000000350841707-0203-s_lc.fits
124777954,33,tess2020351194500-s0033-0000000124777954-0203-s_lc.fits
300290097,33,tess2020351194500-s0033-0000000300290097-0203-s_lc.fits
81743460,33,tess2020351194500-s0033-0000000081743460-0203-s_lc.fits
250466958,33,tess2020351194500-s0033-0000000250466958-0203-s_lc.fits
98548145,33,tess2020351194500-s0033-0000000098548145-0203-s_lc.fits
206654088,33,tess2020351194500-s0033-0000000206654088-0203-s_lc.fits
80462997,33,tess2020351194500-s0033-0000000080462997-0203-s_lc.fits
177034616,33,tess2020351194500-s0033-0000000177034616-0203-s_lc.fits
141770198,33,tess2020351194500-s0033-0000000141770198-0203-s_lc.fits
349153755,33,tess2020351194500-s0033-0000000349153755-0203-s_lc.fits
30317282,33,tess2020351194500-s0033-0000000030317282-0203-s_lc.fits
168431513,33,tess2020351194500-s0033-0000000168431513-0203-s_lc.fits
192834139,33,tess2020351194500-s0033-0000000192834139-0203-s_lc.fits
348844800,33,tess2020351194500-s0033-0000000348844800-0203-s_lc.fits
206844439,33,tess2020351194500-s0033-0000000206844439-0203-s_lc.fits
434382502,33,tess2020351194500-s0033-0000000434382502-0203-s_lc.fits
300159082,33,tess2020351194500-s0033-0000000300159082-0203-s_lc.fits
150430837,33,tess2020351194500-s0033-0000000150430837-0203-s_lc.fits
290988812,33,tess2020351194500-s0033-0000000290988812-0203-s_lc.fits
63195603,33,tess2020351194500-s0033-0000000063195603-0203-s_lc.fits
386494520,33,tess2020351194500-s0033-0000000386494520-0203-s_lc.fits
53072092,33,tess2020351194500-s0033-0000000053072092-0203-s_lc.fits
709798250,33,tess2020351194500-s0033-0000000709798250-0203-s_lc.fits
231735723,33,tess2020351194500-s0033-0000000231735723-0203-s_lc.fits
165149397,33,tess2020351194500-s0033-0000000165149397-0203-s_lc.fits
270474668,33,tess2020351194500-s0033-0000000270474668-0203-s_lc.fits
21504987,33,tess2020351194500-s0033-0000000021504987-0203-s_lc.fits
385676511,33,tess2020351194500-s0033-0000000385676511-0203-s_lc.fits
237702045,33,tess2020351194500-s0033-0000000237702045-0203-s_lc.fits
290715364,33,tess2020351194500-s0033-0000000290715364-0203-s_lc.fits
38022836,33,tess2020351194500-s0033-0000000038022836-0203-s_lc.fits
143095206,33,tess2020351194500-s0033-0000000143095206-0203-s_lc.fits
268866599,33,tess2020351194500-s0033-0000000268866599-0203-s_lc.fits
52807213,33,tess2020351194500-s0033-0000000052807213-0203-s_lc.fits
706700566,33,tess2020351194500-s0033-0000000706700566-0203-s_lc.fits
59973418,33,tess2020351194500-s0033-0000000059973418-0203-s_lc.fits
307035635,33,tess2020351194500-s0033-0000000307035635-0203-s_lc.fits
31189964,33,tess2020351194500-s0033-0000000031189964-0203-s_lc.fits
287323695,33,tess2020351194500-s0033-0000000287323695-0203-s_lc.fits
393268174,33,tess2020351194500-s0033-0000000393268174-0203-s_lc.fits
167747760,33,tess2020351194500-s0033-0000000167747760-0203-s_lc.fits
350766012,33,tess2020351194500-s0033-0000000350766012-0203-s_lc.fits
219148601,33,tess2020351194500-s0033-0000000219148601-0203-s_lc.fits
264313077,33,tess2020351194500-s0033-0000000264313077-0203-s_lc.fits
72098057,33,tess2020351194500-s0033-0000000072098057-0203-s_lc.fits
151588885,33,tess2020351194500-s0033-0000000151588885-0203-s_lc.fits
48541963,33,tess2020351194500-s0033-0000000048541963-0203-s_lc.fits
219173413,33,tess2020351194500-s0033-0000000219173413-0203-s_lc.fits
300448520,33,tess2020351194500-s0033-0000000300448520-0203-s_lc.fits
220479668,33,tess2020351194500-s0033-0000000220479668-0203-s_lc.fits
235061233,33,tess2020351194500-s0033-0000000235061233-0203-s_lc.fits
364395234,33,tess2020351194500-s0033-0000000364395234-0203-s_lc.fits
140444642,33,tess2020351194500-s0033-0000000140444642-0203-s_lc.fits
180946249,33,tess2020351194500-s0033-0000000180946249-0203-s_lc.fits
124328800,33,tess2020351194500-s0033-0000000124328800-0203-s_lc.fits
26592780,33,tess2020351194500-s0033-0000000026592780-0203-s_lc.fits
780779662,33,tess2020351194500-s0033-0000000780779662-0203-s_lc.fits
149630160,33,tess2020351194500-s0033-0000000149630160-0203-s_lc.fits
25584896,33,tess2020351194500-s0033-0000000025584896-0203-s_lc.fits
32152605,33,tess2020351194500-s0033-0000000032152605-0203-s_lc.fits
232421746,33,tess2020351194500-s0033-0000000232421746-0203-s_lc.fits
241992560,33,tess2020351194500-s0033-0000000241992560-0203-s_lc.fits
130650229,33,tess2020351194500-s0033-0000000130650229-0203-s_lc.fits
372617222,33,tess2020351194500-s0033-0000000372617222-0203-s_lc.fits
220315418,33,tess2020351194500-s0033-0000000220315418-0203-s_lc.fits
32949762,33,tess2020351194500-s0033-0000000032949762-0203-s_lc.fits
79136279,33,tess2020351194500-s0033-0000000079136279-0203-s_lc.fits
234215868,33,tess2020351194500-s0033-0000000234215868-0203-s_lc.fits
370038895,33,tess2020351194500-s0033-0000000370038895-0203-s_lc.fits
60410830,33,tess2020351194500-s0033-0000000060410830-0203-s_lc.fits
144516734,33,tess2020351194500-s0033-0000000144516734-0203-s_lc.fits
737658853,33,tess2020351194500-s0033-0000000737658853-0203-s_lc.fits
149475559,33,tess2020351194500-s0033-0000000149475559-0203-s_lc.fits
425057879,33,tess2020351194500-s0033-0000000425057879-0203-s_lc.fits
350094361,33,tess2020351194500-s0033-0000000350094361-0203-s_lc.fits
260502294,33,tess2020351194500-s0033-0000000260502294-0203-s_lc.fits
33370510,33,tess2020351194500-s0033-0000000033370510-0203-s_lc.fits
409384325,33,tess2020351194500-s0033-0000000409384325-0203-s_lc.fits
220614737,33,tess2020351194500-s0033-0000000220614737-0203-s_lc.fits
119332873,33,tess2020351194500-s0033-0000000119332873-0203-s_lc.fits
229208912,33,tess2020351194500-s0033-0000000229208912-0203-s_lc.fits
95418016,33,tess2020351194500-s0033-0000000095418016-0203-s_lc.fits
231736356,33,tess2020351194500-s0033-0000000231736356-0203-s_lc.fits
386527772,33,tess2020351194500-s0033-0000000386527772-0203-s_lc.fits
120538473,33,tess2020351194500-s0033-0000000120538473-0203-s_lc.fits
149445159,33,tess2020351194500-s0033-0000000149445159-0203-s_lc.fits
443124374,33,tess2020351194500-s0033-0000000443124374-0203-s_lc.fits
349095149,33,tess2020351194500-s0033-0000000349095149-0203-s_lc.fits
271550749,33,tess2020351194500-s0033-0000000271550749-0203-s_lc.fits
231074032,33,tess2020351194500-s0033-0000000231074032-0203-s_lc.fits
207245989,33,tess2020351194500-s0033-0000000207245989-0203-s_lc.fits
232449809,33,tess2020351194500-s0033-0000000232449809-0203-s_lc.fits
375033506,33,tess2020351194500-s0033-0000000375033506-0203-s_lc.fits
167724214,33,tess2020351194500-s0033-0000000167724214-0203-s_lc.fits
279479997,33,tess2020351194500-s0033-0000000279479997-0203-s_lc.fits
123979754,33,tess2020351194500-s0033-0000000123979754-0203-s_lc.fits
220427721,33,tess2020351194500-s0033-0000000220427721-0203-s_lc.fits
144502312,33,tess2020351194500-s0033-0000000144502312-0203-s_lc.fits
233975064,33,tess2020351194500-s0033-0000000233975064-0203-s_lc.fits
39418819,33,tess2020351194500-s0033-0000000039418819-0203-s_lc.fits
737578901,33,tess2020351194500-s0033-0000000737578901-0203-s_lc.fits
264687449,33,tess2020351194500-s0033-0000000264687449-0203-s_lc.fits
95401645,33,tess2020351194500-s0033-0000000095401645-0203-s_lc.fits
408973154,33,tess2020351194500-s0033-0000000408973154-0203-s_lc.fits
37354679,33,tess2020351194500-s0033-0000000037354679-0203-s_lc.fits
364538492,33,tess2020351194500-s0033-0000000364538492-0203-s_lc.fits
247872273,33,tess2020351194500-s0033-0000000247872273-0203-s_lc.fits
279510595,33,tess2020351194500-s0033-0000000279510595-0203-s_lc.fits
260078030,33,tess2020351194500-s0033-0000000260078030-0203-s_lc.fits
220338578,33,tess2020351194500-s0033-0000000220338578-0203-s_lc.fits
270714766,33,tess2020351194500-s0033-0000000270714766-0203-s_lc.fits
100679966,33,tess2020351194500-s0033-0000000100679966-0203-s_lc.fits
139585680,33,tess2020351194500-s0033-0000000139585680-0203-s_lc.fits
96861686,33,tess2020351194500-s0033-0000000096861686-0203-s_lc.fits
231207850,33,tess2020351194500-s0033-0000000231207850-0203-s_lc.fits
255702623,33,tess2020351194500-s0033-0000000255702623-0203-s_lc.fits
141480394,33,tess2020351194500-s0033-0000000141480394-0203-s_lc.fits
231315609,33,tess2020351194500-s0033-0000000231315609-0203-s_lc.fits
34192032,33,tess2020351194500-s0033-0000000034192032-0203-s_lc.fits
93441465,33,tess2020351194500-s0033-0000000093441465-0203-s_lc.fits
235069785,33,tess2020351194500-s0033-0000000235069785-0203-s_lc.fits
172928992,33,tess2020351194500-s0033-0000000172928992-0203-s_lc.fits
300290824,33,tess2020351194500-s0033-0000000300290824-0203-s_lc.fits
387693883,33,tess2020351194500-s0033-0000000387693883-0203-s_lc.fits
206999723,33,tess2020351194500-s0033-0000000206999723-0203-s_lc.fits
150439289,33,tess2020351194500-s0033-0000000150439289-0203-s_lc.fits
52049813,33,tess2020351194500-s0033-0000000052049813-0203-s_lc.fits
158071825,33,tess2020351194500-s0033-0000000158071825-0203-s_lc.fits
106411436,33,tess2020351194500-s0033-0000000106411436-0203-s_lc.fits
282708211,33,tess2020351194500-s0033-0000000282708211-0203-s_lc.fits
149157103,33,tess2020351194500-s0033-0000000149157103-0203-s_lc.fits
735017421,33,tess2020351194500-s0033-0000000735017421-0203-s_lc.fits
201388003,33,tess2020351194500-s0033-0000000201388003-0203-s_lc.fits
219398128,33,tess2020351194500-s0033-0000000219398128-0203-s_lc.fits
391809264,33,tess2020351194500-s0033-0000000391809264-0203-s_lc.fits
350843318,33,tess2020351194500-s0033-0000000350843318-0203-s_lc.fits
295270860,33,tess2020351194500-s0033-0000000295270860-0203-s_lc.fits
284232145,33,tess2020351194500-s0033-0000000284232145-0203-s_lc.fits
260002962,33,tess2020351194500-s0033-0000000260002962-0203-s_lc.fits
167696766,33,tess2020351194500-s0033-0000000167696766-0203-s_lc.fits
124938177,33,tess2020351194500-s0033-0000000124938177-0203-s_lc.fits
100508629,33,tess2020351194500-s0033-0000000100508629-0203-s_lc.fits
261948542,33,tess2020351194500-s0033-0000000261948542-0203-s_lc.fits
282913776,33,tess2020351194500-s0033-0000000282913776-0203-s_lc.fits
140889223,33,tess2020351194500-s0033-0000000140889223-0203-s_lc.fits
153126173,33,tess2020351194500-s0033-0000000153126173-0203-s_lc.fits
737492561,33,tess2020351194500-s0033-0000000737492561-0203-s_lc.fits
234812710,33,tess2020351194500-s0033-0000000234812710-0203-s_lc.fits
35241809,33,tess2020351194500-s0033-0000000035241809-0203-s_lc.fits
306480571,33,tess2020351194500-s0033-0000000306480571-0203-s_lc.fits
235297990,33,tess2020351194500-s0033-0000000235297990-0203-s_lc.fits
63571394,33,tess2020351194500-s0033-0000000063571394-0203-s_lc.fits
279513639,33,tess2020351194500-s0033-0000000279513639-0203-s_lc.fits
63306493,33,tess2020351194500-s0033-0000000063306493-0203-s_lc.fits
388107335,33,tess2020351194500-s0033-0000000388107335-0203-s_lc.fits
100530383,33,tess2020351194500-s0033-0000000100530383-0203-s_lc.fits
149216024,33,tess2020351194500-s0033-0000000149216024-0203-s_lc.fits
437980604,33,tess2020351194500-s0033-0000000437980604-0203-s_lc.fits
272232884,33,tess2020351194500-s0033-0000000272232884-0203-s_lc.fits
409682744,33,tess2020351194500-s0033-0000000409682744-0203-s_lc.fits
317950211,33,tess2020351194500-s0033-0000000317950211-0203-s_lc.fits
25704966,33,tess2020351194500-s0033-0000000025704966-0203-s_lc.fits
124021321,33,tess2020351194500-s0033-0000000124021321-0203-s_lc.fits
438486862,33,tess2020351194500-s0033-0000000438486862-0203-s_lc.fits
31006657,33,tess2020351194500-s0033-0000000031006657-0203-s_lc.fits
201373582,33,tess2020351194500-s0033-0000000201373582-0203-s_lc.fits
150150095,33,tess2020351194500-s0033-0000000150150095-0203-s_lc.fits
55558686,33,tess2020351194500-s0033-0000000055558686-0203-s_lc.fits
97929263,33,tess2020351194500-s0033-0000000097929263-0203-s_lc.fits
453096328,33,tess2020351194500-s0033-0000000453096328-0203-s_lc.fits
55271891,33,tess2020351194500-s0033-0000000055271891-0203-s_lc.fits
140580717,33,tess2020351194500-s0033-0000000140580717-0203-s_lc.fits
319434361,33,tess2020351194500-s0033-0000000319434361-0203-s_lc.fits
30940692,33,tess2020351194500-s0033-0000000030940692-0203-s_lc.fits
235048621,33,tess2020351194500-s0033-0000000235048621-0203-s_lc.fits
140600147,33,tess2020351194500-s0033-0000000140600147-0203-s_lc.fits
176935871,33,tess2020351194500-s0033-0000000176935871-0203-s_lc.fits
280302032,33,tess2020351194500-s0033-0000000280302032-0203-s_lc.fits
241986712,33,tess2020351194500-s0033-0000000241986712-0203-s_lc.fits
168264821,33,tess2020351194500-s0033-0000000168264821-0203-s_lc.fits
442993533,33,tess2020351194500-s0033-0000000442993533-0203-s_lc.fits
350620788,33,tess2020351194500-s0033-0000000350620788-0203-s_lc.fits
385816845,33,tess2020351194500-s0033-0000000385816845-0203-s_lc.fits
22599110,33,tess2020351194500-s0033-0000000022599110-0203-s_lc.fits
93334206,33,tess2020351194500-s0033-0000000093334206-0203-s_lc.fits
340174734,33,tess2020351194500-s0033-0000000340174734-0203-s_lc.fits
111321662,33,tess2020351194500-s0033-0000000111321662-0203-s_lc.fits
93334213,33,tess2020351194500-s0033-0000000093334213-0203-s_lc.fits
167551845,33,tess2020351194500-s0033-0000000167551845-0203-s_lc.fits
48459399,33,tess2020351194500-s0033-0000000048459399-0203-s_lc.fits
38876195,33,tess2020351194500-s0033-0000000038876195-0203-s_lc.fits
102453851,33,tess2020351194500-s0033-0000000102453851-0203-s_lc.fits
276934673,33,tess2020351194500-s0033-0000000276934673-0203-s_lc.fits
150356509,33,tess2020351194500-s0033-0000000150356509-0203-s_lc.fits
148126291,33,tess2020351194500-s0033-0000000148126291-0203-s_lc.fits
79536612,33,tess2020351194500-s0033-0000000079536612-0203-s_lc.fits
14614034,33,tess2020351194500-s0033-0000000014614034-0203-s_lc.fits
7324319,33,tess2020351194500-s0033-0000000007324319-0203-s_lc.fits
234760821,33,tess2020351194500-s0033-0000000234760821-0203-s_lc.fits
37121829,33,tess2020351194500-s0033-0000000037121829-0203-s_lc.fits
177210406,33,tess2020351194500-s0033-0000000177210406-0203-s_lc.fits
141976247,33,tess2020351194500-s0033-0000000141976247-0203-s_lc.fits
220394953,33,tess2020351194500-s0033-0000000220394953-0203-s_lc.fits
438519204,33,tess2020351194500-s0033-0000000438519204-0203-s_lc.fits
260708591,33,tess2020351194500-s0033-0000000260708591-0203-s_lc.fits
123572311,33,tess2020351194500-s0033-0000000123572311-0203-s_lc.fits
220105906,33,tess2020351194500-s0033-0000000220105906-0203-s_lc.fits
349765573,33,tess2020351194500-s0033-0000000349765573-0203-s_lc.fits
284330660,33,tess2020351194500-s0033-0000000284330660-0203-s_lc.fits
317953805,33,tess2020351194500-s0033-0000000317953805-0203-s_lc.fits
96391732,33,tess2020351194500-s0033-0000000096391732-0203-s_lc.fits
350146296,33,tess2020351194500-s0033-0000000350146296-0203-s_lc.fits
167572319,33,tess2020351194500-s0033-0000000167572319-0203-s_lc.fits
176957781,33,tess2020351194500-s0033-0000000176957781-0203-s_lc.fits
156753710,33,tess2020351194500-s0033-0000000156753710-0203-s_lc.fits
445582207,33,tess2020351194500-s0033-0000000445582207-0203-s_lc.fits
26586856,33,tess2020351194500-s0033-0000000026586856-0203-s_lc.fits
93279393,33,tess2020351194500-s0033-0000000093279393-0203-s_lc.fits
123925685,33,tess2020351194500-s0033-0000000123925685-0203-s_lc.fits
153544088,33,tess2020351194500-s0033-0000000153544088-0203-s_lc.fits
382199409,33,tess2020351194500-s0033-0000000382199409-0203-s_lc.fits
59944092,33,tess2020351194500-s0033-0000000059944092-0203-s_lc.fits
106411277,33,tess2020351194500-s0033-0000000106411277-0203-s_lc.fits
141028962,33,tess2020351194500-s0033-0000000141028962-0203-s_lc.fits
291338559,33,tess2020351194500-s0033-0000000291338559-0203-s_lc.fits
53417066,33,tess2020351194500-s0033-0000000053417066-0203-s_lc.fits
97577574,33,tess2020351194500-s0033-0000000097577574-0203-s_lc.fits
232394327,33,tess2020351194500-s0033-0000000232394327-0203-s_lc.fits
119288496,33,tess2020351194500-s0033-0000000119288496-0203-s_lc.fits
134289548,33,tess2020351194500-s0033-0000000134289548-0203-s_lc.fits
170101576,33,tess2020351194500-s0033-0000000170101576-0203-s_lc.fits
176766964,33,tess2020351194500-s0033-0000000176766964-0203-s_lc.fits
762758612,33,tess2020351194500-s0033-0000000762758612-0203-s_lc.fits
60117488,33,tess2020351194500-s0033-0000000060117488-0203-s_lc.fits
382042374,33,tess2020351194500-s0033-0000000382042374-0203-s_lc.fits
148341889,33,tess2020351194500-s0033-0000000148341889-0203-s_lc.fits
140609648,33,tess2020351194500-s0033-0000000140609648-0203-s_lc.fits
260041957,33,tess2020351194500-s0033-0000000260041957-0203-s_lc.fits
37001895,33,tess2020351194500-s0033-0000000037001895-0203-s_lc.fits
350025862,33,tess2020351194500-s0033-0000000350025862-0203-s_lc.fits
281539102,33,tess2020351194500-s0033-0000000281539102-0203-s_lc.fits
93098876,33,tess2020351194500-s0033-0000000093098876-0203-s_lc.fits
59349121,33,tess2020351194500-s0033-0000000059349121-0203-s_lc.fits
93420011,33,tess2020351194500-s0033-0000000093420011-0203-s_lc.fits
220478684,33,tess2020351194500-s0033-0000000220478684-0203-s_lc.fits
38608850,33,tess2020351194500-s0033-0000000038608850-0203-s_lc.fits
99619687,33,tess2020351194500-s0033-0000000099619687-0203-s_lc.fits
277298891,33,tess2020351194500-s0033-0000000277298891-0203-s_lc.fits
55369263,33,tess2020351194500-s0033-0000000055369263-0203-s_lc.fits
382043390,33,tess2020351194500-s0033-0000000382043390-0203-s_lc.fits
11690120,33,tess2020351194500-s0033-0000000011690120-0203-s_lc.fits
349057402,33,tess2020351194500-s0033-0000000349057402-0203-s_lc.fits
167723306,33,tess2020351194500-s0033-0000000167723306-0203-s_lc.fits
123976268,33,tess2020351194500-s0033-0000000123976268-0203-s_lc.fits
350345319,33,tess2020351194500-s0033-0000000350345319-0203-s_lc.fits
177332803,33,tess2020351194500-s0033-0000000177332803-0203-s_lc.fits
271553735,33,tess2020351194500-s0033-0000000271553735-0203-s_lc.fits
292707457,33,tess2020351194500-s0033-0000000292707457-0203-s_lc.fits
49702462,33,tess2020351194500-s0033-0000000049702462-0203-s_lc.fits
89011862,33,tess2020351194500-s0033-0000000089011862-0203-s_lc.fits
192829050,33,tess2020351194500-s0033-0000000192829050-0203-s_lc.fits
21713827,33,tess2020351194500-s0033-0000000021713827-0203-s_lc.fits
220616236,33,tess2020351194500-s0033-0000000220616236-0203-s_lc.fits
290655748,33,tess2020351194500-s0033-0000000290655748-0203-s_lc.fits
299941489,33,tess2020351194500-s0033-0000000299941489-0203-s_lc.fits
59352983,33,tess2020351194500-s0033-0000000059352983-0203-s_lc.fits
344134427,33,tess2020351194500-s0033-0000000344134427-0203-s_lc.fits
60353040,33,tess2020351194500-s0033-0000000060353040-0203-s_lc.fits
33878688,33,tess2020351194500-s0033-0000000033878688-0203-s_lc.fits
48524451,33,tess2020351194500-s0033-0000000048524451-0203-s_lc.fits
708862596,33,tess2020351194500-s0033-0000000708862596-0203-s_lc.fits
32701881,33,tess2020351194500-s0033-0000000032701881-0203-s_lc.fits
79939951,33,tess2020351194500-s0033-0000000079939951-0203-s_lc.fits
134199583,33,tess2020351194500-s0033-0000000134199583-0203-s_lc.fits
369524037,33,tess2020351194500-s0033-0000000369524037-0203-s_lc.fits
168528331,33,tess2020351194500-s0033-0000000168528331-0203-s_lc.fits
148936840,33,tess2020351194500-s0033-0000000148936840-0203-s_lc.fits
350622144,33,tess2020351194500-s0033-0000000350622144-0203-s_lc.fits
12043582,33,tess2020351194500-s0033-0000000012043582-0203-s_lc.fits
264695400,33,tess2020351194500-s0033-0000000264695400-0203-s_lc.fits
453168096,33,tess2020351194500-s0033-0000000453168096-0203-s_lc.fits
219409326,33,tess2020351194500-s0033-0000000219409326-0203-s_lc.fits
235220895,33,tess2020351194500-s0033-0000000235220895-0203-s_lc.fits
344027162,33,tess2020351194500-s0033-0000000344027162-0203-s_lc.fits
33550619,33,tess2020351194500-s0033-0000000033550619-0203-s_lc.fits
265261439,33,tess2020351194500-s0033-0000000265261439-0203-s_lc.fits
156755902,33,tess2020351194500-s0033-0000000156755902-0203-s_lc.fits
119849812,33,tess2020351194500-s0033-0000000119849812-0203-s_lc.fits
349307344,33,tess2020351194500-s0033-0000000349307344-0203-s_lc.fits
97162204,33,tess2020351194500-s0033-0000000097162204-0203-s_lc.fits
287354186,33,tess2020351194500-s0033-0000000287354186-0203-s_lc.fits
443450590,33,tess2020351194500-s0033-0000000443450590-0203-s_lc.fits
300970568,33,tess2020351194500-s0033-0000000300970568-0203-s_lc.fits
317583904,33,tess2020351194500-s0033-0000000317583904-0203-s_lc.fits
317762778,33,tess2020351194500-s0033-0000000317762778-0203-s_lc.fits
66599481,33,tess2020351194500-s0033-0000000066599481-0203-s_lc.fits
21618270,33,tess2020351194500-s0033-0000000021618270-0203-s_lc.fits
14367412,33,tess2020351194500-s0033-0000000014367412-0203-s_lc.fits
150359260,33,tess2020351194500-s0033-0000000150359260-0203-s_lc.fits
33878971,33,tess2020351194500-s0033-0000000033878971-0203-s_lc.fits
48099475,33,tess2020351194500-s0033-0000000048099475-0203-s_lc.fits
453123341,33,tess2020351194500-s0033-0000000453123341-0203-s_lc.fits
263295374,33,tess2020351194500-s0033-0000000263295374-0203-s_lc.fits
100776586,33,tess2020351194500-s0033-0000000100776586-0203-s_lc.fits
265616920,33,tess2020351194500-s0033-0000000265616920-0203-s_lc.fits
93126844,33,tess2020351194500-s0033-0000000093126844-0203-s_lc.fits
255560654,33,tess2020351194500-s0033-0000000255560654-0203-s_lc.fits
176762992,33,tess2020351194500-s0033-0000000176762992-0203-s_lc.fits
453121648,33,tess2020351194500-s0033-0000000453121648-0203-s_lc.fits
30409022,33,tess2020351194500-s0033-0000000030409022-0203-s_lc.fits
278901711,33,tess2020351194500-s0033-0000000278901711-0203-s_lc.fits
119375098,33,tess2020351194500-s0033-0000000119375098-0203-s_lc.fits
160377835,33,tess2020351194500-s0033-0000000160377835-0203-s_lc.fits
149502950,33,tess2020351194500-s0033-0000000149502950-0203-s_lc.fits
219152539,33,tess2020351194500-s0033-0000000219152539-0203-s_lc.fits
20233768,33,tess2020351194500-s0033-0000000020233768-0203-s_lc.fits
21537961,33,tess2020351194500-s0033-0000000021537961-0203-s_lc.fits
170207185,33,tess2020351194500-s0033-0000000170207185-0203-s_lc.fits
260418789,33,tess2020351194500-s0033-0000000260418789-0203-s_lc.fits
37351914,33,tess2020351194500-s0033-0000000037351914-0203-s_lc.fits
144502618,33,tess2020351194500-s0033-0000000144502618-0203-s_lc.fits
319432605,33,tess2020351194500-s0033-0000000319432605-0203-s_lc.fits
393267302,33,tess2020351194500-s0033-0000000393267302-0203-s_lc.fits
124952606,33,tess2020351194500-s0033-0000000124952606-0203-s_lc.fits
140602705,33,tess2020351194500-s0033-0000000140602705-0203-s_lc.fits
100655864,33,tess2020351194500-s0033-0000000100655864-0203-s_lc.fits
350654234,33,tess2020351194500-s0033-0000000350654234-0203-s_lc.fits
300602132,33,tess2020351194500-s0033-0000000300602132-0203-s_lc.fits
22640610,33,tess2020351194500-s0033-0000000022640610-0203-s_lc.fits
149914390,33,tess2020351194500-s0033-0000000149914390-0203-s_lc.fits
372608935,33,tess2020351194500-s0033-0000000372608935-0203-s_lc.fits
322740763,33,tess2020351194500-s0033-0000000322740763-0203-s_lc.fits
268781343,33,tess2020351194500-s0033-0000000268781343-0203-s_lc.fits
258986151,33,tess2020351194500-s0033-0000000258986151-0203-s_lc.fits
434390615,33,tess2020351194500-s0033-0000000434390615-0203-s_lc.fits
55603501,33,tess2020351194500-s0033-0000000055603501-0203-s_lc.fits
234654254,33,tess2020351194500-s0033-0000000234654254-0203-s_lc.fits
81226329,33,tess2020351194500-s0033-0000000081226329-0203-s_lc.fits
255619656,33,tess2020351194500-s0033-0000000255619656-0203-s_lc.fits
386321057,33,tess2020351194500-s0033-0000000386321057-0203-s_lc.fits
388181597,33,tess2020351194500-s0033-0000000388181597-0203-s_lc.fits
52641093,33,tess2020351194500-s0033-0000000052641093-0203-s_lc.fits
238079902,33,tess2020351194500-s0033-0000000238079902-0203-s_lc.fits
66495136,33,tess2020351194500-s0033-0000000066495136-0203-s_lc.fits
306893979,33,tess2020351194500-s0033-0000000306893979-0203-s_lc.fits
389363745,33,tess2020351194500-s0033-0000000389363745-0203-s_lc.fits
149120706,33,tess2020351194500-s0033-0000000149120706-0203-s_lc.fits
306393762,33,tess2020351194500-s0033-0000000306393762-0203-s_lc.fits
177615161,33,tess2020351194500-s0033-0000000177615161-0203-s_lc.fits
124843402,33,tess2020351194500-s0033-0000000124843402-0203-s_lc.fits
348962074,33,tess2020351194500-s0033-0000000348962074-0203-s_lc.fits
66776867,33,tess2020351194500-s0033-0000000066776867-0203-s_lc.fits
23026869,33,tess2020351194500-s0033-0000000023026869-0203-s_lc.fits
55271423,33,tess2020351194500-s0033-0000000055271423-0203-s_lc.fits
50901468,33,tess2020351194500-s0033-0000000050901468-0203-s_lc.fits
220622406,33,tess2020351194500-s0033-0000000220622406-0203-s_lc.fits
134226668,33,tess2020351194500-s0033-0000000134226668-0203-s_lc.fits
344087362,33,tess2020351194500-s0033-0000000344087362-0203-s_lc.fits
32868479,33,tess2020351194500-s0033-0000000032868479-0203-s_lc.fits
60290939,33,tess2020351194500-s0033-0000000060290939-0203-s_lc.fits
260355054,33,tess2020351194500-s0033-0000000260355054-0203-s_lc.fits
167720039,33,tess2020351194500-s0033-0000000167720039-0203-s_lc.fits
177309573,33,tess2020351194500-s0033-0000000177309573-0203-s_lc.fits
349056069,33,tess2020351194500-s0033-0000000349056069-0203-s_lc.fits
220411839,33,tess2020351194500-s0033-0000000220411839-0203-s_lc.fits
235512556,33,tess2020351194500-s0033-0000000235512556-0203-s_lc.fits
31799932,33,tess2020351194500-s0033-0000000031799932-0203-s_lc.fits
443314055,33,tess2020351194500-s0033-0000000443314055-0203-s_lc.fits
100612756,33,tess2020351194500-s0033-0000000100612756-0203-s_lc.fits
38909586,33,tess2020351194500-s0033-0000000038909586-0203-s_lc.fits
261399435,33,tess2020351194500-s0033-0000000261399435-0203-s_lc.fits
265264775,33,tess2020351194500-s0033-0000000265264775-0203-s_lc.fits
235047876,33,tess2020351194500-s0033-0000000235047876-0203-s_lc.fits
260542013,33,tess2020351194500-s0033-0000000260542013-0203-s_lc.fits
134537478,33,tess2020351194500-s0033-0000000134537478-0203-s_lc.fits
5456605,33,tess2020351194500-s0033-0000000005456605-0203-s_lc.fits
358548903,33,tess2020351194500-s0033-0000000358548903-0203-s_lc.fits
267254246,33,tess2020351194500-s0033-0000000267254246-0203-s_lc.fits
471013553,33,tess2020351194500-s0033-0000000471013553-0203-s_lc.fits
172592826,33,tess2020351194500-s0033-0000000172592826-0203-s_lc.fits
32816844,33,tess2020351194500-s0033-0000000032816844-0203-s_lc.fits
350763936,33,tess2020351194500-s0033-0000000350763936-0203-s_lc.fits
287721524,33,tess2020351194500-s0033-0000000287721524-0203-s_lc.fits
119493756,33,tess2020351194500-s0033-0000000119493756-0203-s_lc.fits
11959887,33,tess2020351194500-s0033-0000000011959887-0203-s_lc.fits
235333563,33,tess2020351194500-s0033-0000000235333563-0203-s_lc.fits
157133425,33,tess2020351194500-s0033-0000000157133425-0203-s_lc.fits
387278116,33,tess2020351194500-s0033-0000000387278116-0203-s_lc.fits
220417077,33,tess2020351194500-s0033-0000000220417077-0203-s_lc.fits
271891552,33,tess2020351194500-s0033-0000000271891552-0203-s_lc.fits
149478846,33,tess2020351194500-s0033-0000000149478846-0203-s_lc.fits
26339863,33,tess2020351194500-s0033-0000000026339863-0203-s_lc.fits
260605972,33,tess2020351194500-s0033-0000000260605972-0203-s_lc.fits
91689212,33,tess2020351194500-s0033-0000000091689212-0203-s_lc.fits
206840215,33,tess2020351194500-s0033-0000000206840215-0203-s_lc.fits
130572918,33,tess2020351194500-s0033-0000000130572918-0203-s_lc.fits
372908110,33,tess2020351194500-s0033-0000000372908110-0203-s_lc.fits
149217213,33,tess2020351194500-s0033-0000000149217213-0203-s_lc.fits
30403412,33,tess2020351194500-s0033-0000000030403412-0203-s_lc.fits
119748449,33,tess2020351194500-s0033-0000000119748449-0203-s_lc.fits
37200364,33,tess2020351194500-s0033-0000000037200364-0203-s_lc.fits
142529562,33,tess2020351194500-s0033-0000000142529562-0203-s_lc.fits
457040400,33,tess2020351194500-s0033-0000000457040400-0203-s_lc.fits
443112050,33,tess2020351194500-s0033-0000000443112050-0203-s_lc.fits
282351577,33,tess2020351194500-s0033-0000000282351577-0203-s_lc.fits
260267530,33,tess2020351194500-s0033-0000000260267530-0203-s_lc.fits
219427179,33,tess2020351194500-s0033-0000000219427179-0203-s_lc.fits
147482073,33,tess2020351194500-s0033-0000000147482073-0203-s_lc.fits
382159540,33,tess2020351194500-s0033-0000000382159540-0203-s_lc.fits
100204397,33,tess2020351194500-s0033-0000000100204397-0203-s_lc.fits
155140916,33,tess2020351194500-s0033-0000000155140916-0203-s_lc.fits
443084358,33,tess2020351194500-s0033-0000000443084358-0203-s_lc.fits
300654054,33,tess2020351194500-s0033-0000000300654054-0203-s_lc.fits
232048034,33,tess2020351194500-s0033-0000000232048034-0203-s_lc.fits
38697111,33,tess2020351194500-s0033-0000000038697111-0203-s_lc.fits
262389130,33,tess2020351194500-s0033-0000000262389130-0203-s_lc.fits
141628215,33,tess2020351194500-s0033-0000000141628215-0203-s_lc.fits
24612639,33,tess2020351194500-s0033-0000000024612639-0203-s_lc.fits
100205373,33,tess2020351194500-s0033-0000000100205373-0203-s_lc.fits
22598327,33,tess2020351194500-s0033-0000000022598327-0203-s_lc.fits
158870827,33,tess2020351194500-s0033-0000000158870827-0203-s_lc.fits
260304800,33,tess2020351194500-s0033-0000000260304800-0203-s_lc.fits
140283219,33,tess2020351194500-s0033-0000000140283219-0203-s_lc.fits
219370346,33,tess2020351194500-s0033-0000000219370346-0203-s_lc.fits
425085294,33,tess2020351194500-s0033-0000000425085294-0203-s_lc.fits
53980966,33,tess2020351194500-s0033-0000000053980966-0203-s_lc.fits
123930119,33,tess2020351194500-s0033-0000000123930119-0203-s_lc.fits
144500971,33,tess2020351194500-s0033-0000000144500971-0203-s_lc.fits
37302048,33,tess2020351194500-s0033-0000000037302048-0203-s_lc.fits
38707423,33,tess2020351194500-s0033-0000000038707423-0203-s_lc.fits
89007073,33,tess2020351194500-s0033-0000000089007073-0203-s_lc.fits
761960972,33,tess2020351194500-s0033-0000000761960972-0203-s_lc.fits
98036287,33,tess2020351194500-s0033-0000000098036287-0203-s_lc.fits
287489206,33,tess2020351194500-s0033-0000000287489206-0203-s_lc.fits
350744311,33,tess2020351194500-s0033-0000000350744311-0203-s_lc.fits
141865875,33,tess2020351194500-s0033-0000000141865875-0203-s_lc.fits
220436792,33,tess2020351194500-s0033-0000000220436792-0203-s_lc.fits
50982186,33,tess2020351194500-s0033-0000000050982186-0203-s_lc.fits
320031155,33,tess2020351194500-s0033-0000000320031155-0203-s_lc.fits
140580875,33,tess2020351194500-s0033-0000000140580875-0203-s_lc.fits
235075693,33,tess2020351194500-s0033-0000000235075693-0203-s_lc.fits
350342975,33,tess2020351194500-s0033-0000000350342975-0203-s_lc.fits
167119957,33,tess2020351194500-s0033-0000000167119957-0203-s_lc.fits
232023953,33,tess2020351194500-s0033-0000000232023953-0203-s_lc.fits
140287776,33,tess2020351194500-s0033-0000000140287776-0203-s_lc.fits
292840823,33,tess2020351194500-s0033-0000000292840823-0203-s_lc.fits
130298178,33,tess2020351194500-s0033-0000000130298178-0203-s_lc.fits
202185083,33,tess2020351194500-s0033-0000000202185083-0203-s_lc.fits
150361489,33,tess2020351194500-s0033-0000000150361489-0203-s_lc.fits
64789002,33,tess2020351194500-s0033-0000000064789002-0203-s_lc.fits
177857790,33,tess2020351194500-s0033-0000000177857790-0203-s_lc.fits
147708158,33,tess2020351194500-s0033-0000000147708158-0203-s_lc.fits
36102140,33,tess2020351194500-s0033-0000000036102140-0203-s_lc.fits
349484401,33,tess2020351194500-s0033-0000000349484401-0203-s_lc.fits
349828641,33,tess2020351194500-s0033-0000000349828641-0203-s_lc.fits
232024628,33,tess2020351194500-s0033-0000000232024628-0203-s_lc.fits
319609060,33,tess2020351194500-s0033-0000000319609060-0203-s_lc.fits
272002791,33,tess2020351194500-s0033-0000000272002791-0203-s_lc.fits
707334593,33,tess2020351194500-s0033-0000000707334593-0203-s_lc.fits
60123168,33,tess2020351194500-s0033-0000000060123168-0203-s_lc.fits
72310736,33,tess2020351194500-s0033-0000000072310736-0203-s_lc.fits
235329924,33,tess2020351194500-s0033-0000000235329924-0203-s_lc.fits
386586175,33,tess2020351194500-s0033-0000000386586175-0203-s_lc.fits
11899076,33,tess2020351194500-s0033-0000000011899076-0203-s_lc.fits
168117602,33,tess2020351194500-s0033-0000000168117602-0203-s_lc.fits
436332602,33,tess2020351194500-s0033-0000000436332602-0203-s_lc.fits
238092498,33,tess2020351194500-s0033-0000000238092498-0203-s_lc.fits
391813813,33,tess2020351194500-s0033-0000000391813813-0203-s_lc.fits
409008864,33,tess2020351194500-s0033-0000000409008864-0203-s_lc.fits
317096584,33,tess2020351194500-s0033-0000000317096584-0203-s_lc.fits
219176630,33,tess2020351194500-s0033-0000000219176630-0203-s_lc.fits
373915220,33,tess2020351194500-s0033-0000000373915220-0203-s_lc.fits
278776583,33,tess2020351194500-s0033-0000000278776583-0203-s_lc.fits
349156177,33,tess2020351194500-s0033-0000000349156177-0203-s_lc.fits
192827855,33,tess2020351194500-s0033-0000000192827855-0203-s_lc.fits
33100286,33,tess2020351194500-s0033-0000000033100286-0203-s_lc.fits
53686443,33,tess2020351194500-s0033-0000000053686443-0203-s_lc.fits
300243102,33,tess2020351194500-s0033-0000000300243102-0203-s_lc.fits
453079527,33,tess2020351194500-s0033-0000000453079527-0203-s_lc.fits
10383921,33,tess2020351194500-s0033-0000000010383921-0203-s_lc.fits
30188536,33,tess2020351194500-s0033-0000000030188536-0203-s_lc.fits
42635225,33,tess2020351194500-s0033-0000000042635225-0203-s_lc.fits
177012491,33,tess2020351194500-s0033-0000000177012491-0203-s_lc.fits
434384485,33,tess2020351194500-s0033-0000000434384485-0203-s_lc.fits
409087947,33,tess2020351194500-s0033-0000000409087947-0203-s_lc.fits
47634940,33,tess2020351194500-s0033-0000000047634940-0203-s_lc.fits
386529356,33,tess2020351194500-s0033-0000000386529356-0203-s_lc.fits
71726395,33,tess2020351194500-s0033-0000000071726395-0203-s_lc.fits
178426192,33,tess2020351194500-s0033-0000000178426192-0203-s_lc.fits
350766856,33,tess2020351194500-s0033-0000000350766856-0203-s_lc.fits
319921845,33,tess2020351194500-s0033-0000000319921845-0203-s_lc.fits
153340826,33,tess2020351194500-s0033-0000000153340826-0203-s_lc.fits
167811672,33,tess2020351194500-s0033-0000000167811672-0203-s_lc.fits
149121291,33,tess2020351194500-s0033-0000000149121291-0203-s_lc.fits
172526589,33,tess2020351194500-s0033-0000000172526589-0203-s_lc.fits
93101872,33,tess2020351194500-s0033-0000000093101872-0203-s_lc.fits
306475295,33,tess2020351194500-s0033-0000000306475295-0203-s_lc.fits
141095359,33,tess2020351194500-s0033-0000000141095359-0203-s_lc.fits
141623174,33,tess2020351194500-s0033-0000000141623174-0203-s_lc.fits
237821744,33,tess2020351194500-s0033-0000000237821744-0203-s_lc.fits
147314390,33,tess2020351194500-s0033-0000000147314390-0203-s_lc.fits
140604611,33,tess2020351194500-s0033-0000000140604611-0203-s_lc.fits
301496179,33,tess2020351194500-s0033-0000000301496179-0203-s_lc.fits
260127258,33,tess2020351194500-s0033-0000000260127258-0203-s_lc.fits
25134377,33,tess2020351194500-s0033-0000000025134377-0203-s_lc.fits
156842504,33,tess2020351194500-s0033-0000000156842504-0203-s_lc.fits
409266167,33,tess2020351194500-s0033-0000000409266167-0203-s_lc.fits
349196900,33,tess2020351194500-s0033-0000000349196900-0203-s_lc.fits
350862484,33,tess2020351194500-s0033-0000000350862484-0203-s_lc.fits
349789691,33,tess2020351194500-s0033-0000000349789691-0203-s_lc.fits
157340109,33,tess2020351194500-s0033-0000000157340109-0203-s_lc.fits
307464253,33,tess2020351194500-s0033-0000000307464253-0203-s_lc.fits
382259675,33,tess2020351194500-s0033-0000000382259675-0203-s_lc.fits
277025094,33,tess2020351194500-s0033-0000000277025094-0203-s_lc.fits
37349128,33,tess2020351194500-s0033-0000000037349128-0203-s_lc.fits
179161274,33,tess2020351194500-s0033-0000000179161274-0203-s_lc.fits
176585260,33,tess2020351194500-s0033-0000000176585260-0203-s_lc.fits
60143497,33,tess2020351194500-s0033-0000000060143497-0203-s_lc.fits
24951897,33,tess2020351194500-s0033-0000000024951897-0203-s_lc.fits
350519160,33,tess2020351194500-s0033-0000000350519160-0203-s_lc.fits
32681367,33,tess2020351194500-s0033-0000000032681367-0203-s_lc.fits
37606606,33,tess2020351194500-s0033-0000000037606606-0203-s_lc.fits
124323593,33,tess2020351194500-s0033-0000000124323593-0203-s_lc.fits
177850801,33,tess2020351194500-s0033-0000000177850801-0203-s_lc.fits
382625142,33,tess2020351194500-s0033-0000000382625142-0203-s_lc.fits
59466554,33,tess2020351194500-s0033-0000000059466554-0203-s_lc.fits
156812838,33,tess2020351194500-s0033-0000000156812838-0203-s_lc.fits
438419450,33,tess2020351194500-s0033-0000000438419450-0203-s_lc.fits
65476723,33,tess2020351194500-s0033-0000000065476723-0203-s_lc.fits
80045853,33,tess2020351194500-s0033-0000000080045853-0203-s_lc.fits
219168944,33,tess2020351194500-s0033-0000000219168944-0203-s_lc.fits
765230791,33,tess2020351194500-s0033-0000000765230791-0203-s_lc.fits
290754629,33,tess2020351194500-s0033-0000000290754629-0203-s_lc.fits
235124669,33,tess2020351194500-s0033-0000000235124669-0203-s_lc.fits
279219316,33,tess2020351194500-s0033-0000000279219316-0203-s_lc.fits
97422633,33,tess2020351194500-s0033-0000000097422633-0203-s_lc.fits
124245929,33,tess2020351194500-s0033-0000000124245929-0203-s_lc.fits
293968495,33,tess2020351194500-s0033-0000000293968495-0203-s_lc.fits
151628409,33,tess2020351194500-s0033-0000000151628409-0203-s_lc.fits
124434420,33,tess2020351194500-s0033-0000000124434420-0203-s_lc.fits
766896522,33,tess2020351194500-s0033-0000000766896522-0203-s_lc.fits
93441591,33,tess2020351194500-s0033-0000000093441591-0203-s_lc.fits
30192558,33,tess2020351194500-s0033-0000000030192558-0203-s_lc.fits
93279433,33,tess2020351194500-s0033-0000000093279433-0203-s_lc.fits
287979081,33,tess2020351194500-s0033-0000000287979081-0203-s_lc.fits
158088944,33,tess2020351194500-s0033-0000000158088944-0203-s_lc.fits
49773133,33,tess2020351194500-s0033-0000000049773133-0203-s_lc.fits
179312477,33,tess2020351194500-s0033-0000000179312477-0203-s_lc.fits
167719831,33,tess2020351194500-s0033-0000000167719831-0203-s_lc.fits
101211759,33,tess2020351194500-s0033-0000000101211759-0203-s_lc.fits
177589416,33,tess2020351194500-s0033-0000000177589416-0203-s_lc.fits
97579288,33,tess2020351194500-s0033-0000000097579288-0203-s_lc.fits
349369985,33,tess2020351194500-s0033-0000000349369985-0203-s_lc.fits
260352274,33,tess2020351194500-s0033-0000000260352274-0203-s_lc.fits
61678783,33,tess2020351194500-s0033-0000000061678783-0203-s_lc.fits
706872396,33,tess2020351194500-s0033-0000000706872396-0203-s_lc.fits
453120924,33,tess2020351194500-s0033-0000000453120924-0203-s_lc.fits
234068267,33,tess2020351194500-s0033-0000000234068267-0203-s_lc.fits
300011941,33,tess2020351194500-s0033-0000000300011941-0203-s_lc.fits
143205487,33,tess2020351194500-s0033-0000000143205487-0203-s_lc.fits
150357404,33,tess2020351194500-s0033-0000000150357404-0203-s_lc.fits
100478661,33,tess2020351194500-s0033-0000000100478661-0203-s_lc.fits
120170653,33,tess2020351194500-s0033-0000000120170653-0203-s_lc.fits
36211499,33,tess2020351194500-s0033-0000000036211499-0203-s_lc.fits
425083794,33,tess2020351194500-s0033-0000000425083794-0203-s_lc.fits
438408859,33,tess2020351194500-s0033-0000000438408859-0203-s_lc.fits
21539072,33,tess2020351194500-s0033-0000000021539072-0203-s_lc.fits
737770084,33,tess2020351194500-s0033-0000000737770084-0203-s_lc.fits
48458979,33,tess2020351194500-s0033-0000000048458979-0203-s_lc.fits
38709750,33,tess2020351194500-s0033-0000000038709750-0203-s_lc.fits
293969858,33,tess2020351194500-s0033-0000000293969858-0203-s_lc.fits
284741353,33,tess2020351194500-s0033-0000000284741353-0203-s_lc.fits
263679324,33,tess2020351194500-s0033-0000000263679324-0203-s_lc.fits
31929243,33,tess2020351194500-s0033-0000000031929243-0203-s_lc.fits
299910085,33,tess2020351194500-s0033-0000000299910085-0203-s_lc.fits
20070581,33,tess2020351194500-s0033-0000000020070581-0203-s_lc.fits
340890331,33,tess2020351194500-s0033-0000000340890331-0203-s_lc.fits
235066930,33,tess2020351194500-s0033-0000000235066930-0203-s_lc.fits
142082932,33,tess2020351194500-s0033-0000000142082932-0203-s_lc.fits
333042570,33,tess2020351194500-s0033-0000000333042570-0203-s_lc.fits
118878449,33,tess2020351194500-s0033-0000000118878449-0203-s_lc.fits
292710460,33,tess2020351194500-s0033-0000000292710460-0203-s_lc.fits
124407440,33,tess2020351194500-s0033-0000000124407440-0203-s_lc.fits
140213635,33,tess2020351194500-s0033-0000000140213635-0203-s_lc.fits
238181045,33,tess2020351194500-s0033-0000000238181045-0203-s_lc.fits
262029113,33,tess2020351194500-s0033-0000000262029113-0203-s_lc.fits
65812506,33,tess2020351194500-s0033-0000000065812506-0203-s_lc.fits
343968775,33,tess2020351194500-s0033-0000000343968775-0203-s_lc.fits
52385153,33,tess2020351194500-s0033-0000000052385153-0203-s_lc.fits
140457713,33,tess2020351194500-s0033-0000000140457713-0203-s_lc.fits
219166378,33,tess2020351194500-s0033-0000000219166378-0203-s_lc.fits
219418776,33,tess2020351194500-s0033-0000000219418776-0203-s_lc.fits
124274069,33,tess2020351194500-s0033-0000000124274069-0203-s_lc.fits
123739688,33,tess2020351194500-s0033-0000000123739688-0203-s_lc.fits
437895487,33,tess2020351194500-s0033-0000000437895487-0203-s_lc.fits
220434811,33,tess2020351194500-s0033-0000000220434811-0203-s_lc.fits
234265071,33,tess2020351194500-s0033-0000000234265071-0203-s_lc.fits
260474322,33,tess2020351194500-s0033-0000000260474322-0203-s_lc.fits
255759298,33,tess2020351194500-s0033-0000000255759298-0203-s_lc.fits
59777327,33,tess2020351194500-s0033-0000000059777327-0203-s_lc.fits
142087340,33,tess2020351194500-s0033-0000000142087340-0203-s_lc.fits
37168957,33,tess2020351194500-s0033-0000000037168957-0203-s_lc.fits
55848001,33,tess2020351194500-s0033-0000000055848001-0203-s_lc.fits
234272423,33,tess2020351194500-s0033-0000000234272423-0203-s_lc.fits
737799689,33,tess2020351194500-s0033-0000000737799689-0203-s_lc.fits
375092698,33,tess2020351194500-s0033-0000000375092698-0203-s_lc.fits
408932419,33,tess2020351194500-s0033-0000000408932419-0203-s_lc.fits
234624896,33,tess2020351194500-s0033-0000000234624896-0203-s_lc.fits
237694169,33,tess2020351194500-s0033-0000000237694169-0203-s_lc.fits
40716826,33,tess2020351194500-s0033-0000000040716826-0203-s_lc.fits
281412181,33,tess2020351194500-s0033-0000000281412181-0203-s_lc.fits
38698692,33,tess2020351194500-s0033-0000000038698692-0203-s_lc.fits
260370234,33,tess2020351194500-s0033-0000000260370234-0203-s_lc.fits
55369613,33,tess2020351194500-s0033-0000000055369613-0203-s_lc.fits
38515566,33,tess2020351194500-s0033-0000000038515566-0203-s_lc.fits
142085649,33,tess2020351194500-s0033-0000000142085649-0203-s_lc.fits
177977748,33,tess2020351194500-s0033-0000000177977748-0203-s_lc.fits
72095511,33,tess2020351194500-s0033-0000000072095511-0203-s_lc.fits
438116221,33,tess2020351194500-s0033-0000000438116221-0203-s_lc.fits
30408670,33,tess2020351194500-s0033-0000000030408670-0203-s_lc.fits
292284300,33,tess2020351194500-s0033-0000000292284300-0203-s_lc.fits
167656187,33,tess2020351194500-s0033-0000000167656187-0203-s_lc.fits
293271232,33,tess2020351194500-s0033-0000000293271232-0203-s_lc.fits
765326000,33,tess2020351194500-s0033-0000000765326000-0203-s_lc.fits
279572957,33,tess2020351194500-s0033-0000000279572957-0203-s_lc.fits
202269896,33,tess2020351194500-s0033-0000000202269896-0203-s_lc.fits
714872294,33,tess2020351194500-s0033-0000000714872294-0203-s_lc.fits
407702728,33,tess2020351194500-s0033-0000000407702728-0203-s_lc.fits
53750200,33,tess2020351194500-s0033-0000000053750200-0203-s_lc.fits
709069038,33,tess2020351194500-s0033-0000000709069038-0203-s_lc.fits
287400952,33,tess2020351194500-s0033-0000000287400952-0203-s_lc.fits
220413940,33,tess2020351194500-s0033-0000000220413940-0203-s_lc.fits
284332452,33,tess2020351194500-s0033-0000000284332452-0203-s_lc.fits
192789064,33,tess2020351194500-s0033-0000000192789064-0203-s_lc.fits
119068490,33,tess2020351194500-s0033-0000000119068490-0203-s_lc.fits
80965814,33,tess2020351194500-s0033-0000000080965814-0203-s_lc.fits
32553815,33,tess2020351194500-s0033-0000000032553815-0203-s_lc.fits
284196649,33,tess2020351194500-s0033-0000000284196649-0203-s_lc.fits
29762094,33,tess2020351194500-s0033-0000000029762094-0203-s_lc.fits
130416157,33,tess2020351194500-s0033-0000000130416157-0203-s_lc.fits
97498214,33,tess2020351194500-s0033-0000000097498214-0203-s_lc.fits
333336966,33,tess2020351194500-s0033-0000000333336966-0203-s_lc.fits
148277208,33,tess2020351194500-s0033-0000000148277208-0203-s_lc.fits
350563094,33,tess2020351194500-s0033-0000000350563094-0203-s_lc.fits
52968578,33,tess2020351194500-s0033-0000000052968578-0203-s_lc.fits
24532153,33,tess2020351194500-s0033-0000000024532153-0203-s_lc.fits
55525781,33,tess2020351194500-s0033-0000000055525781-0203-s_lc.fits
60081537,33,tess2020351194500-s0033-0000000060081537-0203-s_lc.fits
232287705,33,tess2020351194500-s0033-0000000232287705-0203-s_lc.fits
340143349,33,tess2020351194500-s0033-0000000340143349-0203-s_lc.fits
158695352,33,tess2020351194500-s0033-0000000158695352-0203-s_lc.fits
350344317,33,tess2020351194500-s0033-0000000350344317-0203-s_lc.fits
177354263,33,tess2020351194500-s0033-0000000177354263-0203-s_lc.fits
117671063,33,tess2020351194500-s0033-0000000117671063-0203-s_lc.fits
339960875,33,tess2020351194500-s0033-0000000339960875-0203-s_lc.fits
284338575,33,tess2020351194500-s0033-0000000284338575-0203-s_lc.fits
66690136,33,tess2020351194500-s0033-0000000066690136-0203-s_lc.fits
765001215,33,tess2020351194500-s0033-0000000765001215-0203-s_lc.fits
348839533,33,tess2020351194500-s0033-0000000348839533-0203-s_lc.fits
29761724,33,tess2020351194500-s0033-0000000029761724-0203-s_lc.fits
21750290,33,tess2020351194500-s0033-0000000021750290-0203-s_lc.fits
350839681,33,tess2020351194500-s0033-0000000350839681-0203-s_lc.fits
255556355,33,tess2020351194500-s0033-0000000255556355-0203-s_lc.fits
278777070,33,tess2020351194500-s0033-0000000278777070-0203-s_lc.fits
279615956,33,tess2020351194500-s0033-0000000279615956-0203-s_lc.fits
71580820,33,tess2020351194500-s0033-0000000071580820-0203-s_lc.fits
140830390,33,tess2020351194500-s0033-0000000140830390-0203-s_lc.fits
53603145,33,tess2020351194500-s0033-0000000053603145-0203-s_lc.fits
317550901,33,tess2020351194500-s0033-0000000317550901-0203-s_lc.fits
7416683,33,tess2020351194500-s0033-0000000007416683-0203-s_lc.fits
59656420,33,tess2020351194500-s0033-0000000059656420-0203-s_lc.fits
453079030,33,tess2020351194500-s0033-0000000453079030-0203-s_lc.fits
100609635,33,tess2020351194500-s0033-0000000100609635-0203-s_lc.fits
219165453,33,tess2020351194500-s0033-0000000219165453-0203-s_lc.fits
167603080,33,tess2020351194500-s0033-0000000167603080-0203-s_lc.fits
33735382,33,tess2020351194500-s0033-0000000033735382-0203-s_lc.fits
66653509,33,tess2020351194500-s0033-0000000066653509-0203-s_lc.fits
350481337,33,tess2020351194500-s0033-0000000350481337-0203-s_lc.fits
147765000,33,tess2020351194500-s0033-0000000147765000-0203-s_lc.fits
206725132,33,tess2020351194500-s0033-0000000206725132-0203-s_lc.fits
263342672,33,tess2020351194500-s0033-0000000263342672-0203-s_lc.fits
220418532,33,tess2020351194500-s0033-0000000220418532-0203-s_lc.fits
134628853,33,tess2020351194500-s0033-0000000134628853-0203-s_lc.fits
140215924,33,tess2020351194500-s0033-0000000140215924-0203-s_lc.fits
734616311,33,tess2020351194500-s0033-0000000734616311-0203-s_lc.fits
350431335,33,tess2020351194500-s0033-0000000350431335-0203-s_lc.fits
317096936,33,tess2020351194500-s0033-0000000317096936-0203-s_lc.fits
30322273,33,tess2020351194500-s0033-0000000030322273-0203-s_lc.fits
35239760,33,tess2020351194500-s0033-0000000035239760-0203-s_lc.fits
293695475,33,tess2020351194500-s0033-0000000293695475-0203-s_lc.fits
124182714,33,tess2020351194500-s0033-0000000124182714-0203-s_lc.fits
98545929,33,tess2020351194500-s0033-0000000098545929-0203-s_lc.fits
293140090,33,tess2020351194500-s0033-0000000293140090-0203-s_lc.fits
67283102,33,tess2020351194500-s0033-0000000067283102-0203-s_lc.fits
22868366,33,tess2020351194500-s0033-0000000022868366-0203-s_lc.fits
276793178,33,tess2020351194500-s0033-0000000276793178-0203-s_lc.fits
170366621,33,tess2020351194500-s0033-0000000170366621-0203-s_lc.fits
765165617,33,tess2020351194500-s0033-0000000765165617-0203-s_lc.fits
79028027,33,tess2020351194500-s0033-0000000079028027-0203-s_lc.fits
270677289,33,tess2020351194500-s0033-0000000270677289-0203-s_lc.fits
349925661,33,tess2020351194500-s0033-0000000349925661-0203-s_lc.fits
300560295,33,tess2020351194500-s0033-0000000300560295-0203-s_lc.fits
158088633,33,tess2020351194500-s0033-0000000158088633-0203-s_lc.fits
220410485,33,tess2020351194500-s0033-0000000220410485-0203-s_lc.fits
407728482,33,tess2020351194500-s0033-0000000407728482-0203-s_lc.fits
438059179,33,tess2020351194500-s0033-0000000438059179-0203-s_lc.fits
290717316,33,tess2020351194500-s0033-0000000290717316-0203-s_lc.fits
235457104,33,tess2020351194500-s0033-0000000235457104-0203-s_lc.fits
231817614,33,tess2020351194500-s0033-0000000231817614-0203-s_lc.fits
61847189,33,tess2020351194500-s0033-0000000061847189-0203-s_lc.fits
260372062,33,tess2020351194500-s0033-0000000260372062-0203-s_lc.fits
434312896,33,tess2020351194500-s0033-0000000434312896-0203-s_lc.fits
232278032,33,tess2020351194500-s0033-0000000232278032-0203-s_lc.fits
149347296,33,tess2020351194500-s0033-0000000149347296-0203-s_lc.fits
440850535,33,tess2020351194500-s0033-0000000440850535-0203-s_lc.fits
100531398,33,tess2020351194500-s0033-0000000100531398-0203-s_lc.fits
271598242,33,tess2020351194500-s0033-0000000271598242-0203-s_lc.fits
149346267,33,tess2020351194500-s0033-0000000149346267-0203-s_lc.fits
231198167,33,tess2020351194500-s0033-0000000231198167-0203-s_lc.fits
255557460,33,tess2020351194500-s0033-0000000255557460-0203-s_lc.fits
752891490,33,tess2020351194500-s0033-0000000752891490-0203-s_lc.fits
255758536,33,tess2020351194500-s0033-0000000255758536-0203-s_lc.fits
220411474,33,tess2020351194500-s0033-0000000220411474-0203-s_lc.fits
766747382,33,tess2020351194500-s0033-0000000766747382-0203-s_lc.fits
96314825,33,tess2020351194500-s0033-0000000096314825-0203-s_lc.fits
293014486,33,tess2020351194500-s0033-0000000293014486-0203-s_lc.fits
292460130,33,tess2020351194500-s0033-0000000292460130-0203-s_lc.fits
25133896,33,tess2020351194500-s0033-0000000025133896-0203-s_lc.fits
143146812,33,tess2020351194500-s0033-0000000143146812-0203-s_lc.fits
299470738,33,tess2020351194500-s0033-0000000299470738-0203-s_lc.fits
300708584,33,tess2020351194500-s0033-0000000300708584-0203-s_lc.fits
66558698,33,tess2020351194500-s0033-0000000066558698-0203-s_lc.fits
167695269,33,tess2020351194500-s0033-0000000167695269-0203-s_lc.fits
319435882,33,tess2020351194500-s0033-0000000319435882-0203-s_lc.fits
41335365,33,tess2020351194500-s0033-0000000041335365-0203-s_lc.fits
317548867,33,tess2020351194500-s0033-0000000317548867-0203-s_lc.fits
306910767,33,tess2020351194500-s0033-0000000306910767-0203-s_lc.fits
192830771,33,tess2020351194500-s0033-0000000192830771-0203-s_lc.fits
66691202,33,tess2020351194500-s0033-0000000066691202-0203-s_lc.fits
34264736,33,tess2020351194500-s0033-0000000034264736-0203-s_lc.fits
238037707,33,tess2020351194500-s0033-0000000238037707-0203-s_lc.fits
95420157,33,tess2020351194500-s0033-0000000095420157-0203-s_lc.fits
119521409,33,tess2020351194500-s0033-0000000119521409-0203-s_lc.fits
48459373,33,tess2020351194500-s0033-0000000048459373-0203-s_lc.fits
172705059,33,tess2020351194500-s0033-0000000172705059-0203-s_lc.fits
123760834,33,tess2020351194500-s0033-0000000123760834-0203-s_lc.fits
53979027,33,tess2020351194500-s0033-0000000053979027-0203-s_lc.fits
355411788,33,tess2020351194500-s0033-0000000355411788-0203-s_lc.fits
349196677,33,tess2020351194500-s0033-0000000349196677-0203-s_lc.fits
284288082,33,tess2020351194500-s0033-0000000284288082-0203-s_lc.fits
167421913,33,tess2020351194500-s0033-0000000167421913-0203-s_lc.fits
65299877,33,tess2020351194500-s0033-0000000065299877-0203-s_lc.fits
504613747,33,tess2020351194500-s0033-0000000504613747-0203-s_lc.fits
234824051,33,tess2020351194500-s0033-0000000234824051-0203-s_lc.fits
156834998,33,tess2020351194500-s0033-0000000156834998-0203-s_lc.fits
200386612,33,tess2020351194500-s0033-0000000200386612-0203-s_lc.fits
30264850,33,tess2020351194500-s0033-0000000030264850-0203-s_lc.fits
125406140,33,tess2020351194500-s0033-0000000125406140-0203-s_lc.fits
98288353,33,tess2020351194500-s0033-0000000098288353-0203-s_lc.fits
21504310,33,tess2020351194500-s0033-0000000021504310-0203-s_lc.fits
307291308,33,tess2020351194500-s0033-0000000307291308-0203-s_lc.fits
59846354,33,tess2020351194500-s0033-0000000059846354-0203-s_lc.fits
157010088,33,tess2020351194500-s0033-0000000157010088-0203-s_lc.fits
382044998,33,tess2020351194500-s0033-0000000382044998-0203-s_lc.fits
38845357,33,tess2020351194500-s0033-0000000038845357-0203-s_lc.fits
231726138,33,tess2020351194500-s0033-0000000231726138-0203-s_lc.fits
32090581,33,tess2020351194500-s0033-0000000032090581-0203-s_lc.fits
24608852,33,tess2020351194500-s0033-0000000024608852-0203-s_lc.fits
72489952,33,tess2020351194500-s0033-0000000072489952-0203-s_lc.fits
97064369,33,tess2020351194500-s0033-0000000097064369-0203-s_lc.fits
438077624,33,tess2020351194500-s0033-0000000438077624-0203-s_lc.fits
234632486,33,tess2020351194500-s0033-0000000234632486-0203-s_lc.fits
354571603,33,tess2020351194500-s0033-0000000354571603-0203-s_lc.fits
237649284,33,tess2020351194500-s0033-0000000237649284-0203-s_lc.fits
149539552,33,tess2020351194500-s0033-0000000149539552-0203-s_lc.fits
317949919,33,tess2020351194500-s0033-0000000317949919-0203-s_lc.fits
437902420,33,tess2020351194500-s0033-0000000437902420-0203-s_lc.fits
270577687,33,tess2020351194500-s0033-0000000270577687-0203-s_lc.fits
231494800,33,tess2020351194500-s0033-0000000231494800-0203-s_lc.fits
343962519,33,tess2020351194500-s0033-0000000343962519-0203-s_lc.fits
375063320,33,tess2020351194500-s0033-0000000375063320-0203-s_lc.fits
33689168,33,tess2020351194500-s0033-0000000033689168-0203-s_lc.fits
48544437,33,tess2020351194500-s0033-0000000048544437-0203-s_lc.fits
350712873,33,tess2020351194500-s0033-0000000350712873-0203-s_lc.fits
370101728,33,tess2020351194500-s0033-0000000370101728-0203-s_lc.fits
100780684,33,tess2020351194500-s0033-0000000100780684-0203-s_lc.fits
710764575,33,tess2020351194500-s0033-0000000710764575-0203-s_lc.fits
150274386,33,tess2020351194500-s0033-0000000150274386-0203-s_lc.fits
100512329,33,tess2020351194500-s0033-0000000100512329-0203-s_lc.fits
235231077,33,tess2020351194500-s0033-0000000235231077-0203-s_lc.fits
49017032,33,tess2020351194500-s0033-0000000049017032-0203-s_lc.fits
354556180,33,tess2020351194500-s0033-0000000354556180-0203-s_lc.fits
178382685,33,tess2020351194500-s0033-0000000178382685-0203-s_lc.fits
64360784,33,tess2020351194500-s0033-0000000064360784-0203-s_lc.fits
39543069,33,tess2020351194500-s0033-0000000039543069-0203-s_lc.fits
11814963,33,tess2020351194500-s0033-0000000011814963-0203-s_lc.fits
179445102,33,tess2020351194500-s0033-0000000179445102-0203-s_lc.fits
202231655,33,tess2020351194500-s0033-0000000202231655-0203-s_lc.fits
443308670,33,tess2020351194500-s0033-0000000443308670-0203-s_lc.fits
53688090,33,tess2020351194500-s0033-0000000053688090-0203-s_lc.fits
293694754,33,tess2020351194500-s0033-0000000293694754-0203-s_lc.fits
41464899,33,tess2020351194500-s0033-0000000041464899-0203-s_lc.fits
176454888,33,tess2020351194500-s0033-0000000176454888-0203-s_lc.fits
238006983,33,tess2020351194500-s0033-0000000238006983-0203-s_lc.fits
38634217,33,tess2020351194500-s0033-0000000038634217-0203-s_lc.fits
272427921,33,tess2020351194500-s0033-0000000272427921-0203-s_lc.fits
434367334,33,tess2020351194500-s0033-0000000434367334-0203-s_lc.fits
36349871,33,tess2020351194500-s0033-0000000036349871-0203-s_lc.fits
140508081,33,tess2020351194500-s0033-0000000140508081-0203-s_lc.fits
151288906,33,tess2020351194500-s0033-0000000151288906-0203-s_lc.fits
65143950,33,tess2020351194500-s0033-0000000065143950-0203-s_lc.fits
51407062,33,tess2020351194500-s0033-0000000051407062-0203-s_lc.fits
393296499,33,tess2020351194500-s0033-0000000393296499-0203-s_lc.fits
278685053,33,tess2020351194500-s0033-0000000278685053-0203-s_lc.fits
350714894,33,tess2020351194500-s0033-0000000350714894-0203-s_lc.fits
147945278,33,tess2020351194500-s0033-0000000147945278-0203-s_lc.fits
292708509,33,tess2020351194500-s0033-0000000292708509-0203-s_lc.fits
317877831,33,tess2020351194500-s0033-0000000317877831-0203-s_lc.fits
167698504,33,tess2020351194500-s0033-0000000167698504-0203-s_lc.fits
407703488,33,tess2020351194500-s0033-0000000407703488-0203-s_lc.fits
53587376,33,tess2020351194500-s0033-0000000053587376-0203-s_lc.fits
37742356,33,tess2020351194500-s0033-0000000037742356-0203-s_lc.fits
99830683,33,tess2020351194500-s0033-0000000099830683-0203-s_lc.fits
231824919,33,tess2020351194500-s0033-0000000231824919-0203-s_lc.fits
155463738,33,tess2020351194500-s0033-0000000155463738-0203-s_lc.fits
12044957,33,tess2020351194500-s0033-0000000012044957-0203-s_lc.fits
37306866,33,tess2020351194500-s0033-0000000037306866-0203-s_lc.fits
143216039,33,tess2020351194500-s0033-0000000143216039-0203-s_lc.fits
33065026,33,tess2020351194500-s0033-0000000033065026-0203-s_lc.fits
36297957,33,tess2020351194500-s0033-0000000036297957-0203-s_lc.fits
167415965,33,tess2020351194500-s0033-0000000167415965-0203-s_lc.fits
97961026,33,tess2020351194500-s0033-0000000097961026-0203-s_lc.fits
408968431,33,tess2020351194500-s0033-0000000408968431-0203-s_lc.fits
156834919,33,tess2020351194500-s0033-0000000156834919-0203-s_lc.fits
374858885,33,tess2020351194500-s0033-0000000374858885-0203-s_lc.fits
31703593,33,tess2020351194500-s0033-0000000031703593-0203-s_lc.fits
30110048,33,tess2020351194500-s0033-0000000030110048-0203-s_lc.fits
7420438,33,tess2020351194500-s0033-0000000007420438-0203-s_lc.fits
30533103,33,tess2020351194500-s0033-0000000030533103-0203-s_lc.fits
350954351,33,tess2020351194500-s0033-0000000350954351-0203-s_lc.fits
157095651,33,tess2020351194500-s0033-0000000157095651-0203-s_lc.fits
262135579,33,tess2020351194500-s0033-0000000262135579-0203-s_lc.fits
385755036,33,tess2020351194500-s0033-0000000385755036-0203-s_lc.fits
134221782,33,tess2020351194500-s0033-0000000134221782-0203-s_lc.fits
119408572,33,tess2020351194500-s0033-0000000119408572-0203-s_lc.fits
167655573,33,tess2020351194500-s0033-0000000167655573-0203-s_lc.fits
67263924,33,tess2020351194500-s0033-0000000067263924-0203-s_lc.fits
287426689,33,tess2020351194500-s0033-0000000287426689-0203-s_lc.fits
99926410,33,tess2020351194500-s0033-0000000099926410-0203-s_lc.fits
284738182,33,tess2020351194500-s0033-0000000284738182-0203-s_lc.fits
59464453,33,tess2020351194500-s0033-0000000059464453-0203-s_lc.fits
97350288,33,tess2020351194500-s0033-0000000097350288-0203-s_lc.fits
262388530,33,tess2020351194500-s0033-0000000262388530-0203-s_lc.fits
369676873,33,tess2020351194500-s0033-0000000369676873-0203-s_lc.fits
317551159,33,tess2020351194500-s0033-0000000317551159-0203-s_lc.fits
333607525,33,tess2020351194500-s0033-0000000333607525-0203-s_lc.fits
36346725,33,tess2020351194500-s0033-0000000036346725-0203-s_lc.fits
26237113,33,tess2020351194500-s0033-0000000026237113-0203-s_lc.fits
52665781,33,tess2020351194500-s0033-0000000052665781-0203-s_lc.fits
100592226,33,tess2020351194500-s0033-0000000100592226-0203-s_lc.fits
238018277,33,tess2020351194500-s0033-0000000238018277-0203-s_lc.fits
280865270,33,tess2020351194500-s0033-0000000280865270-0203-s_lc.fits
232132603,33,tess2020351194500-s0033-0000000232132603-0203-s_lc.fits
684905448,33,tess2020351194500-s0033-0000000684905448-0203-s_lc.fits
279322566,33,tess2020351194500-s0033-0000000279322566-0203-s_lc.fits
124815581,33,tess2020351194500-s0033-0000000124815581-0203-s_lc.fits
22644202,33,tess2020351194500-s0033-0000000022644202-0203-s_lc.fits
440755032,33,tess2020351194500-s0033-0000000440755032-0203-s_lc.fits
292458007,33,tess2020351194500-s0033-0000000292458007-0203-s_lc.fits
207330231,33,tess2020351194500-s0033-0000000207330231-0203-s_lc.fits
64456296,33,tess2020351194500-s0033-0000000064456296-0203-s_lc.fits
260269838,33,tess2020351194500-s0033-0000000260269838-0203-s_lc.fits
140828663,33,tess2020351194500-s0033-0000000140828663-0203-s_lc.fits
219180206,33,tess2020351194500-s0033-0000000219180206-0203-s_lc.fits
279952371,33,tess2020351194500-s0033-0000000279952371-0203-s_lc.fits
23041132,33,tess2020351194500-s0033-0000000023041132-0203-s_lc.fits
20294651,33,tess2020351194500-s0033-0000000020294651-0203-s_lc.fits
119522571,33,tess2020351194500-s0033-0000000119522571-0203-s_lc.fits
177162886,33,tess2020351194500-s0033-0000000177162886-0203-s_lc.fits
55663720,33,tess2020351194500-s0033-0000000055663720-0203-s_lc.fits
177388571,33,tess2020351194500-s0033-0000000177388571-0203-s_lc.fits
267252501,33,tess2020351194500-s0033-0000000267252501-0203-s_lc.fits
295269819,33,tess2020351194500-s0033-0000000295269819-0203-s_lc.fits
100026924,33,tess2020351194500-s0033-0000000100026924-0203-s_lc.fits
63352746,33,tess2020351194500-s0033-0000000063352746-0203-s_lc.fits
52114921,33,tess2020351194500-s0033-0000000052114921-0203-s_lc.fits
300710077,33,tess2020351194500-s0033-0000000300710077-0203-s_lc.fits
37302368,33,tess2020351194500-s0033-0000000037302368-0203-s_lc.fits
32704298,33,tess2020351194500-s0033-0000000032704298-0203-s_lc.fits
293270257,33,tess2020351194500-s0033-0000000293270257-0203-s_lc.fits
141609929,33,tess2020351194500-s0033-0000000141609929-0203-s_lc.fits
255594552,33,tess2020351194500-s0033-0000000255594552-0203-s_lc.fits
71470522,33,tess2020351194500-s0033-0000000071470522-0203-s_lc.fits
26640993,33,tess2020351194500-s0033-0000000026640993-0203-s_lc.fits
144501158,33,tess2020351194500-s0033-0000000144501158-0203-s_lc.fits
98979713,33,tess2020351194500-s0033-0000000098979713-0203-s_lc.fits
364327514,33,tess2020351194500-s0033-0000000364327514-0203-s_lc.fits
148091863,33,tess2020351194500-s0033-0000000148091863-0203-s_lc.fits
350744678,33,tess2020351194500-s0033-0000000350744678-0203-s_lc.fits
149972207,33,tess2020351194500-s0033-0000000149972207-0203-s_lc.fits
48049755,33,tess2020351194500-s0033-0000000048049755-0203-s_lc.fits
61398294,33,tess2020351194500-s0033-0000000061398294-0203-s_lc.fits
231459697,33,tess2020351194500-s0033-0000000231459697-0203-s_lc.fits
350954931,33,tess2020351194500-s0033-0000000350954931-0203-s_lc.fits
237828450,33,tess2020351194500-s0033-0000000237828450-0203-s_lc.fits
22638542,33,tess2020351194500-s0033-0000000022638542-0203-s_lc.fits
350765589,33,tess2020351194500-s0033-0000000350765589-0203-s_lc.fits
263994044,33,tess2020351194500-s0033-0000000263994044-0203-s_lc.fits
167417444,33,tess2020351194500-s0033-0000000167417444-0203-s_lc.fits
24612751,33,tess2020351194500-s0033-0000000024612751-0203-s_lc.fits
96520633,33,tess2020351194500-s0033-0000000096520633-0203-s_lc.fits
46740552,33,tess2020351194500-s0033-0000000046740552-0203-s_lc.fits
317924515,33,tess2020351194500-s0033-0000000317924515-0203-s_lc.fits
91607950,33,tess2020351194500-s0033-0000000091607950-0203-s_lc.fits
220433364,33,tess2020351194500-s0033-0000000220433364-0203-s_lc.fits
278986663,33,tess2020351194500-s0033-0000000278986663-0203-s_lc.fits
237547243,33,tess2020351194500-s0033-0000000237547243-0203-s_lc.fits
350521141,33,tess2020351194500-s0033-0000000350521141-0203-s_lc.fits
220429292,33,tess2020351194500-s0033-0000000220429292-0203-s_lc.fits
250492521,33,tess2020351194500-s0033-0000000250492521-0203-s_lc.fits
281496732,33,tess2020351194500-s0033-0000000281496732-0203-s_lc.fits
234826609,33,tess2020351194500-s0033-0000000234826609-0203-s_lc.fits
25155310,33,tess2020351194500-s0033-0000000025155310-0203-s_lc.fits
306672432,33,tess2020351194500-s0033-0000000306672432-0203-s_lc.fits
333046258,33,tess2020351194500-s0033-0000000333046258-0203-s_lc.fits
48169270,33,tess2020351194500-s0033-0000000048169270-0203-s_lc.fits
10070522,33,tess2020351194500-s0033-0000000010070522-0203-s_lc.fits
206764343,33,tess2020351194500-s0033-0000000206764343-0203-s_lc.fits
294923213,33,tess2020351194500-s0033-0000000294923213-0203-s_lc.fits
4867918,33,tess2020351194500-s0033-0000000004867918-0203-s_lc.fits
95514970,33,tess2020351194500-s0033-0000000095514970-0203-s_lc.fits
155462018,33,tess2020351194500-s0033-0000000155462018-0203-s_lc.fits
438046408,33,tess2020351194500-s0033-0000000438046408-0203-s_lc.fits
31798926,33,tess2020351194500-s0033-0000000031798926-0203-s_lc.fits
300327482,33,tess2020351194500-s0033-0000000300327482-0203-s_lc.fits
386526430,33,tess2020351194500-s0033-0000000386526430-0203-s_lc.fits
23729859,33,tess2020351194500-s0033-0000000023729859-0203-s_lc.fits
147766579,33,tess2020351194500-s0033-0000000147766579-0203-s_lc.fits
149976535,33,tess2020351194500-s0033-0000000149976535-0203-s_lc.fits
38877496,33,tess2020351194500-s0033-0000000038877496-0203-s_lc.fits
130415267,33,tess2020351194500-s0033-0000000130415267-0203-s_lc.fits
287771689,33,tess2020351194500-s0033-0000000287771689-0203-s_lc.fits
48049341,33,tess2020351194500-s0033-0000000048049341-0203-s_lc.fits
157013634,33,tess2020351194500-s0033-0000000157013634-0203-s_lc.fits
151515809,33,tess2020351194500-s0033-0000000151515809-0203-s_lc.fits
319617190,33,tess2020351194500-s0033-0000000319617190-0203-s_lc.fits
22528659,33,tess2020351194500-s0033-0000000022528659-0203-s_lc.fits
66558380,33,tess2020351194500-s0033-0000000066558380-0203-s_lc.fits
49615022,33,tess2020351194500-s0033-0000000049615022-0203-s_lc.fits
201426753,33,tess2020351194500-s0033-0000000201426753-0203-s_lc.fits
71631629,33,tess2020351194500-s0033-0000000071631629-0203-s_lc.fits
37444563,33,tess2020351194500-s0033-0000000037444563-0203-s_lc.fits
25117645,33,tess2020351194500-s0033-0000000025117645-0203-s_lc.fits
370103170,33,tess2020351194500-s0033-0000000370103170-0203-s_lc.fits
234223044,33,tess2020351194500-s0033-0000000234223044-0203-s_lc.fits
37440650,33,tess2020351194500-s0033-0000000037440650-0203-s_lc.fits
25131892,33,tess2020351194500-s0033-0000000025131892-0203-s_lc.fits
255551757,33,tess2020351194500-s0033-0000000255551757-0203-s_lc.fits
91690128,33,tess2020351194500-s0033-0000000091690128-0203-s_lc.fits
234265236,33,tess2020351194500-s0033-0000000234265236-0203-s_lc.fits
350859549,33,tess2020351194500-s0033-0000000350859549-0203-s_lc.fits
453169418,33,tess2020351194500-s0033-0000000453169418-0203-s_lc.fits
278729421,33,tess2020351194500-s0033-0000000278729421-0203-s_lc.fits
382146692,33,tess2020351194500-s0033-0000000382146692-0203-s_lc.fits
220454984,33,tess2020351194500-s0033-0000000220454984-0203-s_lc.fits
150272277,33,tess2020351194500-s0033-0000000150272277-0203-s_lc.fits
12090588,33,tess2020351194500-s0033-0000000012090588-0203-s_lc.fits
282271804,33,tess2020351194500-s0033-0000000282271804-0203-s_lc.fits
299277639,33,tess2020351194500-s0033-0000000299277639-0203-s_lc.fits
294922279,33,tess2020351194500-s0033-0000000294922279-0203-s_lc.fits
287532010,33,tess2020351194500-s0033-0000000287532010-0203-s_lc.fits
176470488,33,tess2020351194500-s0033-0000000176470488-0203-s_lc.fits
141756213,33,tess2020351194500-s0033-0000000141756213-0203-s_lc.fits
290716988,33,tess2020351194500-s0033-0000000290716988-0203-s_lc.fits
299652148,33,tess2020351194500-s0033-0000000299652148-0203-s_lc.fits
260368003,33,tess2020351194500-s0033-0000000260368003-0203-s_lc.fits
180976160,33,tess2020351194500-s0033-0000000180976160-0203-s_lc.fits
438326011,33,tess2020351194500-s0033-0000000438326011-0203-s_lc.fits
306773020,33,tess2020351194500-s0033-0000000306773020-0203-s_lc.fits
47516263,33,tess2020351194500-s0033-0000000047516263-0203-s_lc.fits
255614399,33,tess2020351194500-s0033-0000000255614399-0203-s_lc.fits
120168238,33,tess2020351194500-s0033-0000000120168238-0203-s_lc.fits
167795786,33,tess2020351194500-s0033-0000000167795786-0203-s_lc.fits
40603990,33,tess2020351194500-s0033-0000000040603990-0203-s_lc.fits
284349207,33,tess2020351194500-s0033-0000000284349207-0203-s_lc.fits
141945112,33,tess2020351194500-s0033-0000000141945112-0203-s_lc.fits
355407951,33,tess2020351194500-s0033-0000000355407951-0203-s_lc.fits
192831602,33,tess2020351194500-s0033-0000000192831602-0203-s_lc.fits
445388001,33,tess2020351194500-s0033-0000000445388001-0203-s_lc.fits
201386362,33,tess2020351194500-s0033-0000000201386362-0203-s_lc.fits
277100123,33,tess2020351194500-s0033-0000000277100123-0203-s_lc.fits
714443420,33,tess2020351194500-s0033-0000000714443420-0203-s_lc.fits
97504034,33,tess2020351194500-s0033-0000000097504034-0203-s_lc.fits
53826859,33,tess2020351194500-s0033-0000000053826859-0203-s_lc.fits
300971168,33,tess2020351194500-s0033-0000000300971168-0203-s_lc.fits
20141010,33,tess2020351194500-s0033-0000000020141010-0203-s_lc.fits
261258358,33,tess2020351194500-s0033-0000000261258358-0203-s_lc.fits
141868836,33,tess2020351194500-s0033-0000000141868836-0203-s_lc.fits
255742143,33,tess2020351194500-s0033-0000000255742143-0203-s_lc.fits
53821336,33,tess2020351194500-s0033-0000000053821336-0203-s_lc.fits
180977590,33,tess2020351194500-s0033-0000000180977590-0203-s_lc.fits
124843469,33,tess2020351194500-s0033-0000000124843469-0203-s_lc.fits
220405048,33,tess2020351194500-s0033-0000000220405048-0203-s_lc.fits
40515514,33,tess2020351194500-s0033-0000000040515514-0203-s_lc.fits
238014634,33,tess2020351194500-s0033-0000000238014634-0203-s_lc.fits
299906916,33,tess2020351194500-s0033-0000000299906916-0203-s_lc.fits
100777592,33,tess2020351194500-s0033-0000000100777592-0203-s_lc.fits
350477148,33,tess2020351194500-s0033-0000000350477148-0203-s_lc.fits
296182274,33,tess2020351194500-s0033-0000000296182274-0203-s_lc.fits
177522836,33,tess2020351194500-s0033-0000000177522836-0203-s_lc.fits
434387470,33,tess2020351194500-s0033-0000000434387470-0203-s_lc.fits
166927456,33,tess2020351194500-s0033-0000000166927456-0203-s_lc.fits
55758201,33,tess2020351194500-s0033-0000000055758201-0203-s_lc.fits
106592311,33,tess2020351194500-s0033-0000000106592311-0203-s_lc.fits
157116348,33,tess2020351194500-s0033-0000000157116348-0203-s_lc.fits
425084797,33,tess2020351194500-s0033-0000000425084797-0203-s_lc.fits
120269103,33,tess2020351194500-s0033-0000000120269103-0203-s_lc.fits
100592330,33,tess2020351194500-s0033-0000000100592330-0203-s_lc.fits
237466150,33,tess2020351194500-s0033-0000000237466150-0203-s_lc.fits
49010533,33,tess2020351194500-s0033-0000000049010533-0203-s_lc.fits
37742654,33,tess2020351194500-s0033-0000000037742654-0203-s_lc.fits
39842949,33,tess2020351194500-s0033-0000000039842949-0203-s_lc.fits
309614870,33,tess2020351194500-s0033-0000000309614870-0203-s_lc.fits
404851207,33,tess2020351194500-s0033-0000000404851207-0203-s_lc.fits
318226322,33,tess2020351194500-s0033-0000000318226322-0203-s_lc.fits
713396002,33,tess2020351194500-s0033-0000000713396002-0203-s_lc.fits
7491381,33,tess2020351194500-s0033-0000000007491381-0203-s_lc.fits
80573487,33,tess2020351194500-s0033-0000000080573487-0203-s_lc.fits
52048433,33,tess2020351194500-s0033-0000000052048433-0203-s_lc.fits
438337430,33,tess2020351194500-s0033-0000000438337430-0203-s_lc.fits
237390110,33,tess2020351194500-s0033-0000000237390110-0203-s_lc.fits
294875052,33,tess2020351194500-s0033-0000000294875052-0203-s_lc.fits
147774272,33,tess2020351194500-s0033-0000000147774272-0203-s_lc.fits
33366702,33,tess2020351194500-s0033-0000000033366702-0203-s_lc.fits
41258067,33,tess2020351194500-s0033-0000000041258067-0203-s_lc.fits
176719688,33,tess2020351194500-s0033-0000000176719688-0203-s_lc.fits
771327296,33,tess2020351194500-s0033-0000000771327296-0203-s_lc.fits
307250231,33,tess2020351194500-s0033-0000000307250231-0203-s_lc.fits
144498813,33,tess2020351194500-s0033-0000000144498813-0203-s_lc.fits
23358430,33,tess2020351194500-s0033-0000000023358430-0203-s_lc.fits
53168235,33,tess2020351194500-s0033-0000000053168235-0203-s_lc.fits
167304016,33,tess2020351194500-s0033-0000000167304016-0203-s_lc.fits
271551109,33,tess2020351194500-s0033-0000000271551109-0203-s_lc.fits
349094709,33,tess2020351194500-s0033-0000000349094709-0203-s_lc.fits
777373755,33,tess2020351194500-s0033-0000000777373755-0203-s_lc.fits
232026516,33,tess2020351194500-s0033-0000000232026516-0203-s_lc.fits
46640274,33,tess2020351194500-s0033-0000000046640274-0203-s_lc.fits
150437065,33,tess2020351194500-s0033-0000000150437065-0203-s_lc.fits
14708888,33,tess2020351194500-s0033-0000000014708888-0203-s_lc.fits
234632938,33,tess2020351194500-s0033-0000000234632938-0203-s_lc.fits
66064190,33,tess2020351194500-s0033-0000000066064190-0203-s_lc.fits
293853437,33,tess2020351194500-s0033-0000000293853437-0203-s_lc.fits
32639833,33,tess2020351194500-s0033-0000000032639833-0203-s_lc.fits
290656185,33,tess2020351194500-s0033-0000000290656185-0203-s_lc.fits
219412114,33,tess2020351194500-s0033-0000000219412114-0203-s_lc.fits
157245226,33,tess2020351194500-s0033-0000000157245226-0203-s_lc.fits
235111917,33,tess2020351194500-s0033-0000000235111917-0203-s_lc.fits
382043915,33,tess2020351194500-s0033-0000000382043915-0203-s_lc.fits
150439989,33,tess2020351194500-s0033-0000000150439989-0203-s_lc.fits
260656380,33,tess2020351194500-s0033-0000000260656380-0203-s_lc.fits
307582242,33,tess2020351194500-s0033-0000000307582242-0203-s_lc.fits
37199319,33,tess2020351194500-s0033-0000000037199319-0203-s_lc.fits
143210698,33,tess2020351194500-s0033-0000000143210698-0203-s_lc.fits
32670349,33,tess2020351194500-s0033-0000000032670349-0203-s_lc.fits
165150900,33,tess2020351194500-s0033-0000000165150900-0203-s_lc.fits
176875114,33,tess2020351194500-s0033-0000000176875114-0203-s_lc.fits
31798594,33,tess2020351194500-s0033-0000000031798594-0203-s_lc.fits
231726523,33,tess2020351194500-s0033-0000000231726523-0203-s_lc.fits
340144400,33,tess2020351194500-s0033-0000000340144400-0203-s_lc.fits
79871597,33,tess2020351194500-s0033-0000000079871597-0203-s_lc.fits
150394536,33,tess2020351194500-s0033-0000000150394536-0203-s_lc.fits
140215502,33,tess2020351194500-s0033-0000000140215502-0203-s_lc.fits
166929186,33,tess2020351194500-s0033-0000000166929186-0203-s_lc.fits
219365276,33,tess2020351194500-s0033-0000000219365276-0203-s_lc.fits
290050847,33,tess2020351194500-s0033-0000000290050847-0203-s_lc.fits
177428155,33,tess2020351194500-s0033-0000000177428155-0203-s_lc.fits
234889774,33,tess2020351194500-s0033-0000000234889774-0203-s_lc.fits
192786303,33,tess2020351194500-s0033-0000000192786303-0203-s_lc.fits
55527543,33,tess2020351194500-s0033-0000000055527543-0203-s_lc.fits
299940359,33,tess2020351194500-s0033-0000000299940359-0203-s_lc.fits
257720478,33,tess2020351194500-s0033-0000000257720478-0203-s_lc.fits
238188583,33,tess2020351194500-s0033-0000000238188583-0203-s_lc.fits
255568312,33,tess2020351194500-s0033-0000000255568312-0203-s_lc.fits
33766129,33,tess2020351194500-s0033-0000000033766129-0203-s_lc.fits
38759499,33,tess2020351194500-s0033-0000000038759499-0203-s_lc.fits
156577475,33,tess2020351194500-s0033-0000000156577475-0203-s_lc.fits
238031526,33,tess2020351194500-s0033-0000000238031526-0203-s_lc.fits
279323744,33,tess2020351194500-s0033-0000000279323744-0203-s_lc.fits
220028962,33,tess2020351194500-s0033-0000000220028962-0203-s_lc.fits
176759358,33,tess2020351194500-s0033-0000000176759358-0203-s_lc.fits
172840198,33,tess2020351194500-s0033-0000000172840198-0203-s_lc.fits
147482651,33,tess2020351194500-s0033-0000000147482651-0203-s_lc.fits
237948262,33,tess2020351194500-s0033-0000000237948262-0203-s_lc.fits
141709846,33,tess2020351194500-s0033-0000000141709846-0203-s_lc.fits
283099821,33,tess2020351194500-s0033-0000000283099821-0203-s_lc.fits
354573158,33,tess2020351194500-s0033-0000000354573158-0203-s_lc.fits
53988092,33,tess2020351194500-s0033-0000000053988092-0203-s_lc.fits
106488712,33,tess2020351194500-s0033-0000000106488712-0203-s_lc.fits
270883012,33,tess2020351194500-s0033-0000000270883012-0203-s_lc.fits
10383659,33,tess2020351194500-s0033-0000000010383659-0203-s_lc.fits
349413813,33,tess2020351194500-s0033-0000000349413813-0203-s_lc.fits
23620210,33,tess2020351194500-s0033-0000000023620210-0203-s_lc.fits
167368442,33,tess2020351194500-s0033-0000000167368442-0203-s_lc.fits
264695169,33,tess2020351194500-s0033-0000000264695169-0203-s_lc.fits
382256404,33,tess2020351194500-s0033-0000000382256404-0203-s_lc.fits
453121720,33,tess2020351194500-s0033-0000000453121720-0203-s_lc.fits
388106735,33,tess2020351194500-s0033-0000000388106735-0203-s_lc.fits
119492190,33,tess2020351194500-s0033-0000000119492190-0203-s_lc.fits
177722855,33,tess2020351194500-s0033-0000000177722855-0203-s_lc.fits
48652745,33,tess2020351194500-s0033-0000000048652745-0203-s_lc.fits
284134458,33,tess2020351194500-s0033-0000000284134458-0203-s_lc.fits
151472541,33,tess2020351194500-s0033-0000000151472541-0203-s_lc.fits
24627008,33,tess2020351194500-s0033-0000000024627008-0203-s_lc.fits
277300709,33,tess2020351194500-s0033-0000000277300709-0203-s_lc.fits
317601968,33,tess2020351194500-s0033-0000000317601968-0203-s_lc.fits
81733603,33,tess2020351194500-s0033-0000000081733603-0203-s_lc.fits
388131072,33,tess2020351194500-s0033-0000000388131072-0203-s_lc.fits
237857666,33,tess2020351194500-s0033-0000000237857666-0203-s_lc.fits
251214770,33,tess2020351194500-s0033-0000000251214770-0203-s_lc.fits
317546326,33,tess2020351194500-s0033-0000000317546326-0203-s_lc.fits
255589393,33,tess2020351194500-s0033-0000000255589393-0203-s_lc.fits
39577627,33,tess2020351194500-s0033-0000000039577627-0203-s_lc.fits
51072816,33,tess2020351194500-s0033-0000000051072816-0203-s_lc.fits
66649183,33,tess2020351194500-s0033-0000000066649183-0203-s_lc.fits
320220653,33,tess2020351194500-s0033-0000000320220653-0203-s_lc.fits
53561803,33,tess2020351194500-s0033-0000000053561803-0203-s_lc.fits
120544954,33,tess2020351194500-s0033-0000000120544954-0203-s_lc.fits
261879040,33,tess2020351194500-s0033-0000000261879040-0203-s_lc.fits
382031932,33,tess2020351194500-s0033-0000000382031932-0203-s_lc.fits
733030384,33,tess2020351194500-s0033-0000000733030384-0203-s_lc.fits
207333854,33,tess2020351194500-s0033-0000000207333854-0203-s_lc.fits
38509758,33,tess2020351194500-s0033-0000000038509758-0203-s_lc.fits
219163715,33,tess2020351194500-s0033-0000000219163715-0203-s_lc.fits
306824150,33,tess2020351194500-s0033-0000000306824150-0203-s_lc.fits
336991651,33,tess2020351194500-s0033-0000000336991651-0203-s_lc.fits
237508512,33,tess2020351194500-s0033-0000000237508512-0203-s_lc.fits
170226130,33,tess2020351194500-s0033-0000000170226130-0203-s_lc.fits
220157760,33,tess2020351194500-s0033-0000000220157760-0203-s_lc.fits
43152747,33,tess2020351194500-s0033-0000000043152747-0203-s_lc.fits
22530506,33,tess2020351194500-s0033-0000000022530506-0203-s_lc.fits
20069221,33,tess2020351194500-s0033-0000000020069221-0203-s_lc.fits
51250654,33,tess2020351194500-s0033-0000000051250654-0203-s_lc.fits
124934678,33,tess2020351194500-s0033-0000000124934678-0203-s_lc.fits
738234795,33,tess2020351194500-s0033-0000000738234795-0203-s_lc.fits
279091327,33,tess2020351194500-s0033-0000000279091327-0203-s_lc.fits
119750987,33,tess2020351194500-s0033-0000000119750987-0203-s_lc.fits
80574577,33,tess2020351194500-s0033-0000000080574577-0203-s_lc.fits
237814328,33,tess2020351194500-s0033-0000000237814328-0203-s_lc.fits
26461838,33,tess2020351194500-s0033-0000000026461838-0203-s_lc.fits
271900258,33,tess2020351194500-s0033-0000000271900258-0203-s_lc.fits
241986555,33,tess2020351194500-s0033-0000000241986555-0203-s_lc.fits
99607788,33,tess2020351194500-s0033-0000000099607788-0203-s_lc.fits
262419926,33,tess2020351194500-s0033-0000000262419926-0203-s_lc.fits
271973989,33,tess2020351194500-s0033-0000000271973989-0203-s_lc.fits
150393302,33,tess2020351194500-s0033-0000000150393302-0203-s_lc.fits
232396068,33,tess2020351194500-s0033-0000000232396068-0203-s_lc.fits
22646527,33,tess2020351194500-s0033-0000000022646527-0203-s_lc.fits
38029387,33,tess2020351194500-s0033-0000000038029387-0203-s_lc.fits
319859250,33,tess2020351194500-s0033-0000000319859250-0203-s_lc.fits
192830878,33,tess2020351194500-s0033-0000000192830878-0203-s_lc.fits
374907509,33,tess2020351194500-s0033-0000000374907509-0203-s_lc.fits
364323837,33,tess2020351194500-s0033-0000000364323837-0203-s_lc.fits
32931316,33,tess2020351194500-s0033-0000000032931316-0203-s_lc.fits
374829238,33,tess2020351194500-s0033-0000000374829238-0203-s_lc.fits
63722540,33,tess2020351194500-s0033-0000000063722540-0203-s_lc.fits
59855698,33,tess2020351194500-s0033-0000000059855698-0203-s_lc.fits
307125717,33,tess2020351194500-s0033-0000000307125717-0203-s_lc.fits
281986810,33,tess2020351194500-s0033-0000000281986810-0203-s_lc.fits
167339970,33,tess2020351194500-s0033-0000000167339970-0203-s_lc.fits
382145619,33,tess2020351194500-s0033-0000000382145619-0203-s_lc.fits
235057253,33,tess2020351194500-s0033-0000000235057253-0203-s_lc.fits
268977216,33,tess2020351194500-s0033-0000000268977216-0203-s_lc.fits
684767045,33,tess2020351194500-s0033-0000000684767045-0203-s_lc.fits
443159313,33,tess2020351194500-s0033-0000000443159313-0203-s_lc.fits
34788872,33,tess2020351194500-s0033-0000000034788872-0203-s_lc.fits
287427040,33,tess2020351194500-s0033-0000000287427040-0203-s_lc.fits
7424133,33,tess2020351194500-s0033-0000000007424133-0203-s_lc.fits
65664136,33,tess2020351194500-s0033-0000000065664136-0203-s_lc.fits
144519212,33,tess2020351194500-s0033-0000000144519212-0203-s_lc.fits
382147310,33,tess2020351194500-s0033-0000000382147310-0203-s_lc.fits
457062689,33,tess2020351194500-s0033-0000000457062689-0203-s_lc.fits
32811633,33,tess2020351194500-s0033-0000000032811633-0203-s_lc.fits
52549426,33,tess2020351194500-s0033-0000000052549426-0203-s_lc.fits
192785210,33,tess2020351194500-s0033-0000000192785210-0203-s_lc.fits
32068500,33,tess2020351194500-s0033-0000000032068500-0203-s_lc.fits
287534359,33,tess2020351194500-s0033-0000000287534359-0203-s_lc.fits
322739898,33,tess2020351194500-s0033-0000000322739898-0203-s_lc.fits
403696283,33,tess2020351194500-s0033-0000000403696283-0203-s_lc.fits
147261641,33,tess2020351194500-s0033-0000000147261641-0203-s_lc.fits
141624659,33,tess2020351194500-s0033-0000000141624659-0203-s_lc.fits
737658854,33,tess2020351194500-s0033-0000000737658854-0203-s_lc.fits
235123545,33,tess2020351194500-s0033-0000000235123545-0203-s_lc.fits
176720730,33,tess2020351194500-s0033-0000000176720730-0203-s_lc.fits
49387822,33,tess2020351194500-s0033-0000000049387822-0203-s_lc.fits
350764741,33,tess2020351194500-s0033-0000000350764741-0203-s_lc.fits
67091860,33,tess2020351194500-s0033-0000000067091860-0203-s_lc.fits
386484847,33,tess2020351194500-s0033-0000000386484847-0203-s_lc.fits
374996363,33,tess2020351194500-s0033-0000000374996363-0203-s_lc.fits
165210241,33,tess2020351194500-s0033-0000000165210241-0203-s_lc.fits
179438643,33,tess2020351194500-s0033-0000000179438643-0203-s_lc.fits
30469371,33,tess2020351194500-s0033-0000000030469371-0203-s_lc.fits
350715999,33,tess2020351194500-s0033-0000000350715999-0203-s_lc.fits
59533868,33,tess2020351194500-s0033-0000000059533868-0203-s_lc.fits
232153452,33,tess2020351194500-s0033-0000000232153452-0203-s_lc.fits
150272965,33,tess2020351194500-s0033-0000000150272965-0203-s_lc.fits
231819720,33,tess2020351194500-s0033-0000000231819720-0203-s_lc.fits
32052027,33,tess2020351194500-s0033-0000000032052027-0203-s_lc.fits
354519019,33,tess2020351194500-s0033-0000000354519019-0203-s_lc.fits
150322991,33,tess2020351194500-s0033-0000000150322991-0203-s_lc.fits
231085102,33,tess2020351194500-s0033-0000000231085102-0203-s_lc.fits
95251342,33,tess2020351194500-s0033-0000000095251342-0203-s_lc.fits
306335743,33,tess2020351194500-s0033-0000000306335743-0203-s_lc.fits
393268173,33,tess2020351194500-s0033-0000000393268173-0203-s_lc.fits
71623781,33,tess2020351194500-s0033-0000000071623781-0203-s_lc.fits
123557418,33,tess2020351194500-s0033-0000000123557418-0203-s_lc.fits
306664945,33,tess2020351194500-s0033-0000000306664945-0203-s_lc.fits
156835814,33,tess2020351194500-s0033-0000000156835814-0203-s_lc.fits
403692674,33,tess2020351194500-s0033-0000000403692674-0203-s_lc.fits
220622923,33,tess2020351194500-s0033-0000000220622923-0203-s_lc.fits
261950022,33,tess2020351194500-s0033-0000000261950022-0203-s_lc.fits
100761787,33,tess2020351194500-s0033-0000000100761787-0203-s_lc.fits
53823089,33,tess2020351194500-s0033-0000000053823089-0203-s_lc.fits
201514183,33,tess2020351194500-s0033-0000000201514183-0203-s_lc.fits
37438832,33,tess2020351194500-s0033-0000000037438832-0203-s_lc.fits
14493540,33,tess2020351194500-s0033-0000000014493540-0203-s_lc.fits
282083856,33,tess2020351194500-s0033-0000000282083856-0203-s_lc.fits
382202081,33,tess2020351194500-s0033-0000000382202081-0203-s_lc.fits
31378822,33,tess2020351194500-s0033-0000000031378822-0203-s_lc.fits
178583309,33,tess2020351194500-s0033-0000000178583309-0203-s_lc.fits
766027393,33,tess2020351194500-s0033-0000000766027393-0203-s_lc.fits
142466957,33,tess2020351194500-s0033-0000000142466957-0203-s_lc.fits
382187513,33,tess2020351194500-s0033-0000000382187513-0203-s_lc.fits
97798366,33,tess2020351194500-s0033-0000000097798366-0203-s_lc.fits
294927550,33,tess2020351194500-s0033-0000000294927550-0203-s_lc.fits
26587095,33,tess2020351194500-s0033-0000000026587095-0203-s_lc.fits
294977381,33,tess2020351194500-s0033-0000000294977381-0203-s_lc.fits
141269407,33,tess2020351194500-s0033-0000000141269407-0203-s_lc.fits
235303852,33,tess2020351194500-s0033-0000000235303852-0203-s_lc.fits
350560188,33,tess2020351194500-s0033-0000000350560188-0203-s_lc.fits
317484055,33,tess2020351194500-s0033-0000000317484055-0203-s_lc.fits
159061998,33,tess2020351194500-s0033-0000000159061998-0203-s_lc.fits
176982966,33,tess2020351194500-s0033-0000000176982966-0203-s_lc.fits
373917936,33,tess2020351194500-s0033-0000000373917936-0203-s_lc.fits
167042979,33,tess2020351194500-s0033-0000000167042979-0203-s_lc.fits
307722444,33,tess2020351194500-s0033-0000000307722444-0203-s_lc.fits
206906112,33,tess2020351194500-s0033-0000000206906112-0203-s_lc.fits
262202255,33,tess2020351194500-s0033-0000000262202255-0203-s_lc.fits
350443140,33,tess2020351194500-s0033-0000000350443140-0203-s_lc.fits
276864159,33,tess2020351194500-s0033-0000000276864159-0203-s_lc.fits
373594336,33,tess2020351194500-s0033-0000000373594336-0203-s_lc.fits
22641999,33,tess2020351194500-s0033-0000000022641999-0203-s_lc.fits
279361762,33,tess2020351194500-s0033-0000000279361762-0203-s_lc.fits
140661368,33,tess2020351194500-s0033-0000000140661368-0203-s_lc.fits
61587960,33,tess2020351194500-s0033-0000000061587960-0203-s_lc.fits
410870901,33,tess2020351194500-s0033-0000000410870901-0203-s_lc.fits
381925941,33,tess2020351194500-s0033-0000000381925941-0203-s_lc.fits
130575126,33,tess2020351194500-s0033-0000000130575126-0203-s_lc.fits
53458501,33,tess2020351194500-s0033-0000000053458501-0203-s_lc.fits
80287881,33,tess2020351194500-s0033-0000000080287881-0203-s_lc.fits
293134045,33,tess2020351194500-s0033-0000000293134045-0203-s_lc.fits
41529307,33,tess2020351194500-s0033-0000000041529307-0203-s_lc.fits
124777953,33,tess2020351194500-s0033-0000000124777953-0203-s_lc.fits
140998522,33,tess2020351194500-s0033-0000000140998522-0203-s_lc.fits
14447812,33,tess2020351194500-s0033-0000000014447812-0203-s_lc.fits
166984745,33,tess2020351194500-s0033-0000000166984745-0203-s_lc.fits
443001096,33,tess2020351194500-s0033-0000000443001096-0203-s_lc.fits
177785200,33,tess2020351194500-s0033-0000000177785200-0203-s_lc.fits
143169804,33,tess2020351194500-s0033-0000000143169804-0203-s_lc.fits
270810315,33,tess2020351194500-s0033-0000000270810315-0203-s_lc.fits
71680231,33,tess2020351194500-s0033-0000000071680231-0203-s_lc.fits
63421039,33,tess2020351194500-s0033-0000000063421039-0203-s_lc.fits
363913209,33,tess2020351194500-s0033-0000000363913209-0203-s_lc.fits
123901856,33,tess2020351194500-s0033-0000000123901856-0203-s_lc.fits
255570210,33,tess2020351194500-s0033-0000000255570210-0203-s_lc.fits
758520658,33,tess2020351194500-s0033-0000000758520658-0203-s_lc.fits
172924466,33,tess2020351194500-s0033-0000000172924466-0203-s_lc.fits
150393049,33,tess2020351194500-s0033-0000000150393049-0203-s_lc.fits
81737290,33,tess2020351194500-s0033-0000000081737290-0203-s_lc.fits
32781276,33,tess2020351194500-s0033-0000000032781276-0203-s_lc.fits
173180301,33,tess2020351194500-s0033-0000000173180301-0203-s_lc.fits
41463058,33,tess2020351194500-s0033-0000000041463058-0203-s_lc.fits
736595224,33,tess2020351194500-s0033-0000000736595224-0203-s_lc.fits
710786115,33,tess2020351194500-s0033-0000000710786115-0203-s_lc.fits
65472324,33,tess2020351194500-s0033-0000000065472324-0203-s_lc.fits
24532370,33,tess2020351194500-s0033-0000000024532370-0203-s_lc.fits
37443756,33,tess2020351194500-s0033-0000000037443756-0203-s_lc.fits
64140928,33,tess2020351194500-s0033-0000000064140928-0203-s_lc.fits
155085358,33,tess2020351194500-s0033-0000000155085358-0203-s_lc.fits
124377750,33,tess2020351194500-s0033-0000000124377750-0203-s_lc.fits
255687507,33,tess2020351194500-s0033-0000000255687507-0203-s_lc.fits
177019667,33,tess2020351194500-s0033-0000000177019667-0203-s_lc.fits
320742492,33,tess2020351194500-s0033-0000000320742492-0203-s_lc.fits
130574705,33,tess2020351194500-s0033-0000000130574705-0203-s_lc.fits
251288692,33,tess2020351194500-s0033-0000000251288692-0203-s_lc.fits
260503914,33,tess2020351194500-s0033-0000000260503914-0203-s_lc.fits
777495470,33,tess2020351194500-s0033-0000000777495470-0203-s_lc.fits
149347365,33,tess2020351194500-s0033-0000000149347365-0203-s_lc.fits
55405087,33,tess2020351194500-s0033-0000000055405087-0203-s_lc.fits
63202939,33,tess2020351194500-s0033-0000000063202939-0203-s_lc.fits
97061559,33,tess2020351194500-s0033-0000000097061559-0203-s_lc.fits
434292536,33,tess2020351194500-s0033-0000000434292536-0203-s_lc.fits
141769356,33,tess2020351194500-s0033-0000000141769356-0203-s_lc.fits
33869474,33,tess2020351194500-s0033-0000000033869474-0203-s_lc.fits
124079977,33,tess2020351194500-s0033-0000000124079977-0203-s_lc.fits
219364896,33,tess2020351194500-s0033-0000000219364896-0203-s_lc.fits
167716879,33,tess2020351194500-s0033-0000000167716879-0203-s_lc.fits
206856569,33,tess2020351194500-s0033-0000000206856569-0203-s_lc.fits
148485720,33,tess2020351194500-s0033-0000000148485720-0203-s_lc.fits
283208265,33,tess2020351194500-s0033-0000000283208265-0203-s_lc.fits
409535103,33,tess2020351194500-s0033-0000000409535103-0203-s_lc.fits
333435899,33,tess2020351194500-s0033-0000000333435899-0203-s_lc.fits
299943748,33,tess2020351194500-s0033-0000000299943748-0203-s_lc.fits
350764186,33,tess2020351194500-s0033-0000000350764186-0203-s_lc.fits
229237092,33,tess2020351194500-s0033-0000000229237092-0203-s_lc.fits
408968142,33,tess2020351194500-s0033-0000000408968142-0203-s_lc.fits
93281916,33,tess2020351194500-s0033-0000000093281916-0203-s_lc.fits
350744293,33,tess2020351194500-s0033-0000000350744293-0203-s_lc.fits
220414019,33,tess2020351194500-s0033-0000000220414019-0203-s_lc.fits
804804891,33,tess2020351194500-s0033-0000000804804891-0203-s_lc.fits
220478211,33,tess2020351194500-s0033-0000000220478211-0203-s_lc.fits
32707866,33,tess2020351194500-s0033-0000000032707866-0203-s_lc.fits
118797097,33,tess2020351194500-s0033-0000000118797097-0203-s_lc.fits
167574667,33,tess2020351194500-s0033-0000000167574667-0203-s_lc.fits
29625205,33,tess2020351194500-s0033-0000000029625205-0203-s_lc.fits
123726611,33,tess2020351194500-s0033-0000000123726611-0203-s_lc.fits
148290432,33,tess2020351194500-s0033-0000000148290432-0203-s_lc.fits
277025859,33,tess2020351194500-s0033-0000000277025859-0203-s_lc.fits
291395887,33,tess2020351194500-s0033-0000000291395887-0203-s_lc.fits
98551310,33,tess2020351194500-s0033-0000000098551310-0203-s_lc.fits
260045741,33,tess2020351194500-s0033-0000000260045741-0203-s_lc.fits
167746151,33,tess2020351194500-s0033-0000000167746151-0203-s_lc.fits
64540162,33,tess2020351194500-s0033-0000000064540162-0203-s_lc.fits
231097055,33,tess2020351194500-s0033-0000000231097055-0203-s_lc.fits
97717096,33,tess2020351194500-s0033-0000000097717096-0203-s_lc.fits
220407530,33,tess2020351194500-s0033-0000000220407530-0203-s_lc.fits
306773450,33,tess2020351194500-s0033-0000000306773450-0203-s_lc.fits
220602709,33,tess2020351194500-s0033-0000000220602709-0203-s_lc.fits
41111517,33,tess2020351194500-s0033-0000000041111517-0203-s_lc.fits
7444778,33,tess2020351194500-s0033-0000000007444778-0203-s_lc.fits
279055960,33,tess2020351194500-s0033-0000000279055960-0203-s_lc.fits
33063882,33,tess2020351194500-s0033-0000000033063882-0203-s_lc.fits
387337655,33,tess2020351194500-s0033-0000000387337655-0203-s_lc.fits
167037835,33,tess2020351194500-s0033-0000000167037835-0203-s_lc.fits
232053129,33,tess2020351194500-s0033-0000000232053129-0203-s_lc.fits
192847648,33,tess2020351194500-s0033-0000000192847648-0203-s_lc.fits
130574688,33,tess2020351194500-s0033-0000000130574688-0203-s_lc.fits
55497549,33,tess2020351194500-s0033-0000000055497549-0203-s_lc.fits
443165350,33,tess2020351194500-s0033-0000000443165350-0203-s_lc.fits
758496580,33,tess2020351194500-s0033-0000000758496580-0203-s_lc.fits
393119976,33,tess2020351194500-s0033-0000000393119976-0203-s_lc.fits
177514185,33,tess2020351194500-s0033-0000000177514185-0203-s_lc.fits
165148663,33,tess2020351194500-s0033-0000000165148663-0203-s_lc.fits
270883477,33,tess2020351194500-s0033-0000000270883477-0203-s_lc.fits
391926765,33,tess2020351194500-s0033-0000000391926765-0203-s_lc.fits
141911744,33,tess2020351194500-s0033-0000000141911744-0203-s_lc.fits
207271453,33,tess2020351194500-s0033-0000000207271453-0203-s_lc.fits
192852713,33,tess2020351194500-s0033-0000000192852713-0203-s_lc.fits
53411081,33,tess2020351194500-s0033-0000000053411081-0203-s_lc.fits
177253136,33,tess2020351194500-s0033-0000000177253136-0203-s_lc.fits
22600192,33,tess2020351194500-s0033-0000000022600192-0203-s_lc.fits
317094235,33,tess2020351194500-s0033-0000000317094235-0203-s_lc.fits
32053388,33,tess2020351194500-s0033-0000000032053388-0203-s_lc.fits
333505144,33,tess2020351194500-s0033-0000000333505144-0203-s_lc.fits
453856447,33,tess2020351194500-s0033-0000000453856447-0203-s_lc.fits
242250358,33,tess2020351194500-s0033-0000000242250358-0203-s_lc.fits
38583537,33,tess2020351194500-s0033-0000000038583537-0203-s_lc.fits
167747439,33,tess2020351194500-s0033-0000000167747439-0203-s_lc.fits
177161030,33,tess2020351194500-s0033-0000000177161030-0203-s_lc.fits
147314529,33,tess2020351194500-s0033-0000000147314529-0203-s_lc.fits
234215979,33,tess2020351194500-s0033-0000000234215979-0203-s_lc.fits
234825296,33,tess2020351194500-s0033-0000000234825296-0203-s_lc.fits
177351052,33,tess2020351194500-s0033-0000000177351052-0203-s_lc.fits
271594769,33,tess2020351194500-s0033-0000000271594769-0203-s_lc.fits
235223398,33,tess2020351194500-s0033-0000000235223398-0203-s_lc.fits
59900884,33,tess2020351194500-s0033-0000000059900884-0203-s_lc.fits
271725674,33,tess2020351194500-s0033-0000000271725674-0203-s_lc.fits
141911519,33,tess2020351194500-s0033-0000000141911519-0203-s_lc.fits
706277917,33,tess2020351194500-s0033-0000000706277917-0203-s_lc.fits
142717546,33,tess2020351194500-s0033-0000000142717546-0203-s_lc.fits
177129056,33,tess2020351194500-s0033-0000000177129056-0203-s_lc.fits
434369717,33,tess2020351194500-s0033-0000000434369717-0203-s_lc.fits
234880837,33,tess2020351194500-s0033-0000000234880837-0203-s_lc.fits
425067154,33,tess2020351194500-s0033-0000000425067154-0203-s_lc.fits
263700572,33,tess2020351194500-s0033-0000000263700572-0203-s_lc.fits
404852217,33,tess2020351194500-s0033-0000000404852217-0203-s_lc.fits
220616167,33,tess2020351194500-s0033-0000000220616167-0203-s_lc.fits
231915546,33,tess2020351194500-s0033-0000000231915546-0203-s_lc.fits
408974302,33,tess2020351194500-s0033-0000000408974302-0203-s_lc.fits
219399318,33,tess2020351194500-s0033-0000000219399318-0203-s_lc.fits
306895365,33,tess2020351194500-s0033-0000000306895365-0203-s_lc.fits
29629924,33,tess2020351194500-s0033-0000000029629924-0203-s_lc.fits
300556974,33,tess2020351194500-s0033-0000000300556974-0203-s_lc.fits
38845575,33,tess2020351194500-s0033-0000000038845575-0203-s_lc.fits
284447197,33,tess2020351194500-s0033-0000000284447197-0203-s_lc.fits
220622820,33,tess2020351194500-s0033-0000000220622820-0203-s_lc.fits
262386586,33,tess2020351194500-s0033-0000000262386586-0203-s_lc.fits
148407463,33,tess2020351194500-s0033-0000000148407463-0203-s_lc.fits
142086091,33,tess2020351194500-s0033-0000000142086091-0203-s_lc.fits
91790437,33,tess2020351194500-s0033-0000000091790437-0203-s_lc.fits
231815777,33,tess2020351194500-s0033-0000000231815777-0203-s_lc.fits
60245596,33,tess2020351194500-s0033-0000000060245596-0203-s_lc.fits
167795033,33,tess2020351194500-s0033-0000000167795033-0203-s_lc.fits
358337205,33,tess2020351194500-s0033-0000000358337205-0203-s_lc.fits
159025645,33,tess2020351194500-s0033-0000000159025645-0203-s_lc.fits
307075530,33,tess2020351194500-s0033-0000000307075530-0203-s_lc.fits
234265351,33,tess2020351194500-s0033-0000000234265351-0203-s_lc.fits
237446854,33,tess2020351194500-s0033-0000000237446854-0203-s_lc.fits
232020501,33,tess2020351194500-s0033-0000000232020501-0203-s_lc.fits
437897943,33,tess2020351194500-s0033-0000000437897943-0203-s_lc.fits
766018849,33,tess2020351194500-s0033-0000000766018849-0203-s_lc.fits
235333325,33,tess2020351194500-s0033-0000000235333325-0203-s_lc.fits
220281554,33,tess2020351194500-s0033-0000000220281554-0203-s_lc.fits
49183658,33,tess2020351194500-s0033-0000000049183658-0203-s_lc.fits
42894283,33,tess2020351194500-s0033-0000000042894283-0203-s_lc.fits
300013921,33,tess2020351194500-s0033-0000000300013921-0203-s_lc.fits
141156816,33,tess2020351194500-s0033-0000000141156816-0203-s_lc.fits
142527130,33,tess2020351194500-s0033-0000000142527130-0203-s_lc.fits
21579153,33,tess2020351194500-s0033-0000000021579153-0203-s_lc.fits
81938199,33,tess2020351194500-s0033-0000000081938199-0203-s_lc.fits
71472558,33,tess2020351194500-s0033-0000000071472558-0203-s_lc.fits
408908792,33,tess2020351194500-s0033-0000000408908792-0203-s_lc.fits
270474524,33,tess2020351194500-s0033-0000000270474524-0203-s_lc.fits
220457024,33,tess2020351194500-s0033-0000000220457024-0203-s_lc.fits
229342361,33,tess2020351194500-s0033-0000000229342361-0203-s_lc.fits
149538780,33,tess2020351194500-s0033-0000000149538780-0203-s_lc.fits
24535022,33,tess2020351194500-s0033-0000000024535022-0203-s_lc.fits
301390596,33,tess2020351194500-s0033-0000000301390596-0203-s_lc.fits
247866345,33,tess2020351194500-s0033-0000000247866345-0203-s_lc.fits
124027193,33,tess2020351194500-s0033-0000000124027193-0203-s_lc.fits
125682038,33,tess2020351194500-s0033-0000000125682038-0203-s_lc.fits
270677372,33,tess2020351194500-s0033-0000000270677372-0203-s_lc.fits
354769371,33,tess2020351194500-s0033-0000000354769371-0203-s_lc.fits
66741547,33,tess2020351194500-s0033-0000000066741547-0203-s_lc.fits
388106759,33,tess2020351194500-s0033-0000000388106759-0203-s_lc.fits
37385143,33,tess2020351194500-s0033-0000000037385143-0203-s_lc.fits
337079971,33,tess2020351194500-s0033-0000000337079971-0203-s_lc.fits
81326087,33,tess2020351194500-s0033-0000000081326087-0203-s_lc.fits
299899690,33,tess2020351194500-s0033-0000000299899690-0203-s_lc.fits
339735559,33,tess2020351194500-s0033-0000000339735559-0203-s_lc.fits
167552090,33,tess2020351194500-s0033-0000000167552090-0203-s_lc.fits
37305968,33,tess2020351194500-s0033-0000000037305968-0203-s_lc.fits
78667783,33,tess2020351194500-s0033-0000000078667783-0203-s_lc.fits
38827175,33,tess2020351194500-s0033-0000000038827175-0203-s_lc.fits
123571675,33,tess2020351194500-s0033-0000000123571675-0203-s_lc.fits
4783276,33,tess2020351194500-s0033-0000000004783276-0203-s_lc.fits
271807631,33,tess2020351194500-s0033-0000000271807631-0203-s_lc.fits
176470335,33,tess2020351194500-s0033-0000000176470335-0203-s_lc.fits
220435980,33,tess2020351194500-s0033-0000000220435980-0203-s_lc.fits
358111484,33,tess2020351194500-s0033-0000000358111484-0203-s_lc.fits
130468368,33,tess2020351194500-s0033-0000000130468368-0203-s_lc.fits
339773576,33,tess2020351194500-s0033-0000000339773576-0203-s_lc.fits
123958679,33,tess2020351194500-s0033-0000000123958679-0203-s_lc.fits
293347413,33,tess2020351194500-s0033-0000000293347413-0203-s_lc.fits
255559203,33,tess2020351194500-s0033-0000000255559203-0203-s_lc.fits
201466029,33,tess2020351194500-s0033-0000000201466029-0203-s_lc.fits
349375298,33,tess2020351194500-s0033-0000000349375298-0203-s_lc.fits
387274045,33,tess2020351194500-s0033-0000000387274045-0203-s_lc.fits
30191789,33,tess2020351194500-s0033-0000000030191789-0203-s_lc.fits
158870584,33,tess2020351194500-s0033-0000000158870584-0203-s_lc.fits
140284971,33,tess2020351194500-s0033-0000000140284971-0203-s_lc.fits
79300889,33,tess2020351194500-s0033-0000000079300889-0203-s_lc.fits
294982517,33,tess2020351194500-s0033-0000000294982517-0203-s_lc.fits
280532893,33,tess2020351194500-s0033-0000000280532893-0203-s_lc.fits
177349901,33,tess2020351194500-s0033-0000000177349901-0203-s_lc.fits
66159809,33,tess2020351194500-s0033-0000000066159809-0203-s_lc.fits
235387655,33,tess2020351194500-s0033-0000000235387655-0203-s_lc.fits
33835660,33,tess2020351194500-s0033-0000000033835660-0203-s_lc.fits
33467986,33,tess2020351194500-s0033-0000000033467986-0203-s_lc.fits
232155376,33,tess2020351194500-s0033-0000000232155376-0203-s_lc.fits
317190576,33,tess2020351194500-s0033-0000000317190576-0203-s_lc.fits
757807802,33,tess2020351194500-s0033-0000000757807802-0203-s_lc.fits
33098362,33,tess2020351194500-s0033-0000000033098362-0203-s_lc.fits
72093098,33,tess2020351194500-s0033-0000000072093098-0203-s_lc.fits
31945363,33,tess2020351194500-s0033-0000000031945363-0203-s_lc.fits
382303117,33,tess2020351194500-s0033-0000000382303117-0203-s_lc.fits
234554415,33,tess2020351194500-s0033-0000000234554415-0203-s_lc.fits
299802045,33,tess2020351194500-s0033-0000000299802045-0203-s_lc.fits
234722605,33,tess2020351194500-s0033-0000000234722605-0203-s_lc.fits
32053380,33,tess2020351194500-s0033-0000000032053380-0203-s_lc.fits
140564986,33,tess2020351194500-s0033-0000000140564986-0203-s_lc.fits
21434293,33,tess2020351194500-s0033-0000000021434293-0203-s_lc.fits
207279228,33,tess2020351194500-s0033-0000000207279228-0203-s_lc.fits
443450930,33,tess2020351194500-s0033-0000000443450930-0203-s_lc.fits
141278888,33,tess2020351194500-s0033-0000000141278888-0203-s_lc.fits
247900246,33,tess2020351194500-s0033-0000000247900246-0203-s_lc.fits
176957154,33,tess2020351194500-s0033-0000000176957154-0203-s_lc.fits
140564036,33,tess2020351194500-s0033-0000000140564036-0203-s_lc.fits
177115492,33,tess2020351194500-s0033-0000000177115492-0203-s_lc.fits
32033695,33,tess2020351194500-s0033-0000000032033695-0203-s_lc.fits
430421867,33,tess2020351194500-s0033-0000000430421867-0203-s_lc.fits
81733033,33,tess2020351194500-s0033-0000000081733033-0203-s_lc.fits
153097724,33,tess2020351194500-s0033-0000000153097724-0203-s_lc.fits
381974193,33,tess2020351194500-s0033-0000000381974193-0203-s_lc.fits
123980109,33,tess2020351194500-s0033-0000000123980109-0203-s_lc.fits
706424793,33,tess2020351194500-s0033-0000000706424793-0203-s_lc.fits
14494295,33,tess2020351194500-s0033-0000000014494295-0203-s_lc.fits
403693202,33,tess2020351194500-s0033-0000000403693202-0203-s_lc.fits
231816142,33,tess2020351194500-s0033-0000000231816142-0203-s_lc.fits
306633635,33,tess2020351194500-s0033-0000000306633635-0203-s_lc.fits
150272447,33,tess2020351194500-s0033-0000000150272447-0203-s_lc.fits
293223588,33,tess2020351194500-s0033-0000000293223588-0203-s_lc.fits
453102989,33,tess2020351194500-s0033-0000000453102989-0203-s_lc.fits
176522518,33,tess2020351194500-s0033-0000000176522518-0203-s_lc.fits
111314129,33,tess2020351194500-s0033-0000000111314129-0203-s_lc.fits
235057105,33,tess2020351194500-s0033-0000000235057105-0203-s_lc.fits
22602342,33,tess2020351194500-s0033-0000000022602342-0203-s_lc.fits
278731274,33,tess2020351194500-s0033-0000000278731274-0203-s_lc.fits
100830765,33,tess2020351194500-s0033-0000000100830765-0203-s_lc.fits
238189493,33,tess2020351194500-s0033-0000000238189493-0203-s_lc.fits
231088021,33,tess2020351194500-s0033-0000000231088021-0203-s_lc.fits
142720790,33,tess2020351194500-s0033-0000000142720790-0203-s_lc.fits
32554144,33,tess2020351194500-s0033-0000000032554144-0203-s_lc.fits
33362448,33,tess2020351194500-s0033-0000000033362448-0203-s_lc.fits
270976216,33,tess2020351194500-s0033-0000000270976216-0203-s_lc.fits
177857452,33,tess2020351194500-s0033-0000000177857452-0203-s_lc.fits
38877461,33,tess2020351194500-s0033-0000000038877461-0203-s_lc.fits
55661346,33,tess2020351194500-s0033-0000000055661346-0203-s_lc.fits
32928606,33,tess2020351194500-s0033-0000000032928606-0203-s_lc.fits
167600746,33,tess2020351194500-s0033-0000000167600746-0203-s_lc.fits
149250753,33,tess2020351194500-s0033-0000000149250753-0203-s_lc.fits
178636784,33,tess2020351194500-s0033-0000000178636784-0203-s_lc.fits
443368973,33,tess2020351194500-s0033-0000000443368973-0203-s_lc.fits
293345927,33,tess2020351194500-s0033-0000000293345927-0203-s_lc.fits
219372829,33,tess2020351194500-s0033-0000000219372829-0203-s_lc.fits
317023330,33,tess2020351194500-s0033-0000000317023330-0203-s_lc.fits
410898932,33,tess2020351194500-s0033-0000000410898932-0203-s_lc.fits
445451781,33,tess2020351194500-s0033-0000000445451781-0203-s_lc.fits
160327595,33,tess2020351194500-s0033-0000000160327595-0203-s_lc.fits
179637387,33,tess2020351194500-s0033-0000000179637387-0203-s_lc.fits
39221853,33,tess2020351194500-s0033-0000000039221853-0203-s_lc.fits
72342571,33,tess2020351194500-s0033-0000000072342571-0203-s_lc.fits
277103906,33,tess2020351194500-s0033-0000000277103906-0203-s_lc.fits
290876310,33,tess2020351194500-s0033-0000000290876310-0203-s_lc.fits
88921674,33,tess2020351194500-s0033-0000000088921674-0203-s_lc.fits
150361503,33,tess2020351194500-s0033-0000000150361503-0203-s_lc.fits
299901449,33,tess2020351194500-s0033-0000000299901449-0203-s_lc.fits
119364279,33,tess2020351194500-s0033-0000000119364279-0203-s_lc.fits
295624699,33,tess2020351194500-s0033-0000000295624699-0203-s_lc.fits
99683262,33,tess2020351194500-s0033-0000000099683262-0203-s_lc.fits
97928797,33,tess2020351194500-s0033-0000000097928797-0203-s_lc.fits
33714404,33,tess2020351194500-s0033-0000000033714404-0203-s_lc.fits
219418877,33,tess2020351194500-s0033-0000000219418877-0203-s_lc.fits
150165182,33,tess2020351194500-s0033-0000000150165182-0203-s_lc.fits
300933050,33,tess2020351194500-s0033-0000000300933050-0203-s_lc.fits
97859093,33,tess2020351194500-s0033-0000000097859093-0203-s_lc.fits
55523390,33,tess2020351194500-s0033-0000000055523390-0203-s_lc.fits
172742334,33,tess2020351194500-s0033-0000000172742334-0203-s_lc.fits
140280436,33,tess2020351194500-s0033-0000000140280436-0203-s_lc.fits
151515712,33,tess2020351194500-s0033-0000000151515712-0203-s_lc.fits
149539918,33,tess2020351194500-s0033-0000000149539918-0203-s_lc.fits
220395502,33,tess2020351194500-s0033-0000000220395502-0203-s_lc.fits
21626728,33,tess2020351194500-s0033-0000000021626728-0203-s_lc.fits
148322148,33,tess2020351194500-s0033-0000000148322148-0203-s_lc.fits
148127364,33,tess2020351194500-s0033-0000000148127364-0203-s_lc.fits
97960808,33,tess2020351194500-s0033-0000000097960808-0203-s_lc.fits
317698908,33,tess2020351194500-s0033-0000000317698908-0203-s_lc.fits
48394292,33,tess2020351194500-s0033-0000000048394292-0203-s_lc.fits
141756992,33,tess2020351194500-s0033-0000000141756992-0203-s_lc.fits
40901715,33,tess2020351194500-s0033-0000000040901715-0203-s_lc.fits
235184836,33,tess2020351194500-s0033-0000000235184836-0203-s_lc.fits
123669290,33,tess2020351194500-s0033-0000000123669290-0203-s_lc.fits
382066186,33,tess2020351194500-s0033-0000000382066186-0203-s_lc.fits
770851828,33,tess2020351194500-s0033-0000000770851828-0203-s_lc.fits
231084328,33,tess2020351194500-s0033-0000000231084328-0203-s_lc.fits
349764087,33,tess2020351194500-s0033-0000000349764087-0203-s_lc.fits
157398551,33,tess2020351194500-s0033-0000000157398551-0203-s_lc.fits
340174478,33,tess2020351194500-s0033-0000000340174478-0203-s_lc.fits
178434777,33,tess2020351194500-s0033-0000000178434777-0203-s_lc.fits
141772259,33,tess2020351194500-s0033-0000000141772259-0203-s_lc.fits
255697796,33,tess2020351194500-s0033-0000000255697796-0203-s_lc.fits
300510333,33,tess2020351194500-s0033-0000000300510333-0203-s_lc.fits
299316594,33,tess2020351194500-s0033-0000000299316594-0203-s_lc.fits
32036692,33,tess2020351194500-s0033-0000000032036692-0203-s_lc.fits
48458024,33,tess2020351194500-s0033-0000000048458024-0203-s_lc.fits
322684166,33,tess2020351194500-s0033-0000000322684166-0203-s_lc.fits
51398640,33,tess2020351194500-s0033-0000000051398640-0203-s_lc.fits
260476400,33,tess2020351194500-s0033-0000000260476400-0203-s_lc.fits
72489832,33,tess2020351194500-s0033-0000000072489832-0203-s_lc.fits
72094344,33,tess2020351194500-s0033-0000000072094344-0203-s_lc.fits
207308667,33,tess2020351194500-s0033-0000000207308667-0203-s_lc.fits
93209580,33,tess2020351194500-s0033-0000000093209580-0203-s_lc.fits
177611923,33,tess2020351194500-s0033-0000000177611923-0203-s_lc.fits
260369411,33,tess2020351194500-s0033-0000000260369411-0203-s_lc.fits
373682056,33,tess2020351194500-s0033-0000000373682056-0203-s_lc.fits
157534210,33,tess2020351194500-s0033-0000000157534210-0203-s_lc.fits
106581487,33,tess2020351194500-s0033-0000000106581487-0203-s_lc.fits
47910521,33,tess2020351194500-s0033-0000000047910521-0203-s_lc.fits
235170988,33,tess2020351194500-s0033-0000000235170988-0203-s_lc.fits
250444261,33,tess2020351194500-s0033-0000000250444261-0203-s_lc.fits
443387626,33,tess2020351194500-s0033-0000000443387626-0203-s_lc.fits
156834549,33,tess2020351194500-s0033-0000000156834549-0203-s_lc.fits
291499489,33,tess2020351194500-s0033-0000000291499489-0203-s_lc.fits
141975620,33,tess2020351194500-s0033-0000000141975620-0203-s_lc.fits
98812198,33,tess2020351194500-s0033-0000000098812198-0203-s_lc.fits
167524278,33,tess2020351194500-s0033-0000000167524278-0203-s_lc.fits
167116306,33,tess2020351194500-s0033-0000000167116306-0203-s_lc.fits
706214540,33,tess2020351194500-s0033-0000000706214540-0203-s_lc.fits
350841387,33,tess2020351194500-s0033-0000000350841387-0203-s_lc.fits
124122562,33,tess2020351194500-s0033-0000000124122562-0203-s_lc.fits
48094866,33,tess2020351194500-s0033-0000000048094866-0203-s_lc.fits
67164474,33,tess2020351194500-s0033-0000000067164474-0203-s_lc.fits
349784936,33,tess2020351194500-s0033-0000000349784936-0203-s_lc.fits
350860063,33,tess2020351194500-s0033-0000000350860063-0203-s_lc.fits
140861548,33,tess2020351194500-s0033-0000000140861548-0203-s_lc.fits
150323684,33,tess2020351194500-s0033-0000000150323684-0203-s_lc.fits
21630711,33,tess2020351194500-s0033-0000000021630711-0203-s_lc.fits
149126810,33,tess2020351194500-s0033-0000000149126810-0203-s_lc.fits
140607207,33,tess2020351194500-s0033-0000000140607207-0203-s_lc.fits
176875632,33,tess2020351194500-s0033-0000000176875632-0203-s_lc.fits
100202918,33,tess2020351194500-s0033-0000000100202918-0203-s_lc.fits
64134910,33,tess2020351194500-s0033-0000000064134910-0203-s_lc.fits
48544557,33,tess2020351194500-s0033-0000000048544557-0203-s_lc.fits
382157244,33,tess2020351194500-s0033-0000000382157244-0203-s_lc.fits
64546583,33,tess2020351194500-s0033-0000000064546583-0203-s_lc.fits
79534690,33,tess2020351194500-s0033-0000000079534690-0203-s_lc.fits
144517183,33,tess2020351194500-s0033-0000000144517183-0203-s_lc.fits
119936904,33,tess2020351194500-s0033-0000000119936904-0203-s_lc.fits
52907439,33,tess2020351194500-s0033-0000000052907439-0203-s_lc.fits
272359411,33,tess2020351194500-s0033-0000000272359411-0203-s_lc.fits
95054567,33,tess2020351194500-s0033-0000000095054567-0203-s_lc.fits
300703532,33,tess2020351194500-s0033-0000000300703532-0203-s_lc.fits
278990954,33,tess2020351194500-s0033-0000000278990954-0203-s_lc.fits
264161313,33,tess2020351194500-s0033-0000000264161313-0203-s_lc.fits
38761440,33,tess2020351194500-s0033-0000000038761440-0203-s_lc.fits
382028509,33,tess2020351194500-s0033-0000000382028509-0203-s_lc.fits
95403487,33,tess2020351194500-s0033-0000000095403487-0203-s_lc.fits
709081060,33,tess2020351194500-s0033-0000000709081060-0203-s_lc.fits
147037759,33,tess2020351194500-s0033-0000000147037759-0203-s_lc.fits
257721857,33,tess2020351194500-s0033-0000000257721857-0203-s_lc.fits
168054079,33,tess2020351194500-s0033-0000000168054079-0203-s_lc.fits
177353450,33,tess2020351194500-s0033-0000000177353450-0203-s_lc.fits
202118168,33,tess2020351194500-s0033-0000000202118168-0203-s_lc.fits
300513645,33,tess2020351194500-s0033-0000000300513645-0203-s_lc.fits
22603574,33,tess2020351194500-s0033-0000000022603574-0203-s_lc.fits
38636037,33,tess2020351194500-s0033-0000000038636037-0203-s_lc.fits
177164901,33,tess2020351194500-s0033-0000000177164901-0203-s_lc.fits
158824739,33,tess2020351194500-s0033-0000000158824739-0203-s_lc.fits
219196118,33,tess2020351194500-s0033-0000000219196118-0203-s_lc.fits
151234400,33,tess2020351194500-s0033-0000000151234400-0203-s_lc.fits
78819124,33,tess2020351194500-s0033-0000000078819124-0203-s_lc.fits
155085196,33,tess2020351194500-s0033-0000000155085196-0203-s_lc.fits
38508639,33,tess2020351194500-s0033-0000000038508639-0203-s_lc.fits
11896135,33,tess2020351194500-s0033-0000000011896135-0203-s_lc.fits
155308262,33,tess2020351194500-s0033-0000000155308262-0203-s_lc.fits
278897257,33,tess2020351194500-s0033-0000000278897257-0203-s_lc.fits
262389991,33,tess2020351194500-s0033-0000000262389991-0203-s_lc.fits
220407807,33,tess2020351194500-s0033-0000000220407807-0203-s_lc.fits
318800360,33,tess2020351194500-s0033-0000000318800360-0203-s_lc.fits
299833266,33,tess2020351194500-s0033-0000000299833266-0203-s_lc.fits
391892132,33,tess2020351194500-s0033-0000000391892132-0203-s_lc.fits
141436267,33,tess2020351194500-s0033-0000000141436267-0203-s_lc.fits
348995668,33,tess2020351194500-s0033-0000000348995668-0203-s_lc.fits
167694800,33,tess2020351194500-s0033-0000000167694800-0203-s_lc.fits
51411768,33,tess2020351194500-s0033-0000000051411768-0203-s_lc.fits
33716196,33,tess2020351194500-s0033-0000000033716196-0203-s_lc.fits
251116550,33,tess2020351194500-s0033-0000000251116550-0203-s_lc.fits
232169168,33,tess2020351194500-s0033-0000000232169168-0203-s_lc.fits
294099086,33,tess2020351194500-s0033-0000000294099086-0203-s_lc.fits
32704778,33,tess2020351194500-s0033-0000000032704778-0203-s_lc.fits
4782041,33,tess2020351194500-s0033-0000000004782041-0203-s_lc.fits
350433501,33,tess2020351194500-s0033-0000000350433501-0203-s_lc.fits
140529555,33,tess2020351194500-s0033-0000000140529555-0203-s_lc.fits
167164253,33,tess2020351194500-s0033-0000000167164253-0203-s_lc.fits
270577437,33,tess2020351194500-s0033-0000000270577437-0203-s_lc.fits
350819945,33,tess2020351194500-s0033-0000000350819945-0203-s_lc.fits
24889410,33,tess2020351194500-s0033-0000000024889410-0203-s_lc.fits
393295744,33,tess2020351194500-s0033-0000000393295744-0203-s_lc.fits
124377012,33,tess2020351194500-s0033-0000000124377012-0203-s_lc.fits
32068755,33,tess2020351194500-s0033-0000000032068755-0203-s_lc.fits
71581249,33,tess2020351194500-s0033-0000000071581249-0203-s_lc.fits
293970254,33,tess2020351194500-s0033-0000000293970254-0203-s_lc.fits
66771618,33,tess2020351194500-s0033-0000000066771618-0203-s_lc.fits
436422931,33,tess2020351194500-s0033-0000000436422931-0203-s_lc.fits
220395015,33,tess2020351194500-s0033-0000000220395015-0203-s_lc.fits
38516338,33,tess2020351194500-s0033-0000000038516338-0203-s_lc.fits
33743341,33,tess2020351194500-s0033-0000000033743341-0203-s_lc.fits
48648651,33,tess2020351194500-s0033-0000000048648651-0203-s_lc.fits
167035243,33,tess2020351194500-s0033-0000000167035243-0203-s_lc.fits
49314914,33,tess2020351194500-s0033-0000000049314914-0203-s_lc.fits
453098772,33,tess2020351194500-s0033-0000000453098772-0203-s_lc.fits
232369923,33,tess2020351194500-s0033-0000000232369923-0203-s_lc.fits
237950422,33,tess2020351194500-s0033-0000000237950422-0203-s_lc.fits
299909339,33,tess2020351194500-s0033-0000000299909339-0203-s_lc.fits
306367357,33,tess2020351194500-s0033-0000000306367357-0203-s_lc.fits
255784198,33,tess2020351194500-s0033-0000000255784198-0203-s_lc.fits
288157648,33,tess2020351194500-s0033-0000000288157648-0203-s_lc.fits
457062681,33,tess2020351194500-s0033-0000000457062681-0203-s_lc.fits
140576174,33,tess2020351194500-s0033-0000000140576174-0203-s_lc.fits
280114324,33,tess2020351194500-s0033-0000000280114324-0203-s_lc.fits
30186108,33,tess2020351194500-s0033-0000000030186108-0203-s_lc.fits
301781283,33,tess2020351194500-s0033-0000000301781283-0203-s_lc.fits
278867391,33,tess2020351194500-s0033-0000000278867391-0203-s_lc.fits
340063145,33,tess2020351194500-s0033-0000000340063145-0203-s_lc.fits
55650170,33,tess2020351194500-s0033-0000000055650170-0203-s_lc.fits
36559320,33,tess2020351194500-s0033-0000000036559320-0203-s_lc.fits
149120602,33,tess2020351194500-s0033-0000000149120602-0203-s_lc.fits
278777358,33,tess2020351194500-s0033-0000000278777358-0203-s_lc.fits
300510624,33,tess2020351194500-s0033-0000000300510624-0203-s_lc.fits
179437523,33,tess2020351194500-s0033-0000000179437523-0203-s_lc.fits
276793644,33,tess2020351194500-s0033-0000000276793644-0203-s_lc.fits
372850543,33,tess2020351194500-s0033-0000000372850543-0203-s_lc.fits
93373082,33,tess2020351194500-s0033-0000000093373082-0203-s_lc.fits
282607496,33,tess2020351194500-s0033-0000000282607496-0203-s_lc.fits
322823692,33,tess2020351194500-s0033-0000000322823692-0203-s_lc.fits
771574700,33,tess2020351194500-s0033-0000000771574700-0203-s_lc.fits
232420468,33,tess2020351194500-s0033-0000000232420468-0203-s_lc.fits
151515611,33,tess2020351194500-s0033-0000000151515611-0203-s_lc.fits
37352458,33,tess2020351194500-s0033-0000000037352458-0203-s_lc.fits
319933613,33,tess2020351194500-s0033-0000000319933613-0203-s_lc.fits
764567763,33,tess2020351194500-s0033-0000000764567763-0203-s_lc.fits
170105243,33,tess2020351194500-s0033-0000000170105243-0203-s_lc.fits
14614026,33,tess2020351194500-s0033-0000000014614026-0203-s_lc.fits
179039934,33,tess2020351194500-s0033-0000000179039934-0203-s_lc.fits
282796140,33,tess2020351194500-s0033-0000000282796140-0203-s_lc.fits
100659590,33,tess2020351194500-s0033-0000000100659590-0203-s_lc.fits
40511114,33,tess2020351194500-s0033-0000000040511114-0203-s_lc.fits
31402098,33,tess2020351194500-s0033-0000000031402098-0203-s_lc.fits
306470369,33,tess2020351194500-s0033-0000000306470369-0203-s_lc.fits
37877179,33,tess2020351194500-s0033-0000000037877179-0203-s_lc.fits
31674970,33,tess2020351194500-s0033-0000000031674970-0203-s_lc.fits
33833289,33,tess2020351194500-s0033-0000000033833289-0203-s_lc.fits
119364533,33,tess2020351194500-s0033-0000000119364533-0203-s_lc.fits
343964592,33,tess2020351194500-s0033-0000000343964592-0203-s_lc.fits
60034797,33,tess2020351194500-s0033-0000000060034797-0203-s_lc.fits
157080766,33,tess2020351194500-s0033-0000000157080766-0203-s_lc.fits
177078970,33,tess2020351194500-s0033-0000000177078970-0203-s_lc.fits
237927164,33,tess2020351194500-s0033-0000000237927164-0203-s_lc.fits
143143975,33,tess2020351194500-s0033-0000000143143975-0203-s_lc.fits
231487228,33,tess2020351194500-s0033-0000000231487228-0203-s_lc.fits
255756592,33,tess2020351194500-s0033-0000000255756592-0203-s_lc.fits
143208968,33,tess2020351194500-s0033-0000000143208968-0203-s_lc.fits
14443862,33,tess2020351194500-s0033-0000000014443862-0203-s_lc.fits
64439356,33,tess2020351194500-s0033-0000000064439356-0203-s_lc.fits
391903734,33,tess2020351194500-s0033-0000000391903734-0203-s_lc.fits
339960900,33,tess2020351194500-s0033-0000000339960900-0203-s_lc.fits
5463313,33,tess2020351194500-s0033-0000000005463313-0203-s_lc.fits
231925611,33,tess2020351194500-s0033-0000000231925611-0203-s_lc.fits
382032572,33,tess2020351194500-s0033-0000000382032572-0203-s_lc.fits
38602305,33,tess2020351194500-s0033-0000000038602305-0203-s_lc.fits
148581160,33,tess2020351194500-s0033-0000000148581160-0203-s_lc.fits
302963175,33,tess2020351194500-s0033-0000000302963175-0203-s_lc.fits
33934272,33,tess2020351194500-s0033-0000000033934272-0203-s_lc.fits
124937388,33,tess2020351194500-s0033-0000000124937388-0203-s_lc.fits
300015239,33,tess2020351194500-s0033-0000000300015239-0203-s_lc.fits
264081268,33,tess2020351194500-s0033-0000000264081268-0203-s_lc.fits
150430404,33,tess2020351194500-s0033-0000000150430404-0203-s_lc.fits
155463741,33,tess2020351194500-s0033-0000000155463741-0203-s_lc.fits
291472600,33,tess2020351194500-s0033-0000000291472600-0203-s_lc.fits
93445759,33,tess2020351194500-s0033-0000000093445759-0203-s_lc.fits
141479552,33,tess2020351194500-s0033-0000000141479552-0203-s_lc.fits
220425626,33,tess2020351194500-s0033-0000000220425626-0203-s_lc.fits
307476811,33,tess2020351194500-s0033-0000000307476811-0203-s_lc.fits
234935247,33,tess2020351194500-s0033-0000000234935247-0203-s_lc.fits
271640913,33,tess2020351194500-s0033-0000000271640913-0203-s_lc.fits
147942269,33,tess2020351194500-s0033-0000000147942269-0203-s_lc.fits
276935996,33,tess2020351194500-s0033-0000000276935996-0203-s_lc.fits
445998692,33,tess2020351194500-s0033-0000000445998692-0203-s_lc.fits
141943941,33,tess2020351194500-s0033-0000000141943941-0203-s_lc.fits
232276620,33,tess2020351194500-s0033-0000000232276620-0203-s_lc.fits
20141594,33,tess2020351194500-s0033-0000000020141594-0203-s_lc.fits
272130547,33,tess2020351194500-s0033-0000000272130547-0203-s_lc.fits
282119088,33,tess2020351194500-s0033-0000000282119088-0203-s_lc.fits
232194231,33,tess2020351194500-s0033-0000000232194231-0203-s_lc.fits
168267920,33,tess2020351194500-s0033-0000000168267920-0203-s_lc.fits
440758758,33,tess2020351194500-s0033-0000000440758758-0203-s_lc.fits
287956474,33,tess2020351194500-s0033-0000000287956474-0203-s_lc.fits
41464373,33,tess2020351194500-s0033-0000000041464373-0203-s_lc.fits
150437479,33,tess2020351194500-s0033-0000000150437479-0203-s_lc.fits
31962935,33,tess2020351194500-s0033-0000000031962935-0203-s_lc.fits
178638631,33,tess2020351194500-s0033-0000000178638631-0203-s_lc.fits
322817976,33,tess2020351194500-s0033-0000000322817976-0203-s_lc.fits
354571604,33,tess2020351194500-s0033-0000000354571604-0203-s_lc.fits
141096229,33,tess2020351194500-s0033-0000000141096229-0203-s_lc.fits
231724423,33,tess2020351194500-s0033-0000000231724423-0203-s_lc.fits
43323522,33,tess2020351194500-s0033-0000000043323522-0203-s_lc.fits
37995230,33,tess2020351194500-s0033-0000000037995230-0203-s_lc.fits
201492721,33,tess2020351194500-s0033-0000000201492721-0203-s_lc.fits
278727563,33,tess2020351194500-s0033-0000000278727563-0203-s_lc.fits
168429921,33,tess2020351194500-s0033-0000000168429921-0203-s_lc.fits
675252588,33,tess2020351194500-s0033-0000000675252588-0203-s_lc.fits
176663783,33,tess2020351194500-s0033-0000000176663783-0203-s_lc.fits
309755084,33,tess2020351194500-s0033-0000000309755084-0203-s_lc.fits
42639800,33,tess2020351194500-s0033-0000000042639800-0203-s_lc.fits
120269093,33,tess2020351194500-s0033-0000000120269093-0203-s_lc.fits
81584371,33,tess2020351194500-s0033-0000000081584371-0203-s_lc.fits
66494675,33,tess2020351194500-s0033-0000000066494675-0203-s_lc.fits
348957839,33,tess2020351194500-s0033-0000000348957839-0203-s_lc.fits
293936969,33,tess2020351194500-s0033-0000000293936969-0203-s_lc.fits
150440362,33,tess2020351194500-s0033-0000000150440362-0203-s_lc.fits
157567602,33,tess2020351194500-s0033-0000000157567602-0203-s_lc.fits
255683588,33,tess2020351194500-s0033-0000000255683588-0203-s_lc.fits
296179024,33,tess2020351194500-s0033-0000000296179024-0203-s_lc.fits
34188884,33,tess2020351194500-s0033-0000000034188884-0203-s_lc.fits
14560855,33,tess2020351194500-s0033-0000000014560855-0203-s_lc.fits
173083360,33,tess2020351194500-s0033-0000000173083360-0203-s_lc.fits
102281507,33,tess2020351194500-s0033-0000000102281507-0203-s_lc.fits
293694352,33,tess2020351194500-s0033-0000000293694352-0203-s_lc.fits
31926807,33,tess2020351194500-s0033-0000000031926807-0203-s_lc.fits
172739492,33,tess2020351194500-s0033-0000000172739492-0203-s_lc.fits
393090183,33,tess2020351194500-s0033-0000000393090183-0203-s_lc.fits
119490935,33,tess2020351194500-s0033-0000000119490935-0203-s_lc.fits
7491610,33,tess2020351194500-s0033-0000000007491610-0203-s_lc.fits
318661383,33,tess2020351194500-s0033-0000000318661383-0203-s_lc.fits
192834450,33,tess2020351194500-s0033-0000000192834450-0203-s_lc.fits
284029149,33,tess2020351194500-s0033-0000000284029149-0203-s_lc.fits
404854454,33,tess2020351194500-s0033-0000000404854454-0203-s_lc.fits
177283605,33,tess2020351194500-s0033-0000000177283605-0203-s_lc.fits
219146720,33,tess2020351194500-s0033-0000000219146720-0203-s_lc.fits
300323956,33,tess2020351194500-s0033-0000000300323956-0203-s_lc.fits
318048214,33,tess2020351194500-s0033-0000000318048214-0203-s_lc.fits
260608510,33,tess2020351194500-s0033-0000000260608510-0203-s_lc.fits
287718001,33,tess2020351194500-s0033-0000000287718001-0203-s_lc.fits
278023061,33,tess2020351194500-s0033-0000000278023061-0203-s_lc.fits
259646836,33,tess2020351194500-s0033-0000000259646836-0203-s_lc.fits
52641320,33,tess2020351194500-s0033-0000000052641320-0203-s_lc.fits
176957378,33,tess2020351194500-s0033-0000000176957378-0203-s_lc.fits
340176098,33,tess2020351194500-s0033-0000000340176098-0203-s_lc.fits
177658577,33,tess2020351194500-s0033-0000000177658577-0203-s_lc.fits
78485877,33,tess2020351194500-s0033-0000000078485877-0203-s_lc.fits
96734769,33,tess2020351194500-s0033-0000000096734769-0203-s_lc.fits
176955664,33,tess2020351194500-s0033-0000000176955664-0203-s_lc.fits
281916641,33,tess2020351194500-s0033-0000000281916641-0203-s_lc.fits
172404771,33,tess2020351194500-s0033-0000000172404771-0203-s_lc.fits
260372065,33,tess2020351194500-s0033-0000000260372065-0203-s_lc.fits
744736785,33,tess2020351194500-s0033-0000000744736785-0203-s_lc.fits
349370777,33,tess2020351194500-s0033-0000000349370777-0203-s_lc.fits
39669647,33,tess2020351194500-s0033-0000000039669647-0203-s_lc.fits
153210467,33,tess2020351194500-s0033-0000000153210467-0203-s_lc.fits
65659471,33,tess2020351194500-s0033-0000000065659471-0203-s_lc.fits
350296377,33,tess2020351194500-s0033-0000000350296377-0203-s_lc.fits
60347513,33,tess2020351194500-s0033-0000000060347513-0203-s_lc.fits
318051383,33,tess2020351194500-s0033-0000000318051383-0203-s_lc.fits
93443410,33,tess2020351194500-s0033-0000000093443410-0203-s_lc.fits
167752082,33,tess2020351194500-s0033-0000000167752082-0203-s_lc.fits
685087366,33,tess2020351194500-s0033-0000000685087366-0203-s_lc.fits
158031904,33,tess2020351194500-s0033-0000000158031904-0203-s_lc.fits
172120110,33,tess2020351194500-s0033-0000000172120110-0203-s_lc.fits
255638398,33,tess2020351194500-s0033-0000000255638398-0203-s_lc.fits
119171945,33,tess2020351194500-s0033-0000000119171945-0203-s_lc.fits
348956945,33,tess2020351194500-s0033-0000000348956945-0203-s_lc.fits
219410829,33,tess2020351194500-s0033-0000000219410829-0203-s_lc.fits
201427724,33,tess2020351194500-s0033-0000000201427724-0203-s_lc.fits
150358991,33,tess2020351194500-s0033-0000000150358991-0203-s_lc.fits
158111591,33,tess2020351194500-s0033-0000000158111591-0203-s_lc.fits
97163050,33,tess2020351194500-s0033-0000000097163050-0203-s_lc.fits
156885718,33,tess2020351194500-s0033-0000000156885718-0203-s_lc.fits
235077029,33,tess2020351194500-s0033-0000000235077029-0203-s_lc.fits
32555874,33,tess2020351194500-s0033-0000000032555874-0203-s_lc.fits
30312800,33,tess2020351194500-s0033-0000000030312800-0203-s_lc.fits
255633006,33,tess2020351194500-s0033-0000000255633006-0203-s_lc.fits
235172793,33,tess2020351194500-s0033-0000000235172793-0203-s_lc.fits
5194562,33,tess2020351194500-s0033-0000000005194562-0203-s_lc.fits
262613531,33,tess2020351194500-s0033-0000000262613531-0203-s_lc.fits
514747665,33,tess2020351194500-s0033-0000000514747665-0203-s_lc.fits
147030724,33,tess2020351194500-s0033-0000000147030724-0203-s_lc.fits
299281055,33,tess2020351194500-s0033-0000000299281055-0203-s_lc.fits
142471457,33,tess2020351194500-s0033-0000000142471457-0203-s_lc.fits
291574894,33,tess2020351194500-s0033-0000000291574894-0203-s_lc.fits
733027940,33,tess2020351194500-s0033-0000000733027940-0203-s_lc.fits
262602504,33,tess2020351194500-s0033-0000000262602504-0203-s_lc.fits
177334365,33,tess2020351194500-s0033-0000000177334365-0203-s_lc.fits
235056185,33,tess2020351194500-s0033-0000000235056185-0203-s_lc.fits
410899017,33,tess2020351194500-s0033-0000000410899017-0203-s_lc.fits
337389951,33,tess2020351194500-s0033-0000000337389951-0203-s_lc.fits
350841880,33,tess2020351194500-s0033-0000000350841880-0203-s_lc.fits
170157959,33,tess2020351194500-s0033-0000000170157959-0203-s_lc.fits
232050525,33,tess2020351194500-s0033-0000000232050525-0203-s_lc.fits
142082642,33,tess2020351194500-s0033-0000000142082642-0203-s_lc.fits
242060936,33,tess2020351194500-s0033-0000000242060936-0203-s_lc.fits
38907808,33,tess2020351194500-s0033-0000000038907808-0203-s_lc.fits
201466789,33,tess2020351194500-s0033-0000000201466789-0203-s_lc.fits
282495214,33,tess2020351194500-s0033-0000000282495214-0203-s_lc.fits
141975926,33,tess2020351194500-s0033-0000000141975926-0203-s_lc.fits
443024270,33,tess2020351194500-s0033-0000000443024270-0203-s_lc.fits
22870872,33,tess2020351194500-s0033-0000000022870872-0203-s_lc.fits
220480450,33,tess2020351194500-s0033-0000000220480450-0203-s_lc.fits
220436020,33,tess2020351194500-s0033-0000000220436020-0203-s_lc.fits
149274310,33,tess2020351194500-s0033-0000000149274310-0203-s_lc.fits
48404829,33,tess2020351194500-s0033-0000000048404829-0203-s_lc.fits
387150255,33,tess2020351194500-s0033-0000000387150255-0203-s_lc.fits
66889317,33,tess2020351194500-s0033-0000000066889317-0203-s_lc.fits
29628184,33,tess2020351194500-s0033-0000000029628184-0203-s_lc.fits
49189967,33,tess2020351194500-s0033-0000000049189967-0203-s_lc.fits
167395275,33,tess2020351194500-s0033-0000000167395275-0203-s_lc.fits
276863889,33,tess2020351194500-s0033-0000000276863889-0203-s_lc.fits
219410598,33,tess2020351194500-s0033-0000000219410598-0203-s_lc.fits
220427015,33,tess2020351194500-s0033-0000000220427015-0203-s_lc.fits
89005080,33,tess2020351194500-s0033-0000000089005080-0203-s_lc.fits
149388662,33,tess2020351194500-s0033-0000000149388662-0203-s_lc.fits
206900826,33,tess2020351194500-s0033-0000000206900826-0203-s_lc.fits
293648970,33,tess2020351194500-s0033-0000000293648970-0203-s_lc.fits
80660279,33,tess2020351194500-s0033-0000000080660279-0203-s_lc.fits
7464248,33,tess2020351194500-s0033-0000000007464248-0203-s_lc.fits
32556028,33,tess2020351194500-s0033-0000000032556028-0203-s_lc.fits
156759343,33,tess2020351194500-s0033-0000000156759343-0203-s_lc.fits
147835092,33,tess2020351194500-s0033-0000000147835092-0203-s_lc.fits
300162674,33,tess2020351194500-s0033-0000000300162674-0203-s_lc.fits
260041257,33,tess2020351194500-s0033-0000000260041257-0203-s_lc.fits
438014342,33,tess2020351194500-s0033-0000000438014342-0203-s_lc.fits
281718808,33,tess2020351194500-s0033-0000000281718808-0203-s_lc.fits
287717369,33,tess2020351194500-s0033-0000000287717369-0203-s_lc.fits
235050846,33,tess2020351194500-s0033-0000000235050846-0203-s_lc.fits
317025332,33,tess2020351194500-s0033-0000000317025332-0203-s_lc.fits
65902532,33,tess2020351194500-s0033-0000000065902532-0203-s_lc.fits
66563515,33,tess2020351194500-s0033-0000000066563515-0203-s_lc.fits
42230518,33,tess2020351194500-s0033-0000000042230518-0203-s_lc.fits
294306184,33,tess2020351194500-s0033-0000000294306184-0203-s_lc.fits
60352201,33,tess2020351194500-s0033-0000000060352201-0203-s_lc.fits
294867833,33,tess2020351194500-s0033-0000000294867833-0203-s_lc.fits
48517295,33,tess2020351194500-s0033-0000000048517295-0203-s_lc.fits
149060586,33,tess2020351194500-s0033-0000000149060586-0203-s_lc.fits
350708379,33,tess2020351194500-s0033-0000000350708379-0203-s_lc.fits
141606660,33,tess2020351194500-s0033-0000000141606660-0203-s_lc.fits
167812449,33,tess2020351194500-s0033-0000000167812449-0203-s_lc.fits
124183524,33,tess2020351194500-s0033-0000000124183524-0203-s_lc.fits
431479944,33,tess2020351194500-s0033-0000000431479944-0203-s_lc.fits
55269981,33,tess2020351194500-s0033-0000000055269981-0203-s_lc.fits
453107159,33,tess2020351194500-s0033-0000000453107159-0203-s_lc.fits
279571832,33,tess2020351194500-s0033-0000000279571832-0203-s_lc.fits
300138745,33,tess2020351194500-s0033-0000000300138745-0203-s_lc.fits
14666516,33,tess2020351194500-s0033-0000000014666516-0203-s_lc.fits
260370233,33,tess2020351194500-s0033-0000000260370233-0203-s_lc.fits
746210979,33,tess2020351194500-s0033-0000000746210979-0203-s_lc.fits
53901695,33,tess2020351194500-s0033-0000000053901695-0203-s_lc.fits
150166091,33,tess2020351194500-s0033-0000000150166091-0203-s_lc.fits
38698680,33,tess2020351194500-s0033-0000000038698680-0203-s_lc.fits
318011518,33,tess2020351194500-s0033-0000000318011518-0203-s_lc.fits
264232879,33,tess2020351194500-s0033-0000000264232879-0203-s_lc.fits
219153881,33,tess2020351194500-s0033-0000000219153881-0203-s_lc.fits
29628756,33,tess2020351194500-s0033-0000000029628756-0203-s_lc.fits
167204164,33,tess2020351194500-s0033-0000000167204164-0203-s_lc.fits
64360680,33,tess2020351194500-s0033-0000000064360680-0203-s_lc.fits
260239481,33,tess2020351194500-s0033-0000000260239481-0203-s_lc.fits
220300129,33,tess2020351194500-s0033-0000000220300129-0203-s_lc.fits
220477003,33,tess2020351194500-s0033-0000000220477003-0203-s_lc.fits
343935412,33,tess2020351194500-s0033-0000000343935412-0203-s_lc.fits
370228465,33,tess2020351194500-s0033-0000000370228465-0203-s_lc.fits
744648367,33,tess2020351194500-s0033-0000000744648367-0203-s_lc.fits
98482765,33,tess2020351194500-s0033-0000000098482765-0203-s_lc.fits
294670776,33,tess2020351194500-s0033-0000000294670776-0203-s_lc.fits
260419879,33,tess2020351194500-s0033-0000000260419879-0203-s_lc.fits
59616951,33,tess2020351194500-s0033-0000000059616951-0203-s_lc.fits
38586863,33,tess2020351194500-s0033-0000000038586863-0203-s_lc.fits
178058627,33,tess2020351194500-s0033-0000000178058627-0203-s_lc.fits
294667331,33,tess2020351194500-s0033-0000000294667331-0203-s_lc.fits
287326898,33,tess2020351194500-s0033-0000000287326898-0203-s_lc.fits
81675102,33,tess2020351194500-s0033-0000000081675102-0203-s_lc.fits
235069262,33,tess2020351194500-s0033-0000000235069262-0203-s_lc.fits
756278689,33,tess2020351194500-s0033-0000000756278689-0203-s_lc.fits
172119690,33,tess2020351194500-s0033-0000000172119690-0203-s_lc.fits
139481265,33,tess2020351194500-s0033-0000000139481265-0203-s_lc.fits
38954456,33,tess2020351194500-s0033-0000000038954456-0203-s_lc.fits
31942692,33,tess2020351194500-s0033-0000000031942692-0203-s_lc.fits
409004743,33,tess2020351194500-s0033-0000000409004743-0203-s_lc.fits
141766144,33,tess2020351194500-s0033-0000000141766144-0203-s_lc.fits
294156620,33,tess2020351194500-s0033-0000000294156620-0203-s_lc.fits
350584005,33,tess2020351194500-s0033-0000000350584005-0203-s_lc.fits
12086808,33,tess2020351194500-s0033-0000000012086808-0203-s_lc.fits
53641499,33,tess2020351194500-s0033-0000000053641499-0203-s_lc.fits
30853470,33,tess2020351194500-s0033-0000000030853470-0203-s_lc.fits
317018781,33,tess2020351194500-s0033-0000000317018781-0203-s_lc.fits
264407386,33,tess2020351194500-s0033-0000000264407386-0203-s_lc.fits
279480555,33,tess2020351194500-s0033-0000000279480555-0203-s_lc.fits
37385678,33,tess2020351194500-s0033-0000000037385678-0203-s_lc.fits
124313194,33,tess2020351194500-s0033-0000000124313194-0203-s_lc.fits
438397071,33,tess2020351194500-s0033-0000000438397071-0203-s_lc.fits
21729317,33,tess2020351194500-s0033-0000000021729317-0203-s_lc.fits
66532843,33,tess2020351194500-s0033-0000000066532843-0203-s_lc.fits
229382181,33,tess2020351194500-s0033-0000000229382181-0203-s_lc.fits
48397795,33,tess2020351194500-s0033-0000000048397795-0203-s_lc.fits
381924625,33,tess2020351194500-s0033-0000000381924625-0203-s_lc.fits
31852073,33,tess2020351194500-s0033-0000000031852073-0203-s_lc.fits
37353555,33,tess2020351194500-s0033-0000000037353555-0203-s_lc.fits
372491406,33,tess2020351194500-s0033-0000000372491406-0203-s_lc.fits
349371685,33,tess2020351194500-s0033-0000000349371685-0203-s_lc.fits
134316765,33,tess2020351194500-s0033-0000000134316765-0203-s_lc.fits
764807021,33,tess2020351194500-s0033-0000000764807021-0203-s_lc.fits
29830830,33,tess2020351194500-s0033-0000000029830830-0203-s_lc.fits
167162824,33,tess2020351194500-s0033-0000000167162824-0203-s_lc.fits
32052203,33,tess2020351194500-s0033-0000000032052203-0203-s_lc.fits
141868115,33,tess2020351194500-s0033-0000000141868115-0203-s_lc.fits
287954622,33,tess2020351194500-s0033-0000000287954622-0203-s_lc.fits
55556721,33,tess2020351194500-s0033-0000000055556721-0203-s_lc.fits
355357493,33,tess2020351194500-s0033-0000000355357493-0203-s_lc.fits
300444243,33,tess2020351194500-s0033-0000000300444243-0203-s_lc.fits
96739823,33,tess2020351194500-s0033-0000000096739823-0203-s_lc.fits
234040713,33,tess2020351194500-s0033-0000000234040713-0203-s_lc.fits
158937451,33,tess2020351194500-s0033-0000000158937451-0203-s_lc.fits
143145703,33,tess2020351194500-s0033-0000000143145703-0203-s_lc.fits
319609501,33,tess2020351194500-s0033-0000000319609501-0203-s_lc.fits
156715098,33,tess2020351194500-s0033-0000000156715098-0203-s_lc.fits
207277306,33,tess2020351194500-s0033-0000000207277306-0203-s_lc.fits
61581292,33,tess2020351194500-s0033-0000000061581292-0203-s_lc.fits
349091788,33,tess2020351194500-s0033-0000000349091788-0203-s_lc.fits
262389045,33,tess2020351194500-s0033-0000000262389045-0203-s_lc.fits
33105293,33,tess2020351194500-s0033-0000000033105293-0203-s_lc.fits
124773327,33,tess2020351194500-s0033-0000000124773327-0203-s_lc.fits
242060240,33,tess2020351194500-s0033-0000000242060240-0203-s_lc.fits
93171248,33,tess2020351194500-s0033-0000000093171248-0203-s_lc.fits
358109921,33,tess2020351194500-s0033-0000000358109921-0203-s_lc.fits
231805519,33,tess2020351194500-s0033-0000000231805519-0203-s_lc.fits
29835586,33,tess2020351194500-s0033-0000000029835586-0203-s_lc.fits
60000305,33,tess2020351194500-s0033-0000000060000305-0203-s_lc.fits
765419449,33,tess2020351194500-s0033-0000000765419449-0203-s_lc.fits
282577904,33,tess2020351194500-s0033-0000000282577904-0203-s_lc.fits
349273278,33,tess2020351194500-s0033-0000000349273278-0203-s_lc.fits
291587830,33,tess2020351194500-s0033-0000000291587830-0203-s_lc.fits
271597672,33,tess2020351194500-s0033-0000000271597672-0203-s_lc.fits
60319965,33,tess2020351194500-s0033-0000000060319965-0203-s_lc.fits
167810285,33,tess2020351194500-s0033-0000000167810285-0203-s_lc.fits
30312916,33,tess2020351194500-s0033-0000000030312916-0203-s_lc.fits
156737308,33,tess2020351194500-s0033-0000000156737308-0203-s_lc.fits
93101799,33,tess2020351194500-s0033-0000000093101799-0203-s_lc.fits
176475255,33,tess2020351194500-s0033-0000000176475255-0203-s_lc.fits
247912360,33,tess2020351194500-s0033-0000000247912360-0203-s_lc.fits
408973377,33,tess2020351194500-s0033-0000000408973377-0203-s_lc.fits
374859785,33,tess2020351194500-s0033-0000000374859785-0203-s_lc.fits
42563116,33,tess2020351194500-s0033-0000000042563116-0203-s_lc.fits
231742782,33,tess2020351194500-s0033-0000000231742782-0203-s_lc.fits
97962872,33,tess2020351194500-s0033-0000000097962872-0203-s_lc.fits
220026255,33,tess2020351194500-s0033-0000000220026255-0203-s_lc.fits
31871312,33,tess2020351194500-s0033-0000000031871312-0203-s_lc.fits
235071558,33,tess2020351194500-s0033-0000000235071558-0203-s_lc.fits
237540344,33,tess2020351194500-s0033-0000000237540344-0203-s_lc.fits
38942330,33,tess2020351194500-s0033-0000000038942330-0203-s_lc.fits
231931183,33,tess2020351194500-s0033-0000000231931183-0203-s_lc.fits
279952379,33,tess2020351194500-s0033-0000000279952379-0203-s_lc.fits
25707159,33,tess2020351194500-s0033-0000000025707159-0203-s_lc.fits
404768652,33,tess2020351194500-s0033-0000000404768652-0203-s_lc.fits
375089600,33,tess2020351194500-s0033-0000000375089600-0203-s_lc.fits
38469010,33,tess2020351194500-s0033-0000000038469010-0203-s_lc.fits
146989205,33,tess2020351194500-s0033-0000000146989205-0203-s_lc.fits
156733266,33,tess2020351194500-s0033-0000000156733266-0203-s_lc.fits
271892453,33,tess2020351194500-s0033-0000000271892453-0203-s_lc.fits
41087538,33,tess2020351194500-s0033-0000000041087538-0203-s_lc.fits
26643217,33,tess2020351194500-s0033-0000000026643217-0203-s_lc.fits
47910695,33,tess2020351194500-s0033-0000000047910695-0203-s_lc.fits
140578304,33,tess2020351194500-s0033-0000000140578304-0203-s_lc.fits
715090284,33,tess2020351194500-s0033-0000000715090284-0203-s_lc.fits
349645035,33,tess2020351194500-s0033-0000000349645035-0203-s_lc.fits
63671990,33,tess2020351194500-s0033-0000000063671990-0203-s_lc.fits
279791727,33,tess2020351194500-s0033-0000000279791727-0203-s_lc.fits
150431920,33,tess2020351194500-s0033-0000000150431920-0203-s_lc.fits
339636032,33,tess2020351194500-s0033-0000000339636032-0203-s_lc.fits
67093765,33,tess2020351194500-s0033-0000000067093765-0203-s_lc.fits
37603872,33,tess2020351194500-s0033-0000000037603872-0203-s_lc.fits
404965397,33,tess2020351194500-s0033-0000000404965397-0203-s_lc.fits
350442619,33,tess2020351194500-s0033-0000000350442619-0203-s_lc.fits
167671700,33,tess2020351194500-s0033-0000000167671700-0203-s_lc.fits
276793468,33,tess2020351194500-s0033-0000000276793468-0203-s_lc.fits
425084965,33,tess2020351194500-s0033-0000000425084965-0203-s_lc.fits
410446521,33,tess2020351194500-s0033-0000000410446521-0203-s_lc.fits
30762498,33,tess2020351194500-s0033-0000000030762498-0203-s_lc.fits
284448385,33,tess2020351194500-s0033-0000000284448385-0203-s_lc.fits
385990012,33,tess2020351194500-s0033-0000000385990012-0203-s_lc.fits
408975159,33,tess2020351194500-s0033-0000000408975159-0203-s_lc.fits
284345411,33,tess2020351194500-s0033-0000000284345411-0203-s_lc.fits
60480371,33,tess2020351194500-s0033-0000000060480371-0203-s_lc.fits
49672425,33,tess2020351194500-s0033-0000000049672425-0203-s_lc.fits
220478522,33,tess2020351194500-s0033-0000000220478522-0203-s_lc.fits
157566435,33,tess2020351194500-s0033-0000000157566435-0203-s_lc.fits
52686906,33,tess2020351194500-s0033-0000000052686906-0203-s_lc.fits
364424104,33,tess2020351194500-s0033-0000000364424104-0203-s_lc.fits
299466307,33,tess2020351194500-s0033-0000000299466307-0203-s_lc.fits
263589367,33,tess2020351194500-s0033-0000000263589367-0203-s_lc.fits
12349978,33,tess2020351194500-s0033-0000000012349978-0203-s_lc.fits
220432205,33,tess2020351194500-s0033-0000000220432205-0203-s_lc.fits
178429370,33,tess2020351194500-s0033-0000000178429370-0203-s_lc.fits
300863866,33,tess2020351194500-s0033-0000000300863866-0203-s_lc.fits
61998967,33,tess2020351194500-s0033-0000000061998967-0203-s_lc.fits
176984144,33,tess2020351194500-s0033-0000000176984144-0203-s_lc.fits
46743367,33,tess2020351194500-s0033-0000000046743367-0203-s_lc.fits
260265964,33,tess2020351194500-s0033-0000000260265964-0203-s_lc.fits
445063861,33,tess2020351194500-s0033-0000000445063861-0203-s_lc.fits
271576444,33,tess2020351194500-s0033-0000000271576444-0203-s_lc.fits
234838714,33,tess2020351194500-s0033-0000000234838714-0203-s_lc.fits
42457828,33,tess2020351194500-s0033-0000000042457828-0203-s_lc.fits
30531417,33,tess2020351194500-s0033-0000000030531417-0203-s_lc.fits
172085126,33,tess2020351194500-s0033-0000000172085126-0203-s_lc.fits
14497787,33,tess2020351194500-s0033-0000000014497787-0203-s_lc.fits
49376695,33,tess2020351194500-s0033-0000000049376695-0203-s_lc.fits
172305706,33,tess2020351194500-s0033-0000000172305706-0203-s_lc.fits
237927165,33,tess2020351194500-s0033-0000000237927165-0203-s_lc.fits
80698896,33,tess2020351194500-s0033-0000000080698896-0203-s_lc.fits
237945331,33,tess2020351194500-s0033-0000000237945331-0203-s_lc.fits
280542221,33,tess2020351194500-s0033-0000000280542221-0203-s_lc.fits
66651575,33,tess2020351194500-s0033-0000000066651575-0203-s_lc.fits
179385044,33,tess2020351194500-s0033-0000000179385044-0203-s_lc.fits
34434756,33,tess2020351194500-s0033-0000000034434756-0203-s_lc.fits
238197355,33,tess2020351194500-s0033-0000000238197355-0203-s_lc.fits
232041463,33,tess2020351194500-s0033-0000000232041463-0203-s_lc.fits
29830068,33,tess2020351194500-s0033-0000000029830068-0203-s_lc.fits
219199271,33,tess2020351194500-s0033-0000000219199271-0203-s_lc.fits
55652231,33,tess2020351194500-s0033-0000000055652231-0203-s_lc.fits
299943243,33,tess2020351194500-s0033-0000000299943243-0203-s_lc.fits
31406847,33,tess2020351194500-s0033-0000000031406847-0203-s_lc.fits
149497700,33,tess2020351194500-s0033-0000000149497700-0203-s_lc.fits
64204892,33,tess2020351194500-s0033-0000000064204892-0203-s_lc.fits
291302850,33,tess2020351194500-s0033-0000000291302850-0203-s_lc.fits
143126606,33,tess2020351194500-s0033-0000000143126606-0203-s_lc.fits
36450787,33,tess2020351194500-s0033-0000000036450787-0203-s_lc.fits
425144346,33,tess2020351194500-s0033-0000000425144346-0203-s_lc.fits
238010220,33,tess2020351194500-s0033-0000000238010220-0203-s_lc.fits
148226714,33,tess2020351194500-s0033-0000000148226714-0203-s_lc.fits
26524266,33,tess2020351194500-s0033-0000000026524266-0203-s_lc.fits
709004858,33,tess2020351194500-s0033-0000000709004858-0203-s_lc.fits
300867280,33,tess2020351194500-s0033-0000000300867280-0203-s_lc.fits
232034038,33,tess2020351194500-s0033-0000000232034038-0203-s_lc.fits
172838490,33,tess2020351194500-s0033-0000000172838490-0203-s_lc.fits
33298203,33,tess2020351194500-s0033-0000000033298203-0203-s_lc.fits
123626777,33,tess2020351194500-s0033-0000000123626777-0203-s_lc.fits
96797944,33,tess2020351194500-s0033-0000000096797944-0203-s_lc.fits
119067714,33,tess2020351194500-s0033-0000000119067714-0203-s_lc.fits
100610506,33,tess2020351194500-s0033-0000000100610506-0203-s_lc.fits
231943762,33,tess2020351194500-s0033-0000000231943762-0203-s_lc.fits
146875313,33,tess2020351194500-s0033-0000000146875313-0203-s_lc.fits
302963174,33,tess2020351194500-s0033-0000000302963174-0203-s_lc.fits
300015238,33,tess2020351194500-s0033-0000000300015238-0203-s_lc.fits
4614514,33,tess2020351194500-s0033-0000000004614514-0203-s_lc.fits
22937402,33,tess2020351194500-s0033-0000000022937402-0203-s_lc.fits
434287567,33,tess2020351194500-s0033-0000000434287567-0203-s_lc.fits
453073462,33,tess2020351194500-s0033-0000000453073462-0203-s_lc.fits
337267539,33,tess2020351194500-s0033-0000000337267539-0203-s_lc.fits
143104247,33,tess2020351194500-s0033-0000000143104247-0203-s_lc.fits
52903686,33,tess2020351194500-s0033-0000000052903686-0203-s_lc.fits
134496127,33,tess2020351194500-s0033-0000000134496127-0203-s_lc.fits
379953452,33,tess2020351194500-s0033-0000000379953452-0203-s_lc.fits
30317301,33,tess2020351194500-s0033-0000000030317301-0203-s_lc.fits
393480056,33,tess2020351194500-s0033-0000000393480056-0203-s_lc.fits
219182762,33,tess2020351194500-s0033-0000000219182762-0203-s_lc.fits
167119232,33,tess2020351194500-s0033-0000000167119232-0203-s_lc.fits
262026219,33,tess2020351194500-s0033-0000000262026219-0203-s_lc.fits
237532814,33,tess2020351194500-s0033-0000000237532814-0203-s_lc.fits
282032490,33,tess2020351194500-s0033-0000000282032490-0203-s_lc.fits
52316646,33,tess2020351194500-s0033-0000000052316646-0203-s_lc.fits
147707335,33,tess2020351194500-s0033-0000000147707335-0203-s_lc.fits
150358147,33,tess2020351194500-s0033-0000000150358147-0203-s_lc.fits
47766326,33,tess2020351194500-s0033-0000000047766326-0203-s_lc.fits
306473969,33,tess2020351194500-s0033-0000000306473969-0203-s_lc.fits
715339133,33,tess2020351194500-s0033-0000000715339133-0203-s_lc.fits
434315300,33,tess2020351194500-s0033-0000000434315300-0203-s_lc.fits
279899374,33,tess2020351194500-s0033-0000000279899374-0203-s_lc.fits
219168083,33,tess2020351194500-s0033-0000000219168083-0203-s_lc.fits
765410943,33,tess2020351194500-s0033-0000000765410943-0203-s_lc.fits
220421115,33,tess2020351194500-s0033-0000000220421115-0203-s_lc.fits
231738304,33,tess2020351194500-s0033-0000000231738304-0203-s_lc.fits
268689611,33,tess2020351194500-s0033-0000000268689611-0203-s_lc.fits
166929564,33,tess2020351194500-s0033-0000000166929564-0203-s_lc.fits
98540067,33,tess2020351194500-s0033-0000000098540067-0203-s_lc.fits
123629836,33,tess2020351194500-s0033-0000000123629836-0203-s_lc.fits
119329282,33,tess2020351194500-s0033-0000000119329282-0203-s_lc.fits
32926505,33,tess2020351194500-s0033-0000000032926505-0203-s_lc.fits
231154751,33,tess2020351194500-s0033-0000000231154751-0203-s_lc.fits
144486791,33,tess2020351194500-s0033-0000000144486791-0203-s_lc.fits
446000748,33,tess2020351194500-s0033-0000000446000748-0203-s_lc.fits
277100604,33,tess2020351194500-s0033-0000000277100604-0203-s_lc.fits
142107759,33,tess2020351194500-s0033-0000000142107759-0203-s_lc.fits
251116719,33,tess2020351194500-s0033-0000000251116719-0203-s_lc.fits
262424906,33,tess2020351194500-s0033-0000000262424906-0203-s_lc.fits
36440357,33,tess2020351194500-s0033-0000000036440357-0203-s_lc.fits
350182638,33,tess2020351194500-s0033-0000000350182638-0203-s_lc.fits
443372992,33,tess2020351194500-s0033-0000000443372992-0203-s_lc.fits
282349501,33,tess2020351194500-s0033-0000000282349501-0203-s_lc.fits
260417220,33,tess2020351194500-s0033-0000000260417220-0203-s_lc.fits
272285817,33,tess2020351194500-s0033-0000000272285817-0203-s_lc.fits
91781341,33,tess2020351194500-s0033-0000000091781341-0203-s_lc.fits
41463282,33,tess2020351194500-s0033-0000000041463282-0203-s_lc.fits
141628305,33,tess2020351194500-s0033-0000000141628305-0203-s_lc.fits
386425381,33,tess2020351194500-s0033-0000000386425381-0203-s_lc.fits
177444233,33,tess2020351194500-s0033-0000000177444233-0203-s_lc.fits
350821292,33,tess2020351194500-s0033-0000000350821292-0203-s_lc.fits
385899315,33,tess2020351194500-s0033-0000000385899315-0203-s_lc.fits
124645099,33,tess2020351194500-s0033-0000000124645099-0203-s_lc.fits
350294979,33,tess2020351194500-s0033-0000000350294979-0203-s_lc.fits
34077285,33,tess2020351194500-s0033-0000000034077285-0203-s_lc.fits
404925622,33,tess2020351194500-s0033-0000000404925622-0203-s_lc.fits
238229705,33,tess2020351194500-s0033-0000000238229705-0203-s_lc.fits
98386202,33,tess2020351194500-s0033-0000000098386202-0203-s_lc.fits
124776080,33,tess2020351194500-s0033-0000000124776080-0203-s_lc.fits
370113785,33,tess2020351194500-s0033-0000000370113785-0203-s_lc.fits
124981661,33,tess2020351194500-s0033-0000000124981661-0203-s_lc.fits
300091340,33,tess2020351194500-s0033-0000000300091340-0203-s_lc.fits
393318963,33,tess2020351194500-s0033-0000000393318963-0203-s_lc.fits
234843916,33,tess2020351194500-s0033-0000000234843916-0203-s_lc.fits
25196356,33,tess2020351194500-s0033-0000000025196356-0203-s_lc.fits
355450245,33,tess2020351194500-s0033-0000000355450245-0203-s_lc.fits
251135630,33,tess2020351194500-s0033-0000000251135630-0203-s_lc.fits
445389013,33,tess2020351194500-s0033-0000000445389013-0203-s_lc.fits
317133317,33,tess2020351194500-s0033-0000000317133317-0203-s_lc.fits
30930925,33,tess2020351194500-s0033-0000000030930925-0203-s_lc.fits
235459271,33,tess2020351194500-s0033-0000000235459271-0203-s_lc.fits
93127517,33,tess2020351194500-s0033-0000000093127517-0203-s_lc.fits
25133052,33,tess2020351194500-s0033-0000000025133052-0203-s_lc.fits
134434164,33,tess2020351194500-s0033-0000000134434164-0203-s_lc.fits
765549141,33,tess2020351194500-s0033-0000000765549141-0203-s_lc.fits
52810006,33,tess2020351194500-s0033-0000000052810006-0203-s_lc.fits
355455187,33,tess2020351194500-s0033-0000000355455187-0203-s_lc.fits
349156098,33,tess2020351194500-s0033-0000000349156098-0203-s_lc.fits
443320663,33,tess2020351194500-s0033-0000000443320663-0203-s_lc.fits
80193358,33,tess2020351194500-s0033-0000000080193358-0203-s_lc.fits
229246121,33,tess2020351194500-s0033-0000000229246121-0203-s_lc.fits
260370657,33,tess2020351194500-s0033-0000000260370657-0203-s_lc.fits
438326942,33,tess2020351194500-s0033-0000000438326942-0203-s_lc.fits
29762078,33,tess2020351194500-s0033-0000000029762078-0203-s_lc.fits
737928679,33,tess2020351194500-s0033-0000000737928679-0203-s_lc.fits
382198167,33,tess2020351194500-s0033-0000000382198167-0203-s_lc.fits
376939847,33,tess2020351194500-s0033-0000000376939847-0203-s_lc.fits
388131109,33,tess2020351194500-s0033-0000000388131109-0203-s_lc.fits
178695220,33,tess2020351194500-s0033-0000000178695220-0203-s_lc.fits
219373857,33,tess2020351194500-s0033-0000000219373857-0203-s_lc.fits
333497461,33,tess2020351194500-s0033-0000000333497461-0203-s_lc.fits
157660988,33,tess2020351194500-s0033-0000000157660988-0203-s_lc.fits
229379231,33,tess2020351194500-s0033-0000000229379231-0203-s_lc.fits
32051872,33,tess2020351194500-s0033-0000000032051872-0203-s_lc.fits
124381803,33,tess2020351194500-s0033-0000000124381803-0203-s_lc.fits
234768434,33,tess2020351194500-s0033-0000000234768434-0203-s_lc.fits
306335116,33,tess2020351194500-s0033-0000000306335116-0203-s_lc.fits
149175965,33,tess2020351194500-s0033-0000000149175965-0203-s_lc.fits
172623633,33,tess2020351194500-s0033-0000000172623633-0203-s_lc.fits
282304560,33,tess2020351194500-s0033-0000000282304560-0203-s_lc.fits
53157433,33,tess2020351194500-s0033-0000000053157433-0203-s_lc.fits
317949878,33,tess2020351194500-s0033-0000000317949878-0203-s_lc.fits
60405689,33,tess2020351194500-s0033-0000000060405689-0203-s_lc.fits
97923486,33,tess2020351194500-s0033-0000000097923486-0203-s_lc.fits
79215518,33,tess2020351194500-s0033-0000000079215518-0203-s_lc.fits
364323003,33,tess2020351194500-s0033-0000000364323003-0203-s_lc.fits
192854437,33,tess2020351194500-s0033-0000000192854437-0203-s_lc.fits
157454121,33,tess2020351194500-s0033-0000000157454121-0203-s_lc.fits
143119953,33,tess2020351194500-s0033-0000000143119953-0203-s_lc.fits
192786431,33,tess2020351194500-s0033-0000000192786431-0203-s_lc.fits
167799624,33,tess2020351194500-s0033-0000000167799624-0203-s_lc.fits
52281427,33,tess2020351194500-s0033-0000000052281427-0203-s_lc.fits
100608628,33,tess2020351194500-s0033-0000000100608628-0203-s_lc.fits
379954314,33,tess2020351194500-s0033-0000000379954314-0203-s_lc.fits
21621578,33,tess2020351194500-s0033-0000000021621578-0203-s_lc.fits
262693441,33,tess2020351194500-s0033-0000000262693441-0203-s_lc.fits
284613090,33,tess2020351194500-s0033-0000000284613090-0203-s_lc.fits
261156988,33,tess2020351194500-s0033-0000000261156988-0203-s_lc.fits
123927207,33,tess2020351194500-s0033-0000000123927207-0203-s_lc.fits
257720503,33,tess2020351194500-s0033-0000000257720503-0203-s_lc.fits
37658164,33,tess2020351194500-s0033-0000000037658164-0203-s_lc.fits
442995696,33,tess2020351194500-s0033-0000000442995696-0203-s_lc.fits
20096356,33,tess2020351194500-s0033-0000000020096356-0203-s_lc.fits
706214541,33,tess2020351194500-s0033-0000000706214541-0203-s_lc.fits
260002718,33,tess2020351194500-s0033-0000000260002718-0203-s_lc.fits
98875252,33,tess2020351194500-s0033-0000000098875252-0203-s_lc.fits
123677686,33,tess2020351194500-s0033-0000000123677686-0203-s_lc.fits
277026019,33,tess2020351194500-s0033-0000000277026019-0203-s_lc.fits
294868316,33,tess2020351194500-s0033-0000000294868316-0203-s_lc.fits
207335489,33,tess2020351194500-s0033-0000000207335489-0203-s_lc.fits
32706767,33,tess2020351194500-s0033-0000000032706767-0203-s_lc.fits
148169771,33,tess2020351194500-s0033-0000000148169771-0203-s_lc.fits
306739537,33,tess2020351194500-s0033-0000000306739537-0203-s_lc.fits
32604616,33,tess2020351194500-s0033-0000000032604616-0203-s_lc.fits
232041575,33,tess2020351194500-s0033-0000000232041575-0203-s_lc.fits
337264872,33,tess2020351194500-s0033-0000000337264872-0203-s_lc.fits
149218335,33,tess2020351194500-s0033-0000000149218335-0203-s_lc.fits
59605887,33,tess2020351194500-s0033-0000000059605887-0203-s_lc.fits
21718294,33,tess2020351194500-s0033-0000000021718294-0203-s_lc.fits
220323166,33,tess2020351194500-s0033-0000000220323166-0203-s_lc.fits
149305070,33,tess2020351194500-s0033-0000000149305070-0203-s_lc.fits
350481741,33,tess2020351194500-s0033-0000000350481741-0203-s_lc.fits
33034520,33,tess2020351194500-s0033-0000000033034520-0203-s_lc.fits
141435705,33,tess2020351194500-s0033-0000000141435705-0203-s_lc.fits
22862622,33,tess2020351194500-s0033-0000000022862622-0203-s_lc.fits
91689874,33,tess2020351194500-s0033-0000000091689874-0203-s_lc.fits
63115144,33,tess2020351194500-s0033-0000000063115144-0203-s_lc.fits
37354898,33,tess2020351194500-s0033-0000000037354898-0203-s_lc.fits
64544404,33,tess2020351194500-s0033-0000000064544404-0203-s_lc.fits
55745150,33,tess2020351194500-s0033-0000000055745150-0203-s_lc.fits
388131593,33,tess2020351194500-s0033-0000000388131593-0203-s_lc.fits
260657291,33,tess2020351194500-s0033-0000000260657291-0203-s_lc.fits
37163781,33,tess2020351194500-s0033-0000000037163781-0203-s_lc.fits
440777354,33,tess2020351194500-s0033-0000000440777354-0203-s_lc.fits
30319402,33,tess2020351194500-s0033-0000000030319402-0203-s_lc.fits
166988044,33,tess2020351194500-s0033-0000000166988044-0203-s_lc.fits
237595946,33,tess2020351194500-s0033-0000000237595946-0203-s_lc.fits
684404985,33,tess2020351194500-s0033-0000000684404985-0203-s_lc.fits
287350461,33,tess2020351194500-s0033-0000000287350461-0203-s_lc.fits
156937047,33,tess2020351194500-s0033-0000000156937047-0203-s_lc.fits
176980159,33,tess2020351194500-s0033-0000000176980159-0203-s_lc.fits
255632493,33,tess2020351194500-s0033-0000000255632493-0203-s_lc.fits
300146236,33,tess2020351194500-s0033-0000000300146236-0203-s_lc.fits
177787314,33,tess2020351194500-s0033-0000000177787314-0203-s_lc.fits
346431650,33,tess2020351194500-s0033-0000000346431650-0203-s_lc.fits
260654135,33,tess2020351194500-s0033-0000000260654135-0203-s_lc.fits
55450839,33,tess2020351194500-s0033-0000000055450839-0203-s_lc.fits
319437388,33,tess2020351194500-s0033-0000000319437388-0203-s_lc.fits
172079703,33,tess2020351194500-s0033-0000000172079703-0203-s_lc.fits
41484615,33,tess2020351194500-s0033-0000000041484615-0203-s_lc.fits
167179479,33,tess2020351194500-s0033-0000000167179479-0203-s_lc.fits
299285316,33,tess2020351194500-s0033-0000000299285316-0203-s_lc.fits
453171259,33,tess2020351194500-s0033-0000000453171259-0203-s_lc.fits
140608230,33,tess2020351194500-s0033-0000000140608230-0203-s_lc.fits
234669996,33,tess2020351194500-s0033-0000000234669996-0203-s_lc.fits
150110391,33,tess2020351194500-s0033-0000000150110391-0203-s_lc.fits
95250735,33,tess2020351194500-s0033-0000000095250735-0203-s_lc.fits
123757170,33,tess2020351194500-s0033-0000000123757170-0203-s_lc.fits
350858713,33,tess2020351194500-s0033-0000000350858713-0203-s_lc.fits
21726745,33,tess2020351194500-s0033-0000000021726745-0203-s_lc.fits
265161882,33,tess2020351194500-s0033-0000000265161882-0203-s_lc.fits
143075608,33,tess2020351194500-s0033-0000000143075608-0203-s_lc.fits
48885351,33,tess2020351194500-s0033-0000000048885351-0203-s_lc.fits
279159844,33,tess2020351194500-s0033-0000000279159844-0203-s_lc.fits
272429122,33,tess2020351194500-s0033-0000000272429122-0203-s_lc.fits
231457074,33,tess2020351194500-s0033-0000000231457074-0203-s_lc.fits
306576660,33,tess2020351194500-s0033-0000000306576660-0203-s_lc.fits
33835815,33,tess2020351194500-s0033-0000000033835815-0203-s_lc.fits
220131144,33,tess2020351194500-s0033-0000000220131144-0203-s_lc.fits
22764414,33,tess2020351194500-s0033-0000000022764414-0203-s_lc.fits
151174150,33,tess2020351194500-s0033-0000000151174150-0203-s_lc.fits
453124502,33,tess2020351194500-s0033-0000000453124502-0203-s_lc.fits
461708344,33,tess2020351194500-s0033-0000000461708344-0203-s_lc.fits
172029862,33,tess2020351194500-s0033-0000000172029862-0203-s_lc.fits
219150437,33,tess2020351194500-s0033-0000000219150437-0203-s_lc.fits
97807056,33,tess2020351194500-s0033-0000000097807056-0203-s_lc.fits
66336077,33,tess2020351194500-s0033-0000000066336077-0203-s_lc.fits
292071105,33,tess2020351194500-s0033-0000000292071105-0203-s_lc.fits
440827839,33,tess2020351194500-s0033-0000000440827839-0203-s_lc.fits
147580104,33,tess2020351194500-s0033-0000000147580104-0203-s_lc.fits
201424735,33,tess2020351194500-s0033-0000000201424735-0203-s_lc.fits
149479101,33,tess2020351194500-s0033-0000000149479101-0203-s_lc.fits
150393390,33,tess2020351194500-s0033-0000000150393390-0203-s_lc.fits
5284784,33,tess2020351194500-s0033-0000000005284784-0203-s_lc.fits
453852768,33,tess2020351194500-s0033-0000000453852768-0203-s_lc.fits
234826772,33,tess2020351194500-s0033-0000000234826772-0203-s_lc.fits
147800169,33,tess2020351194500-s0033-0000000147800169-0203-s_lc.fits
219403159,33,tess2020351194500-s0033-0000000219403159-0203-s_lc.fits
31381651,33,tess2020351194500-s0033-0000000031381651-0203-s_lc.fits
219370355,33,tess2020351194500-s0033-0000000219370355-0203-s_lc.fits
98391746,33,tess2020351194500-s0033-0000000098391746-0203-s_lc.fits
99422636,33,tess2020351194500-s0033-0000000099422636-0203-s_lc.fits
220326174,33,tess2020351194500-s0033-0000000220326174-0203-s_lc.fits
350708443,33,tess2020351194500-s0033-0000000350708443-0203-s_lc.fits
52283671,33,tess2020351194500-s0033-0000000052283671-0203-s_lc.fits
229304753,33,tess2020351194500-s0033-0000000229304753-0203-s_lc.fits
453171588,33,tess2020351194500-s0033-0000000453171588-0203-s_lc.fits
461704865,33,tess2020351194500-s0033-0000000461704865-0203-s_lc.fits
176959341,33,tess2020351194500-s0033-0000000176959341-0203-s_lc.fits
299833889,33,tess2020351194500-s0033-0000000299833889-0203-s_lc.fits
123734659,33,tess2020351194500-s0033-0000000123734659-0203-s_lc.fits
247048471,33,tess2020351194500-s0033-0000000247048471-0203-s_lc.fits
299943935,33,tess2020351194500-s0033-0000000299943935-0203-s_lc.fits
358110060,33,tess2020351194500-s0033-0000000358110060-0203-s_lc.fits
235177808,33,tess2020351194500-s0033-0000000235177808-0203-s_lc.fits
262698930,33,tess2020351194500-s0033-0000000262698930-0203-s_lc.fits
158732978,33,tess2020351194500-s0033-0000000158732978-0203-s_lc.fits
192826848,33,tess2020351194500-s0033-0000000192826848-0203-s_lc.fits
55402580,33,tess2020351194500-s0033-0000000055402580-0203-s_lc.fits
151584725,33,tess2020351194500-s0033-0000000151584725-0203-s_lc.fits
231185470,33,tess2020351194500-s0033-0000000231185470-0203-s_lc.fits
151587925,33,tess2020351194500-s0033-0000000151587925-0203-s_lc.fits
261107147,33,tess2020351194500-s0033-0000000261107147-0203-s_lc.fits
220437364,33,tess2020351194500-s0033-0000000220437364-0203-s_lc.fits
26586727,33,tess2020351194500-s0033-0000000026586727-0203-s_lc.fits
350030829,33,tess2020351194500-s0033-0000000350030829-0203-s_lc.fits
300560526,33,tess2020351194500-s0033-0000000300560526-0203-s_lc.fits
237532776,33,tess2020351194500-s0033-0000000237532776-0203-s_lc.fits
291301082,33,tess2020351194500-s0033-0000000291301082-0203-s_lc.fits
140997242,33,tess2020351194500-s0033-0000000140997242-0203-s_lc.fits
376939951,33,tess2020351194500-s0033-0000000376939951-0203-s_lc.fits
80701619,33,tess2020351194500-s0033-0000000080701619-0203-s_lc.fits
350821790,33,tess2020351194500-s0033-0000000350821790-0203-s_lc.fits
333432673,33,tess2020351194500-s0033-0000000333432673-0203-s_lc.fits
293271581,33,tess2020351194500-s0033-0000000293271581-0203-s_lc.fits
42638379,33,tess2020351194500-s0033-0000000042638379-0203-s_lc.fits
167747031,33,tess2020351194500-s0033-0000000167747031-0203-s_lc.fits
123658675,33,tess2020351194500-s0033-0000000123658675-0203-s_lc.fits
156991337,33,tess2020351194500-s0033-0000000156991337-0203-s_lc.fits
438073575,33,tess2020351194500-s0033-0000000438073575-0203-s_lc.fits
300028967,33,tess2020351194500-s0033-0000000300028967-0203-s_lc.fits
95422260,33,tess2020351194500-s0033-0000000095422260-0203-s_lc.fits
761613945,33,tess2020351194500-s0033-0000000761613945-0203-s_lc.fits
260002453,33,tess2020351194500-s0033-0000000260002453-0203-s_lc.fits
11900576,33,tess2020351194500-s0033-0000000011900576-0203-s_lc.fits
52044923,33,tess2020351194500-s0033-0000000052044923-0203-s_lc.fits
260046328,33,tess2020351194500-s0033-0000000260046328-0203-s_lc.fits
425085686,33,tess2020351194500-s0033-0000000425085686-0203-s_lc.fits
339765871,33,tess2020351194500-s0033-0000000339765871-0203-s_lc.fits
202232187,33,tess2020351194500-s0033-0000000202232187-0203-s_lc.fits
354573135,33,tess2020351194500-s0033-0000000354573135-0203-s_lc.fits
320220938,33,tess2020351194500-s0033-0000000320220938-0203-s_lc.fits
231942154,33,tess2020351194500-s0033-0000000231942154-0203-s_lc.fits
355358311,33,tess2020351194500-s0033-0000000355358311-0203-s_lc.fits
141944417,33,tess2020351194500-s0033-0000000141944417-0203-s_lc.fits
434372218,33,tess2020351194500-s0033-0000000434372218-0203-s_lc.fits
386154220,33,tess2020351194500-s0033-0000000386154220-0203-s_lc.fits
141089230,33,tess2020351194500-s0033-0000000141089230-0203-s_lc.fits
34258799,33,tess2020351194500-s0033-0000000034258799-0203-s_lc.fits
294324264,33,tess2020351194500-s0033-0000000294324264-0203-s_lc.fits
281983908,33,tess2020351194500-s0033-0000000281983908-0203-s_lc.fits
141708337,33,tess2020351194500-s0033-0000000141708337-0203-s_lc.fits
231232166,33,tess2020351194500-s0033-0000000231232166-0203-s_lc.fits
33792460,33,tess2020351194500-s0033-0000000033792460-0203-s_lc.fits
149629077,33,tess2020351194500-s0033-0000000149629077-0203-s_lc.fits
219178281,33,tess2020351194500-s0033-0000000219178281-0203-s_lc.fits
354552929,33,tess2020351194500-s0033-0000000354552929-0203-s_lc.fits
268876445,33,tess2020351194500-s0033-0000000268876445-0203-s_lc.fits
141977076,33,tess2020351194500-s0033-0000000141977076-0203-s_lc.fits
237953308,33,tess2020351194500-s0033-0000000237953308-0203-s_lc.fits
34377059,33,tess2020351194500-s0033-0000000034377059-0203-s_lc.fits
389859530,33,tess2020351194500-s0033-0000000389859530-0203-s_lc.fits
350581003,33,tess2020351194500-s0033-0000000350581003-0203-s_lc.fits
167109693,33,tess2020351194500-s0033-0000000167109693-0203-s_lc.fits
299905208,33,tess2020351194500-s0033-0000000299905208-0203-s_lc.fits
350619941,33,tess2020351194500-s0033-0000000350619941-0203-s_lc.fits
52907398,33,tess2020351194500-s0033-0000000052907398-0203-s_lc.fits
445392958,33,tess2020351194500-s0033-0000000445392958-0203-s_lc.fits
232289649,33,tess2020351194500-s0033-0000000232289649-0203-s_lc.fits
60414109,33,tess2020351194500-s0033-0000000060414109-0203-s_lc.fits
382200069,33,tess2020351194500-s0033-0000000382200069-0203-s_lc.fits
66561343,33,tess2020351194500-s0033-0000000066561343-0203-s_lc.fits
282713884,33,tess2020351194500-s0033-0000000282713884-0203-s_lc.fits
408968665,33,tess2020351194500-s0033-0000000408968665-0203-s_lc.fits
32499039,33,tess2020351194500-s0033-0000000032499039-0203-s_lc.fits
123947902,33,tess2020351194500-s0033-0000000123947902-0203-s_lc.fits
389875888,33,tess2020351194500-s0033-0000000389875888-0203-s_lc.fits
125502297,33,tess2020351194500-s0033-0000000125502297-0203-s_lc.fits
287774286,33,tess2020351194500-s0033-0000000287774286-0203-s_lc.fits
26340994,33,tess2020351194500-s0033-0000000026340994-0203-s_lc.fits
172527736,33,tess2020351194500-s0033-0000000172527736-0203-s_lc.fits
96852699,33,tess2020351194500-s0033-0000000096852699-0203-s_lc.fits
167107487,33,tess2020351194500-s0033-0000000167107487-0203-s_lc.fits
96737043,33,tess2020351194500-s0033-0000000096737043-0203-s_lc.fits
294273900,33,tess2020351194500-s0033-0000000294273900-0203-s_lc.fits
263579739,33,tess2020351194500-s0033-0000000263579739-0203-s_lc.fits
307379359,33,tess2020351194500-s0033-0000000307379359-0203-s_lc.fits
32553905,33,tess2020351194500-s0033-0000000032553905-0203-s_lc.fits
303906335,33,tess2020351194500-s0033-0000000303906335-0203-s_lc.fits
235053751,33,tess2020351194500-s0033-0000000235053751-0203-s_lc.fits
130646525,33,tess2020351194500-s0033-0000000130646525-0203-s_lc.fits
295402562,33,tess2020351194500-s0033-0000000295402562-0203-s_lc.fits
271598082,33,tess2020351194500-s0033-0000000271598082-0203-s_lc.fits
201425573,33,tess2020351194500-s0033-0000000201425573-0203-s_lc.fits
220436523,33,tess2020351194500-s0033-0000000220436523-0203-s_lc.fits
309659126,33,tess2020351194500-s0033-0000000309659126-0203-s_lc.fits
200390465,33,tess2020351194500-s0033-0000000200390465-0203-s_lc.fits
219368354,33,tess2020351194500-s0033-0000000219368354-0203-s_lc.fits
238088334,33,tess2020351194500-s0033-0000000238088334-0203-s_lc.fits
97791404,33,tess2020351194500-s0033-0000000097791404-0203-s_lc.fits
106627605,33,tess2020351194500-s0033-0000000106627605-0203-s_lc.fits
124777599,33,tess2020351194500-s0033-0000000124777599-0203-s_lc.fits
234231650,33,tess2020351194500-s0033-0000000234231650-0203-s_lc.fits
151355228,33,tess2020351194500-s0033-0000000151355228-0203-s_lc.fits
158821112,33,tess2020351194500-s0033-0000000158821112-0203-s_lc.fits
42432112,33,tess2020351194500-s0033-0000000042432112-0203-s_lc.fits
101204870,33,tess2020351194500-s0033-0000000101204870-0203-s_lc.fits
270676885,33,tess2020351194500-s0033-0000000270676885-0203-s_lc.fits
440790477,33,tess2020351194500-s0033-0000000440790477-0203-s_lc.fits
53073184,33,tess2020351194500-s0033-0000000053073184-0203-s_lc.fits
100481123,33,tess2020351194500-s0033-0000000100481123-0203-s_lc.fits
278779899,33,tess2020351194500-s0033-0000000278779899-0203-s_lc.fits
120381699,33,tess2020351194500-s0033-0000000120381699-0203-s_lc.fits
231187592,33,tess2020351194500-s0033-0000000231187592-0203-s_lc.fits
255698001,33,tess2020351194500-s0033-0000000255698001-0203-s_lc.fits
443310207,33,tess2020351194500-s0033-0000000443310207-0203-s_lc.fits
71630514,33,tess2020351194500-s0033-0000000071630514-0203-s_lc.fits
344081664,33,tess2020351194500-s0033-0000000344081664-0203-s_lc.fits
271810970,33,tess2020351194500-s0033-0000000271810970-0203-s_lc.fits
349645034,33,tess2020351194500-s0033-0000000349645034-0203-s_lc.fits
764659754,33,tess2020351194500-s0033-0000000764659754-0203-s_lc.fits
49610039,33,tess2020351194500-s0033-0000000049610039-0203-s_lc.fits
140760614,33,tess2020351194500-s0033-0000000140760614-0203-s_lc.fits
300037209,33,tess2020351194500-s0033-0000000300037209-0203-s_lc.fits
72167773,33,tess2020351194500-s0033-0000000072167773-0203-s_lc.fits
63295267,33,tess2020351194500-s0033-0000000063295267-0203-s_lc.fits
46641616,33,tess2020351194500-s0033-0000000046641616-0203-s_lc.fits
270573774,33,tess2020351194500-s0033-0000000270573774-0203-s_lc.fits
170276875,33,tess2020351194500-s0033-0000000170276875-0203-s_lc.fits
270573761,33,tess2020351194500-s0033-0000000270573761-0203-s_lc.fits
235458909,33,tess2020351194500-s0033-0000000235458909-0203-s_lc.fits
219402292,33,tess2020351194500-s0033-0000000219402292-0203-s_lc.fits
453101363,33,tess2020351194500-s0033-0000000453101363-0203-s_lc.fits
32758100,33,tess2020351194500-s0033-0000000032758100-0203-s_lc.fits
25133023,33,tess2020351194500-s0033-0000000025133023-0203-s_lc.fits
231804238,33,tess2020351194500-s0033-0000000231804238-0203-s_lc.fits
685150204,33,tess2020351194500-s0033-0000000685150204-0203-s_lc.fits
232044648,33,tess2020351194500-s0033-0000000232044648-0203-s_lc.fits
40603917,33,tess2020351194500-s0033-0000000040603917-0203-s_lc.fits
707847764,33,tess2020351194500-s0033-0000000707847764-0203-s_lc.fits
150165169,33,tess2020351194500-s0033-0000000150165169-0203-s_lc.fits
157042409,33,tess2020351194500-s0033-0000000157042409-0203-s_lc.fits
55367248,33,tess2020351194500-s0033-0000000055367248-0203-s_lc.fits
143095430,33,tess2020351194500-s0033-0000000143095430-0203-s_lc.fits
277022838,33,tess2020351194500-s0033-0000000277022838-0203-s_lc.fits
172464366,33,tess2020351194500-s0033-0000000172464366-0203-s_lc.fits
149253409,33,tess2020351194500-s0033-0000000149253409-0203-s_lc.fits
232252310,33,tess2020351194500-s0033-0000000232252310-0203-s_lc.fits
382045780,33,tess2020351194500-s0033-0000000382045780-0203-s_lc.fits
165211930,33,tess2020351194500-s0033-0000000165211930-0203-s_lc.fits
279427111,33,tess2020351194500-s0033-0000000279427111-0203-s_lc.fits
445452686,33,tess2020351194500-s0033-0000000445452686-0203-s_lc.fits
319562440,33,tess2020351194500-s0033-0000000319562440-0203-s_lc.fits
261090191,33,tess2020351194500-s0033-0000000261090191-0203-s_lc.fits
177116244,33,tess2020351194500-s0033-0000000177116244-0203-s_lc.fits
52454297,33,tess2020351194500-s0033-0000000052454297-0203-s_lc.fits
260419794,33,tess2020351194500-s0033-0000000260419794-0203-s_lc.fits
260297253,33,tess2020351194500-s0033-0000000260297253-0203-s_lc.fits
64444926,33,tess2020351194500-s0033-0000000064444926-0203-s_lc.fits
271893367,33,tess2020351194500-s0033-0000000271893367-0203-s_lc.fits
141435816,33,tess2020351194500-s0033-0000000141435816-0203-s_lc.fits
157095839,33,tess2020351194500-s0033-0000000157095839-0203-s_lc.fits
11754593,33,tess2020351194500-s0033-0000000011754593-0203-s_lc.fits
33879052,33,tess2020351194500-s0033-0000000033879052-0203-s_lc.fits
364538560,33,tess2020351194500-s0033-0000000364538560-0203-s_lc.fits
287404510,33,tess2020351194500-s0033-0000000287404510-0203-s_lc.fits
158109851,33,tess2020351194500-s0033-0000000158109851-0203-s_lc.fits
139481039,33,tess2020351194500-s0033-0000000139481039-0203-s_lc.fits
294747615,33,tess2020351194500-s0033-0000000294747615-0203-s_lc.fits
119246946,33,tess2020351194500-s0033-0000000119246946-0203-s_lc.fits
262537253,33,tess2020351194500-s0033-0000000262537253-0203-s_lc.fits
160349022,33,tess2020351194500-s0033-0000000160349022-0203-s_lc.fits
4774191,33,tess2020351194500-s0033-0000000004774191-0203-s_lc.fits
80854275,33,tess2020351194500-s0033-0000000080854275-0203-s_lc.fits
728176868,33,tess2020351194500-s0033-0000000728176868-0203-s_lc.fits
34190280,33,tess2020351194500-s0033-0000000034190280-0203-s_lc.fits
147122443,33,tess2020351194500-s0033-0000000147122443-0203-s_lc.fits
294211535,33,tess2020351194500-s0033-0000000294211535-0203-s_lc.fits
391922364,33,tess2020351194500-s0033-0000000391922364-0203-s_lc.fits
153289168,33,tess2020351194500-s0033-0000000153289168-0203-s_lc.fits
443421962,33,tess2020351194500-s0033-0000000443421962-0203-s_lc.fits
148295706,33,tess2020351194500-s0033-0000000148295706-0203-s_lc.fits
124181271,33,tess2020351194500-s0033-0000000124181271-0203-s_lc.fits
339859467,33,tess2020351194500-s0033-0000000339859467-0203-s_lc.fits
382030592,33,tess2020351194500-s0033-0000000382030592-0203-s_lc.fits
59713507,33,tess2020351194500-s0033-0000000059713507-0203-s_lc.fits
307214209,33,tess2020351194500-s0033-0000000307214209-0203-s_lc.fits
55500832,33,tess2020351194500-s0033-0000000055500832-0203-s_lc.fits
34377363,33,tess2020351194500-s0033-0000000034377363-0203-s_lc.fits
37351614,33,tess2020351194500-s0033-0000000037351614-0203-s_lc.fits
66237401,33,tess2020351194500-s0033-0000000066237401-0203-s_lc.fits
150165735,33,tess2020351194500-s0033-0000000150165735-0203-s_lc.fits
306364747,33,tess2020351194500-s0033-0000000306364747-0203-s_lc.fits
37659841,33,tess2020351194500-s0033-0000000037659841-0203-s_lc.fits
220425740,33,tess2020351194500-s0033-0000000220425740-0203-s_lc.fits
167696452,33,tess2020351194500-s0033-0000000167696452-0203-s_lc.fits
124816572,33,tess2020351194500-s0033-0000000124816572-0203-s_lc.fits
277174595,33,tess2020351194500-s0033-0000000277174595-0203-s_lc.fits
269186518,33,tess2020351194500-s0033-0000000269186518-0203-s_lc.fits
765065668,33,tess2020351194500-s0033-0000000765065668-0203-s_lc.fits
738271171,33,tess2020351194500-s0033-0000000738271171-0203-s_lc.fits
251191772,33,tess2020351194500-s0033-0000000251191772-0203-s_lc.fits
284349046,33,tess2020351194500-s0033-0000000284349046-0203-s_lc.fits
98161143,33,tess2020351194500-s0033-0000000098161143-0203-s_lc.fits
23031858,33,tess2020351194500-s0033-0000000023031858-0203-s_lc.fits
7418085,33,tess2020351194500-s0033-0000000007418085-0203-s_lc.fits
445939160,33,tess2020351194500-s0033-0000000445939160-0203-s_lc.fits
170158218,33,tess2020351194500-s0033-0000000170158218-0203-s_lc.fits
53988517,33,tess2020351194500-s0033-0000000053988517-0203-s_lc.fits
234921428,33,tess2020351194500-s0033-0000000234921428-0203-s_lc.fits
278775323,33,tess2020351194500-s0033-0000000278775323-0203-s_lc.fits
37879043,33,tess2020351194500-s0033-0000000037879043-0203-s_lc.fits
150139263,33,tess2020351194500-s0033-0000000150139263-0203-s_lc.fits
192846511,33,tess2020351194500-s0033-0000000192846511-0203-s_lc.fits
31779227,33,tess2020351194500-s0033-0000000031779227-0203-s_lc.fits
37660988,33,tess2020351194500-s0033-0000000037660988-0203-s_lc.fits
38461375,33,tess2020351194500-s0033-0000000038461375-0203-s_lc.fits
148299494,33,tess2020351194500-s0033-0000000148299494-0203-s_lc.fits
445457782,33,tess2020351194500-s0033-0000000445457782-0203-s_lc.fits
176726859,33,tess2020351194500-s0033-0000000176726859-0203-s_lc.fits
102574896,33,tess2020351194500-s0033-0000000102574896-0203-s_lc.fits
149037112,33,tess2020351194500-s0033-0000000149037112-0203-s_lc.fits
267195290,33,tess2020351194500-s0033-0000000267195290-0203-s_lc.fits
64955792,33,tess2020351194500-s0033-0000000064955792-0203-s_lc.fits
767124617,33,tess2020351194500-s0033-0000000767124617-0203-s_lc.fits
710406174,33,tess2020351194500-s0033-0000000710406174-0203-s_lc.fits
49248476,33,tess2020351194500-s0033-0000000049248476-0203-s_lc.fits
282348497,33,tess2020351194500-s0033-0000000282348497-0203-s_lc.fits
715816447,33,tess2020351194500-s0033-0000000715816447-0203-s_lc.fits
389669796,33,tess2020351194500-s0033-0000000389669796-0203-s_lc.fits
288254740,33,tess2020351194500-s0033-0000000288254740-0203-s_lc.fits
88928093,33,tess2020351194500-s0033-0000000088928093-0203-s_lc.fits
72168480,33,tess2020351194500-s0033-0000000072168480-0203-s_lc.fits
156702051,33,tess2020351194500-s0033-0000000156702051-0203-s_lc.fits
155086921,33,tess2020351194500-s0033-0000000155086921-0203-s_lc.fits
348844154,33,tess2020351194500-s0033-0000000348844154-0203-s_lc.fits
219390226,33,tess2020351194500-s0033-0000000219390226-0203-s_lc.fits
306773428,33,tess2020351194500-s0033-0000000306773428-0203-s_lc.fits
41361145,33,tess2020351194500-s0033-0000000041361145-0203-s_lc.fits
29991309,33,tess2020351194500-s0033-0000000029991309-0203-s_lc.fits
97844182,33,tess2020351194500-s0033-0000000097844182-0203-s_lc.fits
409080165,33,tess2020351194500-s0033-0000000409080165-0203-s_lc.fits
172521646,33,tess2020351194500-s0033-0000000172521646-0203-s_lc.fits
172124237,33,tess2020351194500-s0033-0000000172124237-0203-s_lc.fits
358549990,33,tess2020351194500-s0033-0000000358549990-0203-s_lc.fits
260078159,33,tess2020351194500-s0033-0000000260078159-0203-s_lc.fits
231235651,33,tess2020351194500-s0033-0000000231235651-0203-s_lc.fits
318652982,33,tess2020351194500-s0033-0000000318652982-0203-s_lc.fits
294100245,33,tess2020351194500-s0033-0000000294100245-0203-s_lc.fits
53561681,33,tess2020351194500-s0033-0000000053561681-0203-s_lc.fits
404768745,33,tess2020351194500-s0033-0000000404768745-0203-s_lc.fits
319734397,33,tess2020351194500-s0033-0000000319734397-0203-s_lc.fits
33938008,33,tess2020351194500-s0033-0000000033938008-0203-s_lc.fits
219209833,33,tess2020351194500-s0033-0000000219209833-0203-s_lc.fits
443554222,33,tess2020351194500-s0033-0000000443554222-0203-s_lc.fits
123946541,33,tess2020351194500-s0033-0000000123946541-0203-s_lc.fits
381924953,33,tess2020351194500-s0033-0000000381924953-0203-s_lc.fits
293316823,33,tess2020351194500-s0033-0000000293316823-0203-s_lc.fits
170099756,33,tess2020351194500-s0033-0000000170099756-0203-s_lc.fits
33102973,33,tess2020351194500-s0033-0000000033102973-0203-s_lc.fits
167747868,33,tess2020351194500-s0033-0000000167747868-0203-s_lc.fits
32154687,33,tess2020351194500-s0033-0000000032154687-0203-s_lc.fits
300243406,33,tess2020351194500-s0033-0000000300243406-0203-s_lc.fits
300449121,33,tess2020351194500-s0033-0000000300449121-0203-s_lc.fits
271725395,33,tess2020351194500-s0033-0000000271725395-0203-s_lc.fits
124687124,33,tess2020351194500-s0033-0000000124687124-0203-s_lc.fits
32816647,33,tess2020351194500-s0033-0000000032816647-0203-s_lc.fits
33604318,33,tess2020351194500-s0033-0000000033604318-0203-s_lc.fits
63810762,33,tess2020351194500-s0033-0000000063810762-0203-s_lc.fits
4713510,33,tess2020351194500-s0033-0000000004713510-0203-s_lc.fits
231083656,33,tess2020351194500-s0033-0000000231083656-0203-s_lc.fits
172625727,33,tess2020351194500-s0033-0000000172625727-0203-s_lc.fits
123627524,33,tess2020351194500-s0033-0000000123627524-0203-s_lc.fits
141029693,33,tess2020351194500-s0033-0000000141029693-0203-s_lc.fits
149125377,33,tess2020351194500-s0033-0000000149125377-0203-s_lc.fits
97633374,33,tess2020351194500-s0033-0000000097633374-0203-s_lc.fits
272235713,33,tess2020351194500-s0033-0000000272235713-0203-s_lc.fits
318044740,33,tess2020351194500-s0033-0000000318044740-0203-s_lc.fits
36218156,33,tess2020351194500-s0033-0000000036218156-0203-s_lc.fits
71728354,33,tess2020351194500-s0033-0000000071728354-0203-s_lc.fits
150390619,33,tess2020351194500-s0033-0000000150390619-0203-s_lc.fits
55755220,33,tess2020351194500-s0033-0000000055755220-0203-s_lc.fits
339637059,33,tess2020351194500-s0033-0000000339637059-0203-s_lc.fits
409533090,33,tess2020351194500-s0033-0000000409533090-0203-s_lc.fits
268770617,33,tess2020351194500-s0033-0000000268770617-0203-s_lc.fits
219380533,33,tess2020351194500-s0033-0000000219380533-0203-s_lc.fits
771773286,33,tess2020351194500-s0033-0000000771773286-0203-s_lc.fits
156760789,33,tess2020351194500-s0033-0000000156760789-0203-s_lc.fits
167206326,33,tess2020351194500-s0033-0000000167206326-0203-s_lc.fits
7422813,33,tess2020351194500-s0033-0000000007422813-0203-s_lc.fits
33091590,33,tess2020351194500-s0033-0000000033091590-0203-s_lc.fits
53606550,33,tess2020351194500-s0033-0000000053606550-0203-s_lc.fits
232019663,33,tess2020351194500-s0033-0000000232019663-0203-s_lc.fits
425058250,33,tess2020351194500-s0033-0000000425058250-0203-s_lc.fits
220455309,33,tess2020351194500-s0033-0000000220455309-0203-s_lc.fits
30403638,33,tess2020351194500-s0033-0000000030403638-0203-s_lc.fits
33831887,33,tess2020351194500-s0033-0000000033831887-0203-s_lc.fits
43325151,33,tess2020351194500-s0033-0000000043325151-0203-s_lc.fits
100611341,33,tess2020351194500-s0033-0000000100611341-0203-s_lc.fits
232388407,33,tess2020351194500-s0033-0000000232388407-0203-s_lc.fits
276864037,33,tess2020351194500-s0033-0000000276864037-0203-s_lc.fits
31852565,33,tess2020351194500-s0033-0000000031852565-0203-s_lc.fits
93277336,33,tess2020351194500-s0033-0000000093277336-0203-s_lc.fits
149390710,33,tess2020351194500-s0033-0000000149390710-0203-s_lc.fits
340313859,33,tess2020351194500-s0033-0000000340313859-0203-s_lc.fits
306897215,33,tess2020351194500-s0033-0000000306897215-0203-s_lc.fits
147906506,33,tess2020351194500-s0033-0000000147906506-0203-s_lc.fits
157011237,33,tess2020351194500-s0033-0000000157011237-0203-s_lc.fits
67164507,33,tess2020351194500-s0033-0000000067164507-0203-s_lc.fits
49771363,33,tess2020351194500-s0033-0000000049771363-0203-s_lc.fits
294093302,33,tess2020351194500-s0033-0000000294093302-0203-s_lc.fits
37790593,33,tess2020351194500-s0033-0000000037790593-0203-s_lc.fits
284655868,33,tess2020351194500-s0033-0000000284655868-0203-s_lc.fits
317602529,33,tess2020351194500-s0033-0000000317602529-0203-s_lc.fits
167344043,33,tess2020351194500-s0033-0000000167344043-0203-s_lc.fits
125686133,33,tess2020351194500-s0033-0000000125686133-0203-s_lc.fits
32930304,33,tess2020351194500-s0033-0000000032930304-0203-s_lc.fits
157015111,33,tess2020351194500-s0033-0000000157015111-0203-s_lc.fits
235354083,33,tess2020351194500-s0033-0000000235354083-0203-s_lc.fits
408930248,33,tess2020351194500-s0033-0000000408930248-0203-s_lc.fits
173079045,33,tess2020351194500-s0033-0000000173079045-0203-s_lc.fits
260417932,33,tess2020351194500-s0033-0000000260417932-0203-s_lc.fits
118872636,33,tess2020351194500-s0033-0000000118872636-0203-s_lc.fits
207335329,33,tess2020351194500-s0033-0000000207335329-0203-s_lc.fits
238128711,33,tess2020351194500-s0033-0000000238128711-0203-s_lc.fits
440856708,33,tess2020351194500-s0033-0000000440856708-0203-s_lc.fits
134500098,33,tess2020351194500-s0033-0000000134500098-0203-s_lc.fits
291202173,33,tess2020351194500-s0033-0000000291202173-0203-s_lc.fits
219144474,33,tess2020351194500-s0033-0000000219144474-0203-s_lc.fits
434304832,33,tess2020351194500-s0033-0000000434304832-0203-s_lc.fits
280212063,33,tess2020351194500-s0033-0000000280212063-0203-s_lc.fits
220425934,33,tess2020351194500-s0033-0000000220425934-0203-s_lc.fits
302964354,33,tess2020351194500-s0033-0000000302964354-0203-s_lc.fits
294099225,33,tess2020351194500-s0033-0000000294099225-0203-s_lc.fits
260046359,33,tess2020351194500-s0033-0000000260046359-0203-s_lc.fits
156564140,33,tess2020351194500-s0033-0000000156564140-0203-s_lc.fits
179639066,33,tess2020351194500-s0033-0000000179639066-0203-s_lc.fits
24532699,33,tess2020351194500-s0033-0000000024532699-0203-s_lc.fits
142087258,33,tess2020351194500-s0033-0000000142087258-0203-s_lc.fits
457088826,33,tess2020351194500-s0033-0000000457088826-0203-s_lc.fits
388128620,33,tess2020351194500-s0033-0000000388128620-0203-s_lc.fits
436332296,33,tess2020351194500-s0033-0000000436332296-0203-s_lc.fits
300557619,33,tess2020351194500-s0033-0000000300557619-0203-s_lc.fits
255747145,33,tess2020351194500-s0033-0000000255747145-0203-s_lc.fits
176875749,33,tess2020351194500-s0033-0000000176875749-0203-s_lc.fits
317437681,33,tess2020351194500-s0033-0000000317437681-0203-s_lc.fits
445457206,33,tess2020351194500-s0033-0000000445457206-0203-s_lc.fits
29986496,33,tess2020351194500-s0033-0000000029986496-0203-s_lc.fits
33472501,33,tess2020351194500-s0033-0000000033472501-0203-s_lc.fits
179576115,33,tess2020351194500-s0033-0000000179576115-0203-s_lc.fits
760980971,33,tess2020351194500-s0033-0000000760980971-0203-s_lc.fits
437986693,33,tess2020351194500-s0033-0000000437986693-0203-s_lc.fits
735788153,33,tess2020351194500-s0033-0000000735788153-0203-s_lc.fits
99688254,33,tess2020351194500-s0033-0000000099688254-0203-s_lc.fits
262602495,33,tess2020351194500-s0033-0000000262602495-0203-s_lc.fits
425208173,33,tess2020351194500-s0033-0000000425208173-0203-s_lc.fits
322897154,33,tess2020351194500-s0033-0000000322897154-0203-s_lc.fits
391813522,33,tess2020351194500-s0033-0000000391813522-0203-s_lc.fits
66149504,33,tess2020351194500-s0033-0000000066149504-0203-s_lc.fits
38587275,33,tess2020351194500-s0033-0000000038587275-0203-s_lc.fits
231731564,33,tess2020351194500-s0033-0000000231731564-0203-s_lc.fits
14606109,33,tess2020351194500-s0033-0000000014606109-0203-s_lc.fits
142601849,33,tess2020351194500-s0033-0000000142601849-0203-s_lc.fits
294430837,33,tess2020351194500-s0033-0000000294430837-0203-s_lc.fits
349273907,33,tess2020351194500-s0033-0000000349273907-0203-s_lc.fits
231942365,33,tess2020351194500-s0033-0000000231942365-0203-s_lc.fits
167342439,33,tess2020351194500-s0033-0000000167342439-0203-s_lc.fits
7324805,33,tess2020351194500-s0033-0000000007324805-0203-s_lc.fits
461840923,33,tess2020351194500-s0033-0000000461840923-0203-s_lc.fits
260351280,33,tess2020351194500-s0033-0000000260351280-0203-s_lc.fits
363963079,33,tess2020351194500-s0033-0000000363963079-0203-s_lc.fits
89195987,33,tess2020351194500-s0033-0000000089195987-0203-s_lc.fits
172402556,33,tess2020351194500-s0033-0000000172402556-0203-s_lc.fits
71573811,33,tess2020351194500-s0033-0000000071573811-0203-s_lc.fits
201529284,33,tess2020351194500-s0033-0000000201529284-0203-s_lc.fits
277109064,33,tess2020351194500-s0033-0000000277109064-0203-s_lc.fits
427502486,33,tess2020351194500-s0033-0000000427502486-0203-s_lc.fits
31177812,33,tess2020351194500-s0033-0000000031177812-0203-s_lc.fits
167368443,33,tess2020351194500-s0033-0000000167368443-0203-s_lc.fits
375035828,33,tess2020351194500-s0033-0000000375035828-0203-s_lc.fits
734810978,33,tess2020351194500-s0033-0000000734810978-0203-s_lc.fits
60104280,33,tess2020351194500-s0033-0000000060104280-0203-s_lc.fits
24588845,33,tess2020351194500-s0033-0000000024588845-0203-s_lc.fits
124229610,33,tess2020351194500-s0033-0000000124229610-0203-s_lc.fits
124231917,33,tess2020351194500-s0033-0000000124231917-0203-s_lc.fits
102286828,33,tess2020351194500-s0033-0000000102286828-0203-s_lc.fits
354555062,33,tess2020351194500-s0033-0000000354555062-0203-s_lc.fits
391947909,33,tess2020351194500-s0033-0000000391947909-0203-s_lc.fits
277300141,33,tess2020351194500-s0033-0000000277300141-0203-s_lc.fits
49314446,33,tess2020351194500-s0033-0000000049314446-0203-s_lc.fits
291639293,33,tess2020351194500-s0033-0000000291639293-0203-s_lc.fits
124179557,33,tess2020351194500-s0033-0000000124179557-0203-s_lc.fits
149100850,33,tess2020351194500-s0033-0000000149100850-0203-s_lc.fits
234777133,33,tess2020351194500-s0033-0000000234777133-0203-s_lc.fits
300810325,33,tess2020351194500-s0033-0000000300810325-0203-s_lc.fits
260356202,33,tess2020351194500-s0033-0000000260356202-0203-s_lc.fits
33366962,33,tess2020351194500-s0033-0000000033366962-0203-s_lc.fits
93327596,33,tess2020351194500-s0033-0000000093327596-0203-s_lc.fits
260130966,33,tess2020351194500-s0033-0000000260130966-0203-s_lc.fits
306738432,33,tess2020351194500-s0033-0000000306738432-0203-s_lc.fits
21579522,33,tess2020351194500-s0033-0000000021579522-0203-s_lc.fits
67267175,33,tess2020351194500-s0033-0000000067267175-0203-s_lc.fits
771327297,33,tess2020351194500-s0033-0000000771327297-0203-s_lc.fits
140498529,33,tess2020351194500-s0033-0000000140498529-0203-s_lc.fits
140209922,33,tess2020351194500-s0033-0000000140209922-0203-s_lc.fits
4615512,33,tess2020351194500-s0033-0000000004615512-0203-s_lc.fits
119293329,33,tess2020351194500-s0033-0000000119293329-0203-s_lc.fits
41464526,33,tess2020351194500-s0033-0000000041464526-0203-s_lc.fits
95519072,33,tess2020351194500-s0033-0000000095519072-0203-s_lc.fits
363914762,33,tess2020351194500-s0033-0000000363914762-0203-s_lc.fits
270474308,33,tess2020351194500-s0033-0000000270474308-0203-s_lc.fits
281924935,33,tess2020351194500-s0033-0000000281924935-0203-s_lc.fits
20092743,33,tess2020351194500-s0033-0000000020092743-0203-s_lc.fits
281812116,33,tess2020351194500-s0033-0000000281812116-0203-s_lc.fits
237547354,33,tess2020351194500-s0033-0000000237547354-0203-s_lc.fits
453125006,33,tess2020351194500-s0033-0000000453125006-0203-s_lc.fits
220614656,33,tess2020351194500-s0033-0000000220614656-0203-s_lc.fits
100779043,33,tess2020351194500-s0033-0000000100779043-0203-s_lc.fits
234557195,33,tess2020351194500-s0033-0000000234557195-0203-s_lc.fits
80840488,33,tess2020351194500-s0033-0000000080840488-0203-s_lc.fits
67193862,33,tess2020351194500-s0033-0000000067193862-0203-s_lc.fits
300291839,33,tess2020351194500-s0033-0000000300291839-0203-s_lc.fits
143106235,33,tess2020351194500-s0033-0000000143106235-0203-s_lc.fits
21445247,33,tess2020351194500-s0033-0000000021445247-0203-s_lc.fits
369521705,33,tess2020351194500-s0033-0000000369521705-0203-s_lc.fits
235410610,33,tess2020351194500-s0033-0000000235410610-0203-s_lc.fits
97723259,33,tess2020351194500-s0033-0000000097723259-0203-s_lc.fits
65706669,33,tess2020351194500-s0033-0000000065706669-0203-s_lc.fits
287427126,33,tess2020351194500-s0033-0000000287427126-0203-s_lc.fits
375144305,33,tess2020351194500-s0033-0000000375144305-0203-s_lc.fits
158113091,33,tess2020351194500-s0033-0000000158113091-0203-s_lc.fits
150357935,33,tess2020351194500-s0033-0000000150357935-0203-s_lc.fits
201465679,33,tess2020351194500-s0033-0000000201465679-0203-s_lc.fits
294276425,33,tess2020351194500-s0033-0000000294276425-0203-s_lc.fits
59769162,33,tess2020351194500-s0033-0000000059769162-0203-s_lc.fits
22600633,33,tess2020351194500-s0033-0000000022600633-0203-s_lc.fits
373843852,33,tess2020351194500-s0033-0000000373843852-0203-s_lc.fits
277108350,33,tess2020351194500-s0033-0000000277108350-0203-s_lc.fits
32953024,33,tess2020351194500-s0033-0000000032953024-0203-s_lc.fits
100122480,33,tess2020351194500-s0033-0000000100122480-0203-s_lc.fits
60122236,33,tess2020351194500-s0033-0000000060122236-0203-s_lc.fits
375091818,33,tess2020351194500-s0033-0000000375091818-0203-s_lc.fits
320027404,33,tess2020351194500-s0033-0000000320027404-0203-s_lc.fits
238074335,33,tess2020351194500-s0033-0000000238074335-0203-s_lc.fits
25195258,33,tess2020351194500-s0033-0000000025195258-0203-s_lc.fits
220040238,33,tess2020351194500-s0033-0000000220040238-0203-s_lc.fits
22642772,33,tess2020351194500-s0033-0000000022642772-0203-s_lc.fits
168111521,33,tess2020351194500-s0033-0000000168111521-0203-s_lc.fits
348839374,33,tess2020351194500-s0033-0000000348839374-0203-s_lc.fits
157533670,33,tess2020351194500-s0033-0000000157533670-0203-s_lc.fits
59468405,33,tess2020351194500-s0033-0000000059468405-0203-s_lc.fits
59354901,33,tess2020351194500-s0033-0000000059354901-0203-s_lc.fits
453166672,33,tess2020351194500-s0033-0000000453166672-0203-s_lc.fits
260606294,33,tess2020351194500-s0033-0000000260606294-0203-s_lc.fits
150030490,33,tess2020351194500-s0033-0000000150030490-0203-s_lc.fits
150250236,33,tess2020351194500-s0033-0000000150250236-0203-s_lc.fits
59946956,33,tess2020351194500-s0033-0000000059946956-0203-s_lc.fits
389876783,33,tess2020351194500-s0033-0000000389876783-0203-s_lc.fits
160377728,33,tess2020351194500-s0033-0000000160377728-0203-s_lc.fits
125340495,33,tess2020351194500-s0033-0000000125340495-0203-s_lc.fits
93334132,33,tess2020351194500-s0033-0000000093334132-0203-s_lc.fits
119636606,33,tess2020351194500-s0033-0000000119636606-0203-s_lc.fits
349519164,33,tess2020351194500-s0033-0000000349519164-0203-s_lc.fits
277103687,33,tess2020351194500-s0033-0000000277103687-0203-s_lc.fits
292950294,33,tess2020351194500-s0033-0000000292950294-0203-s_lc.fits
350522436,33,tess2020351194500-s0033-0000000350522436-0203-s_lc.fits
147946697,33,tess2020351194500-s0033-0000000147946697-0203-s_lc.fits
271698657,33,tess2020351194500-s0033-0000000271698657-0203-s_lc.fits
167332471,33,tess2020351194500-s0033-0000000167332471-0203-s_lc.fits
158071944,33,tess2020351194500-s0033-0000000158071944-0203-s_lc.fits
91927362,33,tess2020351194500-s0033-0000000091927362-0203-s_lc.fits
317189098,33,tess2020351194500-s0033-0000000317189098-0203-s_lc.fits
220454990,33,tess2020351194500-s0033-0000000220454990-0203-s_lc.fits
771221310,33,tess2020351194500-s0033-0000000771221310-0203-s_lc.fits
150185574,33,tess2020351194500-s0033-0000000150185574-0203-s_lc.fits
385813116,33,tess2020351194500-s0033-0000000385813116-0203-s_lc.fits
32000314,33,tess2020351194500-s0033-0000000032000314-0203-s_lc.fits
100201802,33,tess2020351194500-s0033-0000000100201802-0203-s_lc.fits
72314846,33,tess2020351194500-s0033-0000000072314846-0203-s_lc.fits
237427859,33,tess2020351194500-s0033-0000000237427859-0203-s_lc.fits
307586958,33,tess2020351194500-s0033-0000000307586958-0203-s_lc.fits
53679819,33,tess2020351194500-s0033-0000000053679819-0203-s_lc.fits
64200136,33,tess2020351194500-s0033-0000000064200136-0203-s_lc.fits
238018529,33,tess2020351194500-s0033-0000000238018529-0203-s_lc.fits
220614593,33,tess2020351194500-s0033-0000000220614593-0203-s_lc.fits
30761237,33,tess2020351194500-s0033-0000000030761237-0203-s_lc.fits
382187849,33,tess2020351194500-s0033-0000000382187849-0203-s_lc.fits
40797468,33,tess2020351194500-s0033-0000000040797468-0203-s_lc.fits
140939570,33,tess2020351194500-s0033-0000000140939570-0203-s_lc.fits
234276869,33,tess2020351194500-s0033-0000000234276869-0203-s_lc.fits
98878315,33,tess2020351194500-s0033-0000000098878315-0203-s_lc.fits
32928992,33,tess2020351194500-s0033-0000000032928992-0203-s_lc.fits
306604191,33,tess2020351194500-s0033-0000000306604191-0203-s_lc.fits
119289595,33,tess2020351194500-s0033-0000000119289595-0203-s_lc.fits
457088925,33,tess2020351194500-s0033-0000000457088925-0203-s_lc.fits
516295838,33,tess2020351194500-s0033-0000000516295838-0203-s_lc.fits
257719274,33,tess2020351194500-s0033-0000000257719274-0203-s_lc.fits
348995211,33,tess2020351194500-s0033-0000000348995211-0203-s_lc.fits
440752528,33,tess2020351194500-s0033-0000000440752528-0203-s_lc.fits
235444121,33,tess2020351194500-s0033-0000000235444121-0203-s_lc.fits
130415266,33,tess2020351194500-s0033-0000000130415266-0203-s_lc.fits
232254136,33,tess2020351194500-s0033-0000000232254136-0203-s_lc.fits
95513457,33,tess2020351194500-s0033-0000000095513457-0203-s_lc.fits
178437425,33,tess2020351194500-s0033-0000000178437425-0203-s_lc.fits
220453989,33,tess2020351194500-s0033-0000000220453989-0203-s_lc.fits
134500823,33,tess2020351194500-s0033-0000000134500823-0203-s_lc.fits
31798927,33,tess2020351194500-s0033-0000000031798927-0203-s_lc.fits
237751146,33,tess2020351194500-s0033-0000000237751146-0203-s_lc.fits
80964789,33,tess2020351194500-s0033-0000000080964789-0203-s_lc.fits
40717334,33,tess2020351194500-s0033-0000000040717334-0203-s_lc.fits
283209992,33,tess2020351194500-s0033-0000000283209992-0203-s_lc.fits
320350213,33,tess2020351194500-s0033-0000000320350213-0203-s_lc.fits
219149293,33,tess2020351194500-s0033-0000000219149293-0203-s_lc.fits
300293197,33,tess2020351194500-s0033-0000000300293197-0203-s_lc.fits
350708370,33,tess2020351194500-s0033-0000000350708370-0203-s_lc.fits
176982916,33,tess2020351194500-s0033-0000000176982916-0203-s_lc.fits
55497266,33,tess2020351194500-s0033-0000000055497266-0203-s_lc.fits
393315347,33,tess2020351194500-s0033-0000000393315347-0203-s_lc.fits
180975003,33,tess2020351194500-s0033-0000000180975003-0203-s_lc.fits
141028120,33,tess2020351194500-s0033-0000000141028120-0203-s_lc.fits
33690636,33,tess2020351194500-s0033-0000000033690636-0203-s_lc.fits
64297065,33,tess2020351194500-s0033-0000000064297065-0203-s_lc.fits
177428443,33,tess2020351194500-s0033-0000000177428443-0203-s_lc.fits
317279796,33,tess2020351194500-s0033-0000000317279796-0203-s_lc.fits
452376331,33,tess2020351194500-s0033-0000000452376331-0203-s_lc.fits
170203646,33,tess2020351194500-s0033-0000000170203646-0203-s_lc.fits
267250821,33,tess2020351194500-s0033-0000000267250821-0203-s_lc.fits
350766639,33,tess2020351194500-s0033-0000000350766639-0203-s_lc.fits
71794141,33,tess2020351194500-s0033-0000000071794141-0203-s_lc.fits
438198772,33,tess2020351194500-s0033-0000000438198772-0203-s_lc.fits
255551743,33,tess2020351194500-s0033-0000000255551743-0203-s_lc.fits
96803775,33,tess2020351194500-s0033-0000000096803775-0203-s_lc.fits
260369469,33,tess2020351194500-s0033-0000000260369469-0203-s_lc.fits
468947145,33,tess2020351194500-s0033-0000000468947145-0203-s_lc.fits
220424323,33,tess2020351194500-s0033-0000000220424323-0203-s_lc.fits
153404317,33,tess2020351194500-s0033-0000000153404317-0203-s_lc.fits
134221052,33,tess2020351194500-s0033-0000000134221052-0203-s_lc.fits
277172728,33,tess2020351194500-s0033-0000000277172728-0203-s_lc.fits
179441174,33,tess2020351194500-s0033-0000000179441174-0203-s_lc.fits
123763739,33,tess2020351194500-s0033-0000000123763739-0203-s_lc.fits
262442424,33,tess2020351194500-s0033-0000000262442424-0203-s_lc.fits
382186823,33,tess2020351194500-s0033-0000000382186823-0203-s_lc.fits
37156765,33,tess2020351194500-s0033-0000000037156765-0203-s_lc.fits
34187923,33,tess2020351194500-s0033-0000000034187923-0203-s_lc.fits
317488171,33,tess2020351194500-s0033-0000000317488171-0203-s_lc.fits
66558780,33,tess2020351194500-s0033-0000000066558780-0203-s_lc.fits
232373491,33,tess2020351194500-s0033-0000000232373491-0203-s_lc.fits
151241023,33,tess2020351194500-s0033-0000000151241023-0203-s_lc.fits
60177852,33,tess2020351194500-s0033-0000000060177852-0203-s_lc.fits
201386800,33,tess2020351194500-s0033-0000000201386800-0203-s_lc.fits
149630117,33,tess2020351194500-s0033-0000000149630117-0203-s_lc.fits
339733451,33,tess2020351194500-s0033-0000000339733451-0203-s_lc.fits
60174652,33,tess2020351194500-s0033-0000000060174652-0203-s_lc.fits
64847958,33,tess2020351194500-s0033-0000000064847958-0203-s_lc.fits
242192767,33,tess2020351194500-s0033-0000000242192767-0203-s_lc.fits
437906057,33,tess2020351194500-s0033-0000000437906057-0203-s_lc.fits
339955143,33,tess2020351194500-s0033-0000000339955143-0203-s_lc.fits
100290092,33,tess2020351194500-s0033-0000000100290092-0203-s_lc.fits
124242198,33,tess2020351194500-s0033-0000000124242198-0203-s_lc.fits
141025090,33,tess2020351194500-s0033-0000000141025090-0203-s_lc.fits
375146283,33,tess2020351194500-s0033-0000000375146283-0203-s_lc.fits
219399036,33,tess2020351194500-s0033-0000000219399036-0203-s_lc.fits
124953606,33,tess2020351194500-s0033-0000000124953606-0203-s_lc.fits
156715084,33,tess2020351194500-s0033-0000000156715084-0203-s_lc.fits
283006575,33,tess2020351194500-s0033-0000000283006575-0203-s_lc.fits
48047540,33,tess2020351194500-s0033-0000000048047540-0203-s_lc.fits
220398218,33,tess2020351194500-s0033-0000000220398218-0203-s_lc.fits
281713959,33,tess2020351194500-s0033-0000000281713959-0203-s_lc.fits
67198112,33,tess2020351194500-s0033-0000000067198112-0203-s_lc.fits
319475477,33,tess2020351194500-s0033-0000000319475477-0203-s_lc.fits
282712208,33,tess2020351194500-s0033-0000000282712208-0203-s_lc.fits
237668479,33,tess2020351194500-s0033-0000000237668479-0203-s_lc.fits
20210161,33,tess2020351194500-s0033-0000000020210161-0203-s_lc.fits
301591400,33,tess2020351194500-s0033-0000000301591400-0203-s_lc.fits
404933915,33,tess2020351194500-s0033-0000000404933915-0203-s_lc.fits
149988523,33,tess2020351194500-s0033-0000000149988523-0203-s_lc.fits
219391824,33,tess2020351194500-s0033-0000000219391824-0203-s_lc.fits
141531768,33,tess2020351194500-s0033-0000000141531768-0203-s_lc.fits
443554161,33,tess2020351194500-s0033-0000000443554161-0203-s_lc.fits
26406632,33,tess2020351194500-s0033-0000000026406632-0203-s_lc.fits
229355590,33,tess2020351194500-s0033-0000000229355590-0203-s_lc.fits
219369855,33,tess2020351194500-s0033-0000000219369855-0203-s_lc.fits
729323047,33,tess2020351194500-s0033-0000000729323047-0203-s_lc.fits
231722966,33,tess2020351194500-s0033-0000000231722966-0203-s_lc.fits
25045069,33,tess2020351194500-s0033-0000000025045069-0203-s_lc.fits
350763476,33,tess2020351194500-s0033-0000000350763476-0203-s_lc.fits
48620707,33,tess2020351194500-s0033-0000000048620707-0203-s_lc.fits
415588902,33,tess2020351194500-s0033-0000000415588902-0203-s_lc.fits
260640855,33,tess2020351194500-s0033-0000000260640855-0203-s_lc.fits
55367591,33,tess2020351194500-s0033-0000000055367591-0203-s_lc.fits
150271299,33,tess2020351194500-s0033-0000000150271299-0203-s_lc.fits
53557999,33,tess2020351194500-s0033-0000000053557999-0203-s_lc.fits
349571548,33,tess2020351194500-s0033-0000000349571548-0203-s_lc.fits
425083216,33,tess2020351194500-s0033-0000000425083216-0203-s_lc.fits
167894031,33,tess2020351194500-s0033-0000000167894031-0203-s_lc.fits
26592983,33,tess2020351194500-s0033-0000000026592983-0203-s_lc.fits
60382208,33,tess2020351194500-s0033-0000000060382208-0203-s_lc.fits
238074236,33,tess2020351194500-s0033-0000000238074236-0203-s_lc.fits
220459086,33,tess2020351194500-s0033-0000000220459086-0203-s_lc.fits
144500431,33,tess2020351194500-s0033-0000000144500431-0203-s_lc.fits
30192292,33,tess2020351194500-s0033-0000000030192292-0203-s_lc.fits
250568809,33,tess2020351194500-s0033-0000000250568809-0203-s_lc.fits
278864459,33,tess2020351194500-s0033-0000000278864459-0203-s_lc.fits
255744433,33,tess2020351194500-s0033-0000000255744433-0203-s_lc.fits
42230013,33,tess2020351194500-s0033-0000000042230013-0203-s_lc.fits
438496720,33,tess2020351194500-s0033-0000000438496720-0203-s_lc.fits
81590001,33,tess2020351194500-s0033-0000000081590001-0203-s_lc.fits
232501798,33,tess2020351194500-s0033-0000000232501798-0203-s_lc.fits
382257632,33,tess2020351194500-s0033-0000000382257632-0203-s_lc.fits
30722685,33,tess2020351194500-s0033-0000000030722685-0203-s_lc.fits
158936880,33,tess2020351194500-s0033-0000000158936880-0203-s_lc.fits
293649767,33,tess2020351194500-s0033-0000000293649767-0203-s_lc.fits
232412494,33,tess2020351194500-s0033-0000000232412494-0203-s_lc.fits
373765872,33,tess2020351194500-s0033-0000000373765872-0203-s_lc.fits
142144969,33,tess2020351194500-s0033-0000000142144969-0203-s_lc.fits
290750115,33,tess2020351194500-s0033-0000000290750115-0203-s_lc.fits
11808873,33,tess2020351194500-s0033-0000000011808873-0203-s_lc.fits
268458661,33,tess2020351194500-s0033-0000000268458661-0203-s_lc.fits
294272049,33,tess2020351194500-s0033-0000000294272049-0203-s_lc.fits
123975662,33,tess2020351194500-s0033-0000000123975662-0203-s_lc.fits
291793791,33,tess2020351194500-s0033-0000000291793791-0203-s_lc.fits
124845745,33,tess2020351194500-s0033-0000000124845745-0203-s_lc.fits
714666646,33,tess2020351194500-s0033-0000000714666646-0203-s_lc.fits
149499578,33,tess2020351194500-s0033-0000000149499578-0203-s_lc.fits
713444572,33,tess2020351194500-s0033-0000000713444572-0203-s_lc.fits
53747502,33,tess2020351194500-s0033-0000000053747502-0203-s_lc.fits
97055695,33,tess2020351194500-s0033-0000000097055695-0203-s_lc.fits
349371701,33,tess2020351194500-s0033-0000000349371701-0203-s_lc.fits
20069251,33,tess2020351194500-s0033-0000000020069251-0203-s_lc.fits
143207245,33,tess2020351194500-s0033-0000000143207245-0203-s_lc.fits
7423389,33,tess2020351194500-s0033-0000000007423389-0203-s_lc.fits
33601201,33,tess2020351194500-s0033-0000000033601201-0203-s_lc.fits
260508001,33,tess2020351194500-s0033-0000000260508001-0203-s_lc.fits
150323138,33,tess2020351194500-s0033-0000000150323138-0203-s_lc.fits
408929089,33,tess2020351194500-s0033-0000000408929089-0203-s_lc.fits
376940751,33,tess2020351194500-s0033-0000000376940751-0203-s_lc.fits
33366214,33,tess2020351194500-s0033-0000000033366214-0203-s_lc.fits
260607767,33,tess2020351194500-s0033-0000000260607767-0203-s_lc.fits
260369855,33,tess2020351194500-s0033-0000000260369855-0203-s_lc.fits
290870218,33,tess2020351194500-s0033-0000000290870218-0203-s_lc.fits
443081223,33,tess2020351194500-s0033-0000000443081223-0203-s_lc.fits
170224449,33,tess2020351194500-s0033-0000000170224449-0203-s_lc.fits
333139098,33,tess2020351194500-s0033-0000000333139098-0203-s_lc.fits
52804058,33,tess2020351194500-s0033-0000000052804058-0203-s_lc.fits
64199986,33,tess2020351194500-s0033-0000000064199986-0203-s_lc.fits
172739415,33,tess2020351194500-s0033-0000000172739415-0203-s_lc.fits
251239712,33,tess2020351194500-s0033-0000000251239712-0203-s_lc.fits
438059849,33,tess2020351194500-s0033-0000000438059849-0203-s_lc.fits
317865610,33,tess2020351194500-s0033-0000000317865610-0203-s_lc.fits
708516365,33,tess2020351194500-s0033-0000000708516365-0203-s_lc.fits
295620960,33,tess2020351194500-s0033-0000000295620960-0203-s_lc.fits
158089725,33,tess2020351194500-s0033-0000000158089725-0203-s_lc.fits
438226195,33,tess2020351194500-s0033-0000000438226195-0203-s_lc.fits
295524973,33,tess2020351194500-s0033-0000000295524973-0203-s_lc.fits
425143342,33,tess2020351194500-s0033-0000000425143342-0203-s_lc.fits
294098955,33,tess2020351194500-s0033-0000000294098955-0203-s_lc.fits
157081159,33,tess2020351194500-s0033-0000000157081159-0203-s_lc.fits
40345470,33,tess2020351194500-s0033-0000000040345470-0203-s_lc.fits
119546844,33,tess2020351194500-s0033-0000000119546844-0203-s_lc.fits
21506673,33,tess2020351194500-s0033-0000000021506673-0203-s_lc.fits
32052779,33,tess2020351194500-s0033-0000000032052779-0203-s_lc.fits
80456865,33,tess2020351194500-s0033-0000000080456865-0203-s_lc.fits
167654320,33,tess2020351194500-s0033-0000000167654320-0203-s_lc.fits
279477956,33,tess2020351194500-s0033-0000000279477956-0203-s_lc.fits
280295517,33,tess2020351194500-s0033-0000000280295517-0203-s_lc.fits
231482724,33,tess2020351194500-s0033-0000000231482724-0203-s_lc.fits
35950943,33,tess2020351194500-s0033-0000000035950943-0203-s_lc.fits
149175396,33,tess2020351194500-s0033-0000000149175396-0203-s_lc.fits
219148305,33,tess2020351194500-s0033-0000000219148305-0203-s_lc.fits
388128644,33,tess2020351194500-s0033-0000000388128644-0203-s_lc.fits
278960800,33,tess2020351194500-s0033-0000000278960800-0203-s_lc.fits
234951651,33,tess2020351194500-s0033-0000000234951651-0203-s_lc.fits
220041320,33,tess2020351194500-s0033-0000000220041320-0203-s_lc.fits
350586063,33,tess2020351194500-s0033-0000000350586063-0203-s_lc.fits
238159015,33,tess2020351194500-s0033-0000000238159015-0203-s_lc.fits
438219904,33,tess2020351194500-s0033-0000000438219904-0203-s_lc.fits
147917702,33,tess2020351194500-s0033-0000000147917702-0203-s_lc.fits
292360523,33,tess2020351194500-s0033-0000000292360523-0203-s_lc.fits
393320233,33,tess2020351194500-s0033-0000000393320233-0203-s_lc.fits
300038246,33,tess2020351194500-s0033-0000000300038246-0203-s_lc.fits
10173875,33,tess2020351194500-s0033-0000000010173875-0203-s_lc.fits
33739725,33,tess2020351194500-s0033-0000000033739725-0203-s_lc.fits
350858696,33,tess2020351194500-s0033-0000000350858696-0203-s_lc.fits
284614745,33,tess2020351194500-s0033-0000000284614745-0203-s_lc.fits
22866080,33,tess2020351194500-s0033-0000000022866080-0203-s_lc.fits
430419068,33,tess2020351194500-s0033-0000000430419068-0203-s_lc.fits
260371854,33,tess2020351194500-s0033-0000000260371854-0203-s_lc.fits
134284079,33,tess2020351194500-s0033-0000000134284079-0203-s_lc.fits
443156730,33,tess2020351194500-s0033-0000000443156730-0203-s_lc.fits
38583536,33,tess2020351194500-s0033-0000000038583536-0203-s_lc.fits
279904538,33,tess2020351194500-s0033-0000000279904538-0203-s_lc.fits
153409838,33,tess2020351194500-s0033-0000000153409838-0203-s_lc.fits
124689349,33,tess2020351194500-s0033-0000000124689349-0203-s_lc.fits
453194921,33,tess2020351194500-s0033-0000000453194921-0203-s_lc.fits
235178108,33,tess2020351194500-s0033-0000000235178108-0203-s_lc.fits
124849902,33,tess2020351194500-s0033-0000000124849902-0203-s_lc.fits
282706928,33,tess2020351194500-s0033-0000000282706928-0203-s_lc.fits
93442100,33,tess2020351194500-s0033-0000000093442100-0203-s_lc.fits
232051434,33,tess2020351194500-s0033-0000000232051434-0203-s_lc.fits
709425539,33,tess2020351194500-s0033-0000000709425539-0203-s_lc.fits
71793914,33,tess2020351194500-s0033-0000000071793914-0203-s_lc.fits
229175878,33,tess2020351194500-s0033-0000000229175878-0203-s_lc.fits
166923961,33,tess2020351194500-s0033-0000000166923961-0203-s_lc.fits
160303036,33,tess2020351194500-s0033-0000000160303036-0203-s_lc.fits
179246484,33,tess2020351194500-s0033-0000000179246484-0203-s_lc.fits
149600859,33,tess2020351194500-s0033-0000000149600859-0203-s_lc.fits
36209347,33,tess2020351194500-s0033-0000000036209347-0203-s_lc.fits
235277433,33,tess2020351194500-s0033-0000000235277433-0203-s_lc.fits
425143756,33,tess2020351194500-s0033-0000000425143756-0203-s_lc.fits
220408010,33,tess2020351194500-s0033-0000000220408010-0203-s_lc.fits
234565561,33,tess2020351194500-s0033-0000000234565561-0203-s_lc.fits
201422112,33,tess2020351194500-s0033-0000000201422112-0203-s_lc.fits
143271144,33,tess2020351194500-s0033-0000000143271144-0203-s_lc.fits
33521620,33,tess2020351194500-s0033-0000000033521620-0203-s_lc.fits
95406412,33,tess2020351194500-s0033-0000000095406412-0203-s_lc.fits
270576040,33,tess2020351194500-s0033-0000000270576040-0203-s_lc.fits
21726939,33,tess2020351194500-s0033-0000000021726939-0203-s_lc.fits
294873381,33,tess2020351194500-s0033-0000000294873381-0203-s_lc.fits
81414067,33,tess2020351194500-s0033-0000000081414067-0203-s_lc.fits
14709809,33,tess2020351194500-s0033-0000000014709809-0203-s_lc.fits
434387829,33,tess2020351194500-s0033-0000000434387829-0203-s_lc.fits
78959256,33,tess2020351194500-s0033-0000000078959256-0203-s_lc.fits
705428282,33,tess2020351194500-s0033-0000000705428282-0203-s_lc.fits
287718224,33,tess2020351194500-s0033-0000000287718224-0203-s_lc.fits
706277916,33,tess2020351194500-s0033-0000000706277916-0203-s_lc.fits
279159470,33,tess2020351194500-s0033-0000000279159470-0203-s_lc.fits
49078844,33,tess2020351194500-s0033-0000000049078844-0203-s_lc.fits
81744320,33,tess2020351194500-s0033-0000000081744320-0203-s_lc.fits
37543566,33,tess2020351194500-s0033-0000000037543566-0203-s_lc.fits
33200995,33,tess2020351194500-s0033-0000000033200995-0203-s_lc.fits
263182078,33,tess2020351194500-s0033-0000000263182078-0203-s_lc.fits
38846515,33,tess2020351194500-s0033-0000000038846515-0203-s_lc.fits
124277575,33,tess2020351194500-s0033-0000000124277575-0203-s_lc.fits
37307440,33,tess2020351194500-s0033-0000000037307440-0203-s_lc.fits
60000036,33,tess2020351194500-s0033-0000000060000036-0203-s_lc.fits
320340060,33,tess2020351194500-s0033-0000000320340060-0203-s_lc.fits
272431788,33,tess2020351194500-s0033-0000000272431788-0203-s_lc.fits
20095628,33,tess2020351194500-s0033-0000000020095628-0203-s_lc.fits
124227849,33,tess2020351194500-s0033-0000000124227849-0203-s_lc.fits
280643259,33,tess2020351194500-s0033-0000000280643259-0203-s_lc.fits
100829377,33,tess2020351194500-s0033-0000000100829377-0203-s_lc.fits
294324819,33,tess2020351194500-s0033-0000000294324819-0203-s_lc.fits
235386334,33,tess2020351194500-s0033-0000000235386334-0203-s_lc.fits
443169388,33,tess2020351194500-s0033-0000000443169388-0203-s_lc.fits
167367512,33,tess2020351194500-s0033-0000000167367512-0203-s_lc.fits
319933145,33,tess2020351194500-s0033-0000000319933145-0203-s_lc.fits
247829471,33,tess2020351194500-s0033-0000000247829471-0203-s_lc.fits
25706963,33,tess2020351194500-s0033-0000000025706963-0203-s_lc.fits
34265069,33,tess2020351194500-s0033-0000000034265069-0203-s_lc.fits
153278531,33,tess2020351194500-s0033-0000000153278531-0203-s_lc.fits
177254988,33,tess2020351194500-s0033-0000000177254988-0203-s_lc.fits
381976357,33,tess2020351194500-s0033-0000000381976357-0203-s_lc.fits
434372789,33,tess2020351194500-s0033-0000000434372789-0203-s_lc.fits
38824355,33,tess2020351194500-s0033-0000000038824355-0203-s_lc.fits
706716704,33,tess2020351194500-s0033-0000000706716704-0203-s_lc.fits
47984196,33,tess2020351194500-s0033-0000000047984196-0203-s_lc.fits
33043627,33,tess2020351194500-s0033-0000000033043627-0203-s_lc.fits
30718115,33,tess2020351194500-s0033-0000000030718115-0203-s_lc.fits
734431102,33,tess2020351194500-s0033-0000000734431102-0203-s_lc.fits
409603736,33,tess2020351194500-s0033-0000000409603736-0203-s_lc.fits
7322272,33,tess2020351194500-s0033-0000000007322272-0203-s_lc.fits
177354054,33,tess2020351194500-s0033-0000000177354054-0203-s_lc.fits
147184649,33,tess2020351194500-s0033-0000000147184649-0203-s_lc.fits
52048057,33,tess2020351194500-s0033-0000000052048057-0203-s_lc.fits
232043074,33,tess2020351194500-s0033-0000000232043074-0203-s_lc.fits
350441977,33,tess2020351194500-s0033-0000000350441977-0203-s_lc.fits
408908042,33,tess2020351194500-s0033-0000000408908042-0203-s_lc.fits
21578667,33,tess2020351194500-s0033-0000000021578667-0203-s_lc.fits
386484325,33,tess2020351194500-s0033-0000000386484325-0203-s_lc.fits
337388469,33,tess2020351194500-s0033-0000000337388469-0203-s_lc.fits
149631344,33,tess2020351194500-s0033-0000000149631344-0203-s_lc.fits
271975549,33,tess2020351194500-s0033-0000000271975549-0203-s_lc.fits
72311250,33,tess2020351194500-s0033-0000000072311250-0203-s_lc.fits
340064290,33,tess2020351194500-s0033-0000000340064290-0203-s_lc.fits
350820908,33,tess2020351194500-s0033-0000000350820908-0203-s_lc.fits
148290032,33,tess2020351194500-s0033-0000000148290032-0203-s_lc.fits
72170412,33,tess2020351194500-s0033-0000000072170412-0203-s_lc.fits
60344492,33,tess2020351194500-s0033-0000000060344492-0203-s_lc.fits
172309105,33,tess2020351194500-s0033-0000000172309105-0203-s_lc.fits
178581976,33,tess2020351194500-s0033-0000000178581976-0203-s_lc.fits
59750054,33,tess2020351194500-s0033-0000000059750054-0203-s_lc.fits
380028124,33,tess2020351194500-s0033-0000000380028124-0203-s_lc.fits
66560925,33,tess2020351194500-s0033-0000000066560925-0203-s_lc.fits
350655933,33,tess2020351194500-s0033-0000000350655933-0203-s_lc.fits
24530425,33,tess2020351194500-s0033-0000000024530425-0203-s_lc.fits
235489132,33,tess2020351194500-s0033-0000000235489132-0203-s_lc.fits
265811235,33,tess2020351194500-s0033-0000000265811235-0203-s_lc.fits
21575759,33,tess2020351194500-s0033-0000000021575759-0203-s_lc.fits
98164662,33,tess2020351194500-s0033-0000000098164662-0203-s_lc.fits
201496569,33,tess2020351194500-s0033-0000000201496569-0203-s_lc.fits
404797355,33,tess2020351194500-s0033-0000000404797355-0203-s_lc.fits
72305760,33,tess2020351194500-s0033-0000000072305760-0203-s_lc.fits
55760515,33,tess2020351194500-s0033-0000000055760515-0203-s_lc.fits
376984459,33,tess2020351194500-s0033-0000000376984459-0203-s_lc.fits
220459327,33,tess2020351194500-s0033-0000000220459327-0203-s_lc.fits
151413866,33,tess2020351194500-s0033-0000000151413866-0203-s_lc.fits
272195570,33,tess2020351194500-s0033-0000000272195570-0203-s_lc.fits
151469535,33,tess2020351194500-s0033-0000000151469535-0203-s_lc.fits
91690158,33,tess2020351194500-s0033-0000000091690158-0203-s_lc.fits
150391386,33,tess2020351194500-s0033-0000000150391386-0203-s_lc.fits
425086260,33,tess2020351194500-s0033-0000000425086260-0203-s_lc.fits
282349491,33,tess2020351194500-s0033-0000000282349491-0203-s_lc.fits
176872955,33,tess2020351194500-s0033-0000000176872955-0203-s_lc.fits
32930036,33,tess2020351194500-s0033-0000000032930036-0203-s_lc.fits
148403652,33,tess2020351194500-s0033-0000000148403652-0203-s_lc.fits
33766212,33,tess2020351194500-s0033-0000000033766212-0203-s_lc.fits
42884350,33,tess2020351194500-s0033-0000000042884350-0203-s_lc.fits
156714405,33,tess2020351194500-s0033-0000000156714405-0203-s_lc.fits
170160104,33,tess2020351194500-s0033-0000000170160104-0203-s_lc.fits
206792542,33,tess2020351194500-s0033-0000000206792542-0203-s_lc.fits
237532984,33,tess2020351194500-s0033-0000000237532984-0203-s_lc.fits
340006616,33,tess2020351194500-s0033-0000000340006616-0203-s_lc.fits
287590890,33,tess2020351194500-s0033-0000000287590890-0203-s_lc.fits
40405143,33,tess2020351194500-s0033-0000000040405143-0203-s_lc.fits
96246348,33,tess2020351194500-s0033-0000000096246348-0203-s_lc.fits
443261953,33,tess2020351194500-s0033-0000000443261953-0203-s_lc.fits
176719663,33,tess2020351194500-s0033-0000000176719663-0203-s_lc.fits
93208730,33,tess2020351194500-s0033-0000000093208730-0203-s_lc.fits
408854179,33,tess2020351194500-s0033-0000000408854179-0203-s_lc.fits
125504310,33,tess2020351194500-s0033-0000000125504310-0203-s_lc.fits
306635088,33,tess2020351194500-s0033-0000000306635088-0203-s_lc.fits
95057096,33,tess2020351194500-s0033-0000000095057096-0203-s_lc.fits
237983714,33,tess2020351194500-s0033-0000000237983714-0203-s_lc.fits
157399896,33,tess2020351194500-s0033-0000000157399896-0203-s_lc.fits
294326673,33,tess2020351194500-s0033-0000000294326673-0203-s_lc.fits
172705524,33,tess2020351194500-s0033-0000000172705524-0203-s_lc.fits
287328119,33,tess2020351194500-s0033-0000000287328119-0203-s_lc.fits
172625249,33,tess2020351194500-s0033-0000000172625249-0203-s_lc.fits
11806462,33,tess2020351194500-s0033-0000000011806462-0203-s_lc.fits
93103138,33,tess2020351194500-s0033-0000000093103138-0203-s_lc.fits
284653961,33,tess2020351194500-s0033-0000000284653961-0203-s_lc.fits
389865008,33,tess2020351194500-s0033-0000000389865008-0203-s_lc.fits
309791156,33,tess2020351194500-s0033-0000000309791156-0203-s_lc.fits
202182351,33,tess2020351194500-s0033-0000000202182351-0203-s_lc.fits
293391068,33,tess2020351194500-s0033-0000000293391068-0203-s_lc.fits
37118148,33,tess2020351194500-s0033-0000000037118148-0203-s_lc.fits
294982254,33,tess2020351194500-s0033-0000000294982254-0203-s_lc.fits
290716976,33,tess2020351194500-s0033-0000000290716976-0203-s_lc.fits
38607156,33,tess2020351194500-s0033-0000000038607156-0203-s_lc.fits
96439635,33,tess2020351194500-s0033-0000000096439635-0203-s_lc.fits
290051228,33,tess2020351194500-s0033-0000000290051228-0203-s_lc.fits
237951156,33,tess2020351194500-s0033-0000000237951156-0203-s_lc.fits
238069953,33,tess2020351194500-s0033-0000000238069953-0203-s_lc.fits
176474745,33,tess2020351194500-s0033-0000000176474745-0203-s_lc.fits
206672805,33,tess2020351194500-s0033-0000000206672805-0203-s_lc.fits
78675518,33,tess2020351194500-s0033-0000000078675518-0203-s_lc.fits
150431571,33,tess2020351194500-s0033-0000000150431571-0203-s_lc.fits
26588438,33,tess2020351194500-s0033-0000000026588438-0203-s_lc.fits
31961007,33,tess2020351194500-s0033-0000000031961007-0203-s_lc.fits
32497834,33,tess2020351194500-s0033-0000000032497834-0203-s_lc.fits
156882779,33,tess2020351194500-s0033-0000000156882779-0203-s_lc.fits
178049986,33,tess2020351194500-s0033-0000000178049986-0203-s_lc.fits
344024080,33,tess2020351194500-s0033-0000000344024080-0203-s_lc.fits
201375066,33,tess2020351194500-s0033-0000000201375066-0203-s_lc.fits
32072326,33,tess2020351194500-s0033-0000000032072326-0203-s_lc.fits
26337927,33,tess2020351194500-s0033-0000000026337927-0203-s_lc.fits
33517080,33,tess2020351194500-s0033-0000000033517080-0203-s_lc.fits
192825743,33,tess2020351194500-s0033-0000000192825743-0203-s_lc.fits
143287222,33,tess2020351194500-s0033-0000000143287222-0203-s_lc.fits
381976590,33,tess2020351194500-s0033-0000000381976590-0203-s_lc.fits
150108811,33,tess2020351194500-s0033-0000000150108811-0203-s_lc.fits
23079331,33,tess2020351194500-s0033-0000000023079331-0203-s_lc.fits
201431538,33,tess2020351194500-s0033-0000000201431538-0203-s_lc.fits
123796965,33,tess2020351194500-s0033-0000000123796965-0203-s_lc.fits
123853481,33,tess2020351194500-s0033-0000000123853481-0203-s_lc.fits
314826870,33,tess2020351194500-s0033-0000000314826870-0203-s_lc.fits
37387690,33,tess2020351194500-s0033-0000000037387690-0203-s_lc.fits
271971130,33,tess2020351194500-s0033-0000000271971130-0203-s_lc.fits
350861103,33,tess2020351194500-s0033-0000000350861103-0203-s_lc.fits
235261657,33,tess2020351194500-s0033-0000000235261657-0203-s_lc.fits
37540188,33,tess2020351194500-s0033-0000000037540188-0203-s_lc.fits
52748770,33,tess2020351194500-s0033-0000000052748770-0203-s_lc.fits
349831092,33,tess2020351194500-s0033-0000000349831092-0203-s_lc.fits
220622756,33,tess2020351194500-s0033-0000000220622756-0203-s_lc.fits
25079689,33,tess2020351194500-s0033-0000000025079689-0203-s_lc.fits
32051052,33,tess2020351194500-s0033-0000000032051052-0203-s_lc.fits
262753627,33,tess2020351194500-s0033-0000000262753627-0203-s_lc.fits
299654048,33,tess2020351194500-s0033-0000000299654048-0203-s_lc.fits
80390932,33,tess2020351194500-s0033-0000000080390932-0203-s_lc.fits
376939067,33,tess2020351194500-s0033-0000000376939067-0203-s_lc.fits
177115001,33,tess2020351194500-s0033-0000000177115001-0203-s_lc.fits
101202796,33,tess2020351194500-s0033-0000000101202796-0203-s_lc.fits
306469897,33,tess2020351194500-s0033-0000000306469897-0203-s_lc.fits
150301109,33,tess2020351194500-s0033-0000000150301109-0203-s_lc.fits
47981756,33,tess2020351194500-s0033-0000000047981756-0203-s_lc.fits
21650395,33,tess2020351194500-s0033-0000000021650395-0203-s_lc.fits
167715897,33,tess2020351194500-s0033-0000000167715897-0203-s_lc.fits
380037612,33,tess2020351194500-s0033-0000000380037612-0203-s_lc.fits
22644272,33,tess2020351194500-s0033-0000000022644272-0203-s_lc.fits
283918655,33,tess2020351194500-s0033-0000000283918655-0203-s_lc.fits
382069435,33,tess2020351194500-s0033-0000000382069435-0203-s_lc.fits
375034833,33,tess2020351194500-s0033-0000000375034833-0203-s_lc.fits
279092927,33,tess2020351194500-s0033-0000000279092927-0203-s_lc.fits
47503402,33,tess2020351194500-s0033-0000000047503402-0203-s_lc.fits
124947244,33,tess2020351194500-s0033-0000000124947244-0203-s_lc.fits
64539333,33,tess2020351194500-s0033-0000000064539333-0203-s_lc.fits
706509879,33,tess2020351194500-s0033-0000000706509879-0203-s_lc.fits
35234855,33,tess2020351194500-s0033-0000000035234855-0203-s_lc.fits
38461453,33,tess2020351194500-s0033-0000000038461453-0203-s_lc.fits
391891312,33,tess2020351194500-s0033-0000000391891312-0203-s_lc.fits
51146899,33,tess2020351194500-s0033-0000000051146899-0203-s_lc.fits
64455543,33,tess2020351194500-s0033-0000000064455543-0203-s_lc.fits
160350785,33,tess2020351194500-s0033-0000000160350785-0203-s_lc.fits
381979901,33,tess2020351194500-s0033-0000000381979901-0203-s_lc.fits
264163872,33,tess2020351194500-s0033-0000000264163872-0203-s_lc.fits
134316284,33,tess2020351194500-s0033-0000000134316284-0203-s_lc.fits
48806238,33,tess2020351194500-s0033-0000000048806238-0203-s_lc.fits
142085842,33,tess2020351194500-s0033-0000000142085842-0203-s_lc.fits
231315447,33,tess2020351194500-s0033-0000000231315447-0203-s_lc.fits
98389162,33,tess2020351194500-s0033-0000000098389162-0203-s_lc.fits
343963345,33,tess2020351194500-s0033-0000000343963345-0203-s_lc.fits
350656478,33,tess2020351194500-s0033-0000000350656478-0203-s_lc.fits
287589907,33,tess2020351194500-s0033-0000000287589907-0203-s_lc.fits
4778124,33,tess2020351194500-s0033-0000000004778124-0203-s_lc.fits
707270059,33,tess2020351194500-s0033-0000000707270059-0203-s_lc.fits
32071753,33,tess2020351194500-s0033-0000000032071753-0203-s_lc.fits
220416006,33,tess2020351194500-s0033-0000000220416006-0203-s_lc.fits
350858219,33,tess2020351194500-s0033-0000000350858219-0203-s_lc.fits
14713971,33,tess2020351194500-s0033-0000000014713971-0203-s_lc.fits
55522986,33,tess2020351194500-s0033-0000000055522986-0203-s_lc.fits
150189153,33,tess2020351194500-s0033-0000000150189153-0203-s_lc.fits
262025805,33,tess2020351194500-s0033-0000000262025805-0203-s_lc.fits
166984647,33,tess2020351194500-s0033-0000000166984647-0203-s_lc.fits
42338435,33,tess2020351194500-s0033-0000000042338435-0203-s_lc.fits
440798669,33,tess2020351194500-s0033-0000000440798669-0203-s_lc.fits
453075250,33,tess2020351194500-s0033-0000000453075250-0203-s_lc.fits
43242214,33,tess2020351194500-s0033-0000000043242214-0203-s_lc.fits
237982034,33,tess2020351194500-s0033-0000000237982034-0203-s_lc.fits
445988959,33,tess2020351194500-s0033-0000000445988959-0203-s_lc.fits
149269556,33,tess2020351194500-s0033-0000000149269556-0203-s_lc.fits
12231522,33,tess2020351194500-s0033-0000000012231522-0203-s_lc.fits
339961200,33,tess2020351194500-s0033-0000000339961200-0203-s_lc.fits
438106861,33,tess2020351194500-s0033-0000000438106861-0203-s_lc.fits
167009292,33,tess2020351194500-s0033-0000000167009292-0203-s_lc.fits
219413346,33,tess2020351194500-s0033-0000000219413346-0203-s_lc.fits
178483904,33,tess2020351194500-s0033-0000000178483904-0203-s_lc.fits
349928065,33,tess2020351194500-s0033-0000000349928065-0203-s_lc.fits
5048912,33,tess2020351194500-s0033-0000000005048912-0203-s_lc.fits
177211625,33,tess2020351194500-s0033-0000000177211625-0203-s_lc.fits
166928754,33,tess2020351194500-s0033-0000000166928754-0203-s_lc.fits
200386263,33,tess2020351194500-s0033-0000000200386263-0203-s_lc.fits
158936865,33,tess2020351194500-s0033-0000000158936865-0203-s_lc.fits
280533871,33,tess2020351194500-s0033-0000000280533871-0203-s_lc.fits
32828818,33,tess2020351194500-s0033-0000000032828818-0203-s_lc.fits
38811498,33,tess2020351194500-s0033-0000000038811498-0203-s_lc.fits
157745586,33,tess2020351194500-s0033-0000000157745586-0203-s_lc.fits
10172373,33,tess2020351194500-s0033-0000000010172373-0203-s_lc.fits
139589347,33,tess2020351194500-s0033-0000000139589347-0203-s_lc.fits
157532767,33,tess2020351194500-s0033-0000000157532767-0203-s_lc.fits
409010871,33,tess2020351194500-s0033-0000000409010871-0203-s_lc.fits
23619729,33,tess2020351194500-s0033-0000000023619729-0203-s_lc.fits
344134881,33,tess2020351194500-s0033-0000000344134881-0203-s_lc.fits
14493059,33,tess2020351194500-s0033-0000000014493059-0203-s_lc.fits
747800410,33,tess2020351194500-s0033-0000000747800410-0203-s_lc.fits
234813367,33,tess2020351194500-s0033-0000000234813367-0203-s_lc.fits
37442078,33,tess2020351194500-s0033-0000000037442078-0203-s_lc.fits
220618521,33,tess2020351194500-s0033-0000000220618521-0203-s_lc.fits
150389428,33,tess2020351194500-s0033-0000000150389428-0203-s_lc.fits
32542624,33,tess2020351194500-s0033-0000000032542624-0203-s_lc.fits
238129783,33,tess2020351194500-s0033-0000000238129783-0203-s_lc.fits
237668110,33,tess2020351194500-s0033-0000000237668110-0203-s_lc.fits
96437889,33,tess2020351194500-s0033-0000000096437889-0203-s_lc.fits
147976911,33,tess2020351194500-s0033-0000000147976911-0203-s_lc.fits
251258607,33,tess2020351194500-s0033-0000000251258607-0203-s_lc.fits
734611432,33,tess2020351194500-s0033-0000000734611432-0203-s_lc.fits
279517191,33,tess2020351194500-s0033-0000000279517191-0203-s_lc.fits
148097294,33,tess2020351194500-s0033-0000000148097294-0203-s_lc.fits
98288336,33,tess2020351194500-s0033-0000000098288336-0203-s_lc.fits
49773441,33,tess2020351194500-s0033-0000000049773441-0203-s_lc.fits
176722720,33,tess2020351194500-s0033-0000000176722720-0203-s_lc.fits
231804504,33,tess2020351194500-s0033-0000000231804504-0203-s_lc.fits
339962895,33,tess2020351194500-s0033-0000000339962895-0203-s_lc.fits
393124944,33,tess2020351194500-s0033-0000000393124944-0203-s_lc.fits
306895522,33,tess2020351194500-s0033-0000000306895522-0203-s_lc.fits
144500689,33,tess2020351194500-s0033-0000000144500689-0203-s_lc.fits
124231284,33,tess2020351194500-s0033-0000000124231284-0203-s_lc.fits
220455122,33,tess2020351194500-s0033-0000000220455122-0203-s_lc.fits
238230052,33,tess2020351194500-s0033-0000000238230052-0203-s_lc.fits
52754429,33,tess2020351194500-s0033-0000000052754429-0203-s_lc.fits
150271420,33,tess2020351194500-s0033-0000000150271420-0203-s_lc.fits
52916340,33,tess2020351194500-s0033-0000000052916340-0203-s_lc.fits
349376367,33,tess2020351194500-s0033-0000000349376367-0203-s_lc.fits
453854308,33,tess2020351194500-s0033-0000000453854308-0203-s_lc.fits
179586885,33,tess2020351194500-s0033-0000000179586885-0203-s_lc.fits
282200566,33,tess2020351194500-s0033-0000000282200566-0203-s_lc.fits
156908949,33,tess2020351194500-s0033-0000000156908949-0203-s_lc.fits
102286856,33,tess2020351194500-s0033-0000000102286856-0203-s_lc.fits
234936831,33,tess2020351194500-s0033-0000000234936831-0203-s_lc.fits
262540428,33,tess2020351194500-s0033-0000000262540428-0203-s_lc.fits
30467068,33,tess2020351194500-s0033-0000000030467068-0203-s_lc.fits
201433128,33,tess2020351194500-s0033-0000000201433128-0203-s_lc.fits
150101472,33,tess2020351194500-s0033-0000000150101472-0203-s_lc.fits
67166479,33,tess2020351194500-s0033-0000000067166479-0203-s_lc.fits
294782565,33,tess2020351194500-s0033-0000000294782565-0203-s_lc.fits
231718499,33,tess2020351194500-s0033-0000000231718499-0203-s_lc.fits
95403582,33,tess2020351194500-s0033-0000000095403582-0203-s_lc.fits
66980002,33,tess2020351194500-s0033-0000000066980002-0203-s_lc.fits
349309453,33,tess2020351194500-s0033-0000000349309453-0203-s_lc.fits
33002154,33,tess2020351194500-s0033-0000000033002154-0203-s_lc.fits
294322210,33,tess2020351194500-s0033-0000000294322210-0203-s_lc.fits
151059612,33,tess2020351194500-s0033-0000000151059612-0203-s_lc.fits
219160030,33,tess2020351194500-s0033-0000000219160030-0203-s_lc.fits
235071810,33,tess2020351194500-s0033-0000000235071810-0203-s_lc.fits
453856449,33,tess2020351194500-s0033-0000000453856449-0203-s_lc.fits
425145176,33,tess2020351194500-s0033-0000000425145176-0203-s_lc.fits
130577893,33,tess2020351194500-s0033-0000000130577893-0203-s_lc.fits
123852721,33,tess2020351194500-s0033-0000000123852721-0203-s_lc.fits
300448677,33,tess2020351194500-s0033-0000000300448677-0203-s_lc.fits
165190509,33,tess2020351194500-s0033-0000000165190509-0203-s_lc.fits
59896227,33,tess2020351194500-s0033-0000000059896227-0203-s_lc.fits
38632201,33,tess2020351194500-s0033-0000000038632201-0203-s_lc.fits
156758015,33,tess2020351194500-s0033-0000000156758015-0203-s_lc.fits
14368430,33,tess2020351194500-s0033-0000000014368430-0203-s_lc.fits
40339576,33,tess2020351194500-s0033-0000000040339576-0203-s_lc.fits
220389494,33,tess2020351194500-s0033-0000000220389494-0203-s_lc.fits
148111965,33,tess2020351194500-s0033-0000000148111965-0203-s_lc.fits
39543824,33,tess2020351194500-s0033-0000000039543824-0203-s_lc.fits
37356027,33,tess2020351194500-s0033-0000000037356027-0203-s_lc.fits
231921033,33,tess2020351194500-s0033-0000000231921033-0203-s_lc.fits
294223300,33,tess2020351194500-s0033-0000000294223300-0203-s_lc.fits
452358088,33,tess2020351194500-s0033-0000000452358088-0203-s_lc.fits
157533453,33,tess2020351194500-s0033-0000000157533453-0203-s_lc.fits
149216532,33,tess2020351194500-s0033-0000000149216532-0203-s_lc.fits
260474194,33,tess2020351194500-s0033-0000000260474194-0203-s_lc.fits
150430115,33,tess2020351194500-s0033-0000000150430115-0203-s_lc.fits
124408413,33,tess2020351194500-s0033-0000000124408413-0203-s_lc.fits
177352028,33,tess2020351194500-s0033-0000000177352028-0203-s_lc.fits
38943958,33,tess2020351194500-s0033-0000000038943958-0203-s_lc.fits
381949031,33,tess2020351194500-s0033-0000000381949031-0203-s_lc.fits
389368692,33,tess2020351194500-s0033-0000000389368692-0203-s_lc.fits
23459302,33,tess2020351194500-s0033-0000000023459302-0203-s_lc.fits
237842492,33,tess2020351194500-s0033-0000000237842492-0203-s_lc.fits
32946101,33,tess2020351194500-s0033-0000000032946101-0203-s_lc.fits
100679879,33,tess2020351194500-s0033-0000000100679879-0203-s_lc.fits
20095632,33,tess2020351194500-s0033-0000000020095632-0203-s_lc.fits
375055723,33,tess2020351194500-s0033-0000000375055723-0203-s_lc.fits
100775941,33,tess2020351194500-s0033-0000000100775941-0203-s_lc.fits
235044662,33,tess2020351194500-s0033-0000000235044662-0203-s_lc.fits
202232250,33,tess2020351194500-s0033-0000000202232250-0203-s_lc.fits
141865201,33,tess2020351194500-s0033-0000000141865201-0203-s_lc.fits
200375014,33,tess2020351194500-s0033-0000000200375014-0203-s_lc.fits
201467153,33,tess2020351194500-s0033-0000000201467153-0203-s_lc.fits
260042834,33,tess2020351194500-s0033-0000000260042834-0203-s_lc.fits
97856439,33,tess2020351194500-s0033-0000000097856439-0203-s_lc.fits
36094199,33,tess2020351194500-s0033-0000000036094199-0203-s_lc.fits
37599311,33,tess2020351194500-s0033-0000000037599311-0203-s_lc.fits
96519785,33,tess2020351194500-s0033-0000000096519785-0203-s_lc.fits
120837437,33,tess2020351194500-s0033-0000000120837437-0203-s_lc.fits
737165368,33,tess2020351194500-s0033-0000000737165368-0203-s_lc.fits
242127457,33,tess2020351194500-s0033-0000000242127457-0203-s_lc.fits
281347000,33,tess2020351194500-s0033-0000000281347000-0203-s_lc.fits
385990166,33,tess2020351194500-s0033-0000000385990166-0203-s_lc.fits
125409404,33,tess2020351194500-s0033-0000000125409404-0203-s_lc.fits
350741703,33,tess2020351194500-s0033-0000000350741703-0203-s_lc.fits
319432604,33,tess2020351194500-s0033-0000000319432604-0203-s_lc.fits
125497512,33,tess2020351194500-s0033-0000000125497512-0203-s_lc.fits
34726609,33,tess2020351194500-s0033-0000000034726609-0203-s_lc.fits
120885528,33,tess2020351194500-s0033-0000000120885528-0203-s_lc.fits
176872638,33,tess2020351194500-s0033-0000000176872638-0203-s_lc.fits
382246883,33,tess2020351194500-s0033-0000000382246883-0203-s_lc.fits
350584959,33,tess2020351194500-s0033-0000000350584959-0203-s_lc.fits
53411117,33,tess2020351194500-s0033-0000000053411117-0203-s_lc.fits
26402068,33,tess2020351194500-s0033-0000000026402068-0203-s_lc.fits
232515106,33,tess2020351194500-s0033-0000000232515106-0203-s_lc.fits
4926928,33,tess2020351194500-s0033-0000000004926928-0203-s_lc.fits
179583882,33,tess2020351194500-s0033-0000000179583882-0203-s_lc.fits
270625535,33,tess2020351194500-s0033-0000000270625535-0203-s_lc.fits
231809539,33,tess2020351194500-s0033-0000000231809539-0203-s_lc.fits
25133286,33,tess2020351194500-s0033-0000000025133286-0203-s_lc.fits
149274367,33,tess2020351194500-s0033-0000000149274367-0203-s_lc.fits
235167946,33,tess2020351194500-s0033-0000000235167946-0203-s_lc.fits
130619071,33,tess2020351194500-s0033-0000000130619071-0203-s_lc.fits
290714713,33,tess2020351194500-s0033-0000000290714713-0203-s_lc.fits
271722899,33,tess2020351194500-s0033-0000000271722899-0203-s_lc.fits
349676121,33,tess2020351194500-s0033-0000000349676121-0203-s_lc.fits
93330022,33,tess2020351194500-s0033-0000000093330022-0203-s_lc.fits
306330414,33,tess2020351194500-s0033-0000000306330414-0203-s_lc.fits
31020027,33,tess2020351194500-s0033-0000000031020027-0203-s_lc.fits
391925156,33,tess2020351194500-s0033-0000000391925156-0203-s_lc.fits
220412239,33,tess2020351194500-s0033-0000000220412239-0203-s_lc.fits
165209492,33,tess2020351194500-s0033-0000000165209492-0203-s_lc.fits
102167832,33,tess2020351194500-s0033-0000000102167832-0203-s_lc.fits
760960818,33,tess2020351194500-s0033-0000000760960818-0203-s_lc.fits
41463056,33,tess2020351194500-s0033-0000000041463056-0203-s_lc.fits
290754113,33,tess2020351194500-s0033-0000000290754113-0203-s_lc.fits
349682410,33,tess2020351194500-s0033-0000000349682410-0203-s_lc.fits
279996949,33,tess2020351194500-s0033-0000000279996949-0203-s_lc.fits
34737629,33,tess2020351194500-s0033-0000000034737629-0203-s_lc.fits
234881632,33,tess2020351194500-s0033-0000000234881632-0203-s_lc.fits
391746141,33,tess2020351194500-s0033-0000000391746141-0203-s_lc.fits
167307093,33,tess2020351194500-s0033-0000000167307093-0203-s_lc.fits
80597833,33,tess2020351194500-s0033-0000000080597833-0203-s_lc.fits
38709334,33,tess2020351194500-s0033-0000000038709334-0203-s_lc.fits
140971842,33,tess2020351194500-s0033-0000000140971842-0203-s_lc.fits
149105516,33,tess2020351194500-s0033-0000000149105516-0203-s_lc.fits
207246450,33,tess2020351194500-s0033-0000000207246450-0203-s_lc.fits
157079981,33,tess2020351194500-s0033-0000000157079981-0203-s_lc.fits
124746757,33,tess2020351194500-s0033-0000000124746757-0203-s_lc.fits
231821698,33,tess2020351194500-s0033-0000000231821698-0203-s_lc.fits
67037336,33,tess2020351194500-s0033-0000000067037336-0203-s_lc.fits
124549601,33,tess2020351194500-s0033-0000000124549601-0203-s_lc.fits
247867941,33,tess2020351194500-s0033-0000000247867941-0203-s_lc.fits
64850298,33,tess2020351194500-s0033-0000000064850298-0203-s_lc.fits
150167002,33,tess2020351194500-s0033-0000000150167002-0203-s_lc.fits
40518041,33,tess2020351194500-s0033-0000000040518041-0203-s_lc.fits
7420396,33,tess2020351194500-s0033-0000000007420396-0203-s_lc.fits
231314368,33,tess2020351194500-s0033-0000000231314368-0203-s_lc.fits
234184858,33,tess2020351194500-s0033-0000000234184858-0203-s_lc.fits
380032452,33,tess2020351194500-s0033-0000000380032452-0203-s_lc.fits
32546414,33,tess2020351194500-s0033-0000000032546414-0203-s_lc.fits
364588501,33,tess2020351194500-s0033-0000000364588501-0203-s_lc.fits
158103915,33,tess2020351194500-s0033-0000000158103915-0203-s_lc.fits
96801217,33,tess2020351194500-s0033-0000000096801217-0203-s_lc.fits
172308574,33,tess2020351194500-s0033-0000000172308574-0203-s_lc.fits
80920929,33,tess2020351194500-s0033-0000000080920929-0203-s_lc.fits
738157531,33,tess2020351194500-s0033-0000000738157531-0203-s_lc.fits
142082942,33,tess2020351194500-s0033-0000000142082942-0203-s_lc.fits
38697412,33,tess2020351194500-s0033-0000000038697412-0203-s_lc.fits
25080867,33,tess2020351194500-s0033-0000000025080867-0203-s_lc.fits
91924437,33,tess2020351194500-s0033-0000000091924437-0203-s_lc.fits
309618238,33,tess2020351194500-s0033-0000000309618238-0203-s_lc.fits
220407801,33,tess2020351194500-s0033-0000000220407801-0203-s_lc.fits
143125274,33,tess2020351194500-s0033-0000000143125274-0203-s_lc.fits
262025992,33,tess2020351194500-s0033-0000000262025992-0203-s_lc.fits
278380818,33,tess2020351194500-s0033-0000000278380818-0203-s_lc.fits
307092024,33,tess2020351194500-s0033-0000000307092024-0203-s_lc.fits
144501127,33,tess2020351194500-s0033-0000000144501127-0203-s_lc.fits
24585771,33,tess2020351194500-s0033-0000000024585771-0203-s_lc.fits
350274440,33,tess2020351194500-s0033-0000000350274440-0203-s_lc.fits
350820039,33,tess2020351194500-s0033-0000000350820039-0203-s_lc.fits
38634770,33,tess2020351194500-s0033-0000000038634770-0203-s_lc.fits
386523861,33,tess2020351194500-s0033-0000000386523861-0203-s_lc.fits
151586328,33,tess2020351194500-s0033-0000000151586328-0203-s_lc.fits
95520449,33,tess2020351194500-s0033-0000000095520449-0203-s_lc.fits
177715827,33,tess2020351194500-s0033-0000000177715827-0203-s_lc.fits
306830179,33,tess2020351194500-s0033-0000000306830179-0203-s_lc.fits
206854950,33,tess2020351194500-s0033-0000000206854950-0203-s_lc.fits
160266380,33,tess2020351194500-s0033-0000000160266380-0203-s_lc.fits
317094165,33,tess2020351194500-s0033-0000000317094165-0203-s_lc.fits
36547632,33,tess2020351194500-s0033-0000000036547632-0203-s_lc.fits
148231934,33,tess2020351194500-s0033-0000000148231934-0203-s_lc.fits
124120479,33,tess2020351194500-s0033-0000000124120479-0203-s_lc.fits
264415461,33,tess2020351194500-s0033-0000000264415461-0203-s_lc.fits
167342318,33,tess2020351194500-s0033-0000000167342318-0203-s_lc.fits
358459070,33,tess2020351194500-s0033-0000000358459070-0203-s_lc.fits
255642383,33,tess2020351194500-s0033-0000000255642383-0203-s_lc.fits
80816756,33,tess2020351194500-s0033-0000000080816756-0203-s_lc.fits
38942483,33,tess2020351194500-s0033-0000000038942483-0203-s_lc.fits
350343537,33,tess2020351194500-s0033-0000000350343537-0203-s_lc.fits
425149535,33,tess2020351194500-s0033-0000000425149535-0203-s_lc.fits
140761142,33,tess2020351194500-s0033-0000000140761142-0203-s_lc.fits
734989459,33,tess2020351194500-s0033-0000000734989459-0203-s_lc.fits
300703521,33,tess2020351194500-s0033-0000000300703521-0203-s_lc.fits
293691841,33,tess2020351194500-s0033-0000000293691841-0203-s_lc.fits
178370959,33,tess2020351194500-s0033-0000000178370959-0203-s_lc.fits
238092738,33,tess2020351194500-s0033-0000000238092738-0203-s_lc.fits
317547009,33,tess2020351194500-s0033-0000000317547009-0203-s_lc.fits
168330192,33,tess2020351194500-s0033-0000000168330192-0203-s_lc.fits
761075097,33,tess2020351194500-s0033-0000000761075097-0203-s_lc.fits
48947133,33,tess2020351194500-s0033-0000000048947133-0203-s_lc.fits
157315843,33,tess2020351194500-s0033-0000000157315843-0203-s_lc.fits
22729165,33,tess2020351194500-s0033-0000000022729165-0203-s_lc.fits
247911376,33,tess2020351194500-s0033-0000000247911376-0203-s_lc.fits
155460332,33,tess2020351194500-s0033-0000000155460332-0203-s_lc.fits
31476020,33,tess2020351194500-s0033-0000000031476020-0203-s_lc.fits
123977701,33,tess2020351194500-s0033-0000000123977701-0203-s_lc.fits
30275777,33,tess2020351194500-s0033-0000000030275777-0203-s_lc.fits
21650862,33,tess2020351194500-s0033-0000000021650862-0203-s_lc.fits
250549236,33,tess2020351194500-s0033-0000000250549236-0203-s_lc.fits
388202174,33,tess2020351194500-s0033-0000000388202174-0203-s_lc.fits
22529512,33,tess2020351194500-s0033-0000000022529512-0203-s_lc.fits
290978631,33,tess2020351194500-s0033-0000000290978631-0203-s_lc.fits
124809227,33,tess2020351194500-s0033-0000000124809227-0203-s_lc.fits
714020616,33,tess2020351194500-s0033-0000000714020616-0203-s_lc.fits
255759138,33,tess2020351194500-s0033-0000000255759138-0203-s_lc.fits
283089814,33,tess2020351194500-s0033-0000000283089814-0203-s_lc.fits
157036559,33,tess2020351194500-s0033-0000000157036559-0203-s_lc.fits
97643014,33,tess2020351194500-s0033-0000000097643014-0203-s_lc.fits
255757171,33,tess2020351194500-s0033-0000000255757171-0203-s_lc.fits
37349310,33,tess2020351194500-s0033-0000000037349310-0203-s_lc.fits
124920825,33,tess2020351194500-s0033-0000000124920825-0203-s_lc.fits
457093061,33,tess2020351194500-s0033-0000000457093061-0203-s_lc.fits
21619150,33,tess2020351194500-s0033-0000000021619150-0203-s_lc.fits
382186629,33,tess2020351194500-s0033-0000000382186629-0203-s_lc.fits
393416734,33,tess2020351194500-s0033-0000000393416734-0203-s_lc.fits
282801083,33,tess2020351194500-s0033-0000000282801083-0203-s_lc.fits
349829477,33,tess2020351194500-s0033-0000000349829477-0203-s_lc.fits
350716053,33,tess2020351194500-s0033-0000000350716053-0203-s_lc.fits
318016229,33,tess2020351194500-s0033-0000000318016229-0203-s_lc.fits
99078916,33,tess2020351194500-s0033-0000000099078916-0203-s_lc.fits
55758135,33,tess2020351194500-s0033-0000000055758135-0203-s_lc.fits
167207566,33,tess2020351194500-s0033-0000000167207566-0203-s_lc.fits
309658811,33,tess2020351194500-s0033-0000000309658811-0203-s_lc.fits
300037992,33,tess2020351194500-s0033-0000000300037992-0203-s_lc.fits
438196480,33,tess2020351194500-s0033-0000000438196480-0203-s_lc.fits
231721550,33,tess2020351194500-s0033-0000000231721550-0203-s_lc.fits
22864508,33,tess2020351194500-s0033-0000000022864508-0203-s_lc.fits
339634305,33,tess2020351194500-s0033-0000000339634305-0203-s_lc.fits
43246761,33,tess2020351194500-s0033-0000000043246761-0203-s_lc.fits
207041915,33,tess2020351194500-s0033-0000000207041915-0203-s_lc.fits
12165310,33,tess2020351194500-s0033-0000000012165310-0203-s_lc.fits
71515023,33,tess2020351194500-s0033-0000000071515023-0203-s_lc.fits
192851437,33,tess2020351194500-s0033-0000000192851437-0203-s_lc.fits
260045258,33,tess2020351194500-s0033-0000000260045258-0203-s_lc.fits
317091162,33,tess2020351194500-s0033-0000000317091162-0203-s_lc.fits
149275295,33,tess2020351194500-s0033-0000000149275295-0203-s_lc.fits
237818673,33,tess2020351194500-s0033-0000000237818673-0203-s_lc.fits
51996218,33,tess2020351194500-s0033-0000000051996218-0203-s_lc.fits
119292328,33,tess2020351194500-s0033-0000000119292328-0203-s_lc.fits
123930196,33,tess2020351194500-s0033-0000000123930196-0203-s_lc.fits
393418121,33,tess2020351194500-s0033-0000000393418121-0203-s_lc.fits
355280935,33,tess2020351194500-s0033-0000000355280935-0203-s_lc.fits
66742423,33,tess2020351194500-s0033-0000000066742423-0203-s_lc.fits
7444999,33,tess2020351194500-s0033-0000000007444999-0203-s_lc.fits
141627237,33,tess2020351194500-s0033-0000000141627237-0203-s_lc.fits
389746522,33,tess2020351194500-s0033-0000000389746522-0203-s_lc.fits
318278962,33,tess2020351194500-s0033-0000000318278962-0203-s_lc.fits
369710912,33,tess2020351194500-s0033-0000000369710912-0203-s_lc.fits
349306470,33,tess2020351194500-s0033-0000000349306470-0203-s_lc.fits
156843834,33,tess2020351194500-s0033-0000000156843834-0203-s_lc.fits
319469248,33,tess2020351194500-s0033-0000000319469248-0203-s_lc.fits
268456656,33,tess2020351194500-s0033-0000000268456656-0203-s_lc.fits
375146370,33,tess2020351194500-s0033-0000000375146370-0203-s_lc.fits
64596743,33,tess2020351194500-s0033-0000000064596743-0203-s_lc.fits
453120334,33,tess2020351194500-s0033-0000000453120334-0203-s_lc.fits
382268131,33,tess2020351194500-s0033-0000000382268131-0203-s_lc.fits
97578391,33,tess2020351194500-s0033-0000000097578391-0203-s_lc.fits
299901158,33,tess2020351194500-s0033-0000000299901158-0203-s_lc.fits
206883949,33,tess2020351194500-s0033-0000000206883949-0203-s_lc.fits
151110266,33,tess2020351194500-s0033-0000000151110266-0203-s_lc.fits
262609817,33,tess2020351194500-s0033-0000000262609817-0203-s_lc.fits
134287114,33,tess2020351194500-s0033-0000000134287114-0203-s_lc.fits
443551481,33,tess2020351194500-s0033-0000000443551481-0203-s_lc.fits
237540727,33,tess2020351194500-s0033-0000000237540727-0203-s_lc.fits
250466847,33,tess2020351194500-s0033-0000000250466847-0203-s_lc.fits
293775854,33,tess2020351194500-s0033-0000000293775854-0203-s_lc.fits
157459353,33,tess2020351194500-s0033-0000000157459353-0203-s_lc.fits
386531584,33,tess2020351194500-s0033-0000000386531584-0203-s_lc.fits
147365939,33,tess2020351194500-s0033-0000000147365939-0203-s_lc.fits
232424748,33,tess2020351194500-s0033-0000000232424748-0203-s_lc.fits
235124045,33,tess2020351194500-s0033-0000000235124045-0203-s_lc.fits
141122198,33,tess2020351194500-s0033-0000000141122198-0203-s_lc.fits
49707471,33,tess2020351194500-s0033-0000000049707471-0203-s_lc.fits
48749497,33,tess2020351194500-s0033-0000000048749497-0203-s_lc.fits
10011121,33,tess2020351194500-s0033-0000000010011121-0203-s_lc.fits
238069161,33,tess2020351194500-s0033-0000000238069161-0203-s_lc.fits
237497083,33,tess2020351194500-s0033-0000000237497083-0203-s_lc.fits
123846458,33,tess2020351194500-s0033-0000000123846458-0203-s_lc.fits
49706480,33,tess2020351194500-s0033-0000000049706480-0203-s_lc.fits
192851036,33,tess2020351194500-s0033-0000000192851036-0203-s_lc.fits
277028154,33,tess2020351194500-s0033-0000000277028154-0203-s_lc.fits
51071618,33,tess2020351194500-s0033-0000000051071618-0203-s_lc.fits
179304899,33,tess2020351194500-s0033-0000000179304899-0203-s_lc.fits
219144928,33,tess2020351194500-s0033-0000000219144928-0203-s_lc.fits
55476806,33,tess2020351194500-s0033-0000000055476806-0203-s_lc.fits
220438355,33,tess2020351194500-s0033-0000000220438355-0203-s_lc.fits
177170633,33,tess2020351194500-s0033-0000000177170633-0203-s_lc.fits
125018437,33,tess2020351194500-s0033-0000000125018437-0203-s_lc.fits
201422578,33,tess2020351194500-s0033-0000000201422578-0203-s_lc.fits
303849568,33,tess2020351194500-s0033-0000000303849568-0203-s_lc.fits
232287965,33,tess2020351194500-s0033-0000000232287965-0203-s_lc.fits
263272042,33,tess2020351194500-s0033-0000000263272042-0203-s_lc.fits
123849256,33,tess2020351194500-s0033-0000000123849256-0203-s_lc.fits
170310446,33,tess2020351194500-s0033-0000000170310446-0203-s_lc.fits
445941749,33,tess2020351194500-s0033-0000000445941749-0203-s_lc.fits
436619869,33,tess2020351194500-s0033-0000000436619869-0203-s_lc.fits
30112388,33,tess2020351194500-s0033-0000000030112388-0203-s_lc.fits
708496213,33,tess2020351194500-s0033-0000000708496213-0203-s_lc.fits
32051912,33,tess2020351194500-s0033-0000000032051912-0203-s_lc.fits
123980737,33,tess2020351194500-s0033-0000000123980737-0203-s_lc.fits
300242735,33,tess2020351194500-s0033-0000000300242735-0203-s_lc.fits
158106048,33,tess2020351194500-s0033-0000000158106048-0203-s_lc.fits
37914101,33,tess2020351194500-s0033-0000000037914101-0203-s_lc.fits
143206621,33,tess2020351194500-s0033-0000000143206621-0203-s_lc.fits
38680132,33,tess2020351194500-s0033-0000000038680132-0203-s_lc.fits
278727565,33,tess2020351194500-s0033-0000000278727565-0203-s_lc.fits
299284041,33,tess2020351194500-s0033-0000000299284041-0203-s_lc.fits
350346386,33,tess2020351194500-s0033-0000000350346386-0203-s_lc.fits
761961043,33,tess2020351194500-s0033-0000000761961043-0203-s_lc.fits
269186086,33,tess2020351194500-s0033-0000000269186086-0203-s_lc.fits
350713883,33,tess2020351194500-s0033-0000000350713883-0203-s_lc.fits
389672553,33,tess2020351194500-s0033-0000000389672553-0203-s_lc.fits
37300880,33,tess2020351194500-s0033-0000000037300880-0203-s_lc.fits
318556555,33,tess2020351194500-s0033-0000000318556555-0203-s_lc.fits
349094313,33,tess2020351194500-s0033-0000000349094313-0203-s_lc.fits
64452125,33,tess2020351194500-s0033-0000000064452125-0203-s_lc.fits
148508281,33,tess2020351194500-s0033-0000000148508281-0203-s_lc.fits
354573143,33,tess2020351194500-s0033-0000000354573143-0203-s_lc.fits
238194241,33,tess2020351194500-s0033-0000000238194241-0203-s_lc.fits
167006493,33,tess2020351194500-s0033-0000000167006493-0203-s_lc.fits
142671432,33,tess2020351194500-s0033-0000000142671432-0203-s_lc.fits
300158108,33,tess2020351194500-s0033-0000000300158108-0203-s_lc.fits
307470363,33,tess2020351194500-s0033-0000000307470363-0203-s_lc.fits
219400973,33,tess2020351194500-s0033-0000000219400973-0203-s_lc.fits
364393161,33,tess2020351194500-s0033-0000000364393161-0203-s_lc.fits
180975352,33,tess2020351194500-s0033-0000000180975352-0203-s_lc.fits
167551757,33,tess2020351194500-s0033-0000000167551757-0203-s_lc.fits
349909808,33,tess2020351194500-s0033-0000000349909808-0203-s_lc.fits
172703276,33,tess2020351194500-s0033-0000000172703276-0203-s_lc.fits
220398548,33,tess2020351194500-s0033-0000000220398548-0203-s_lc.fits
263582064,33,tess2020351194500-s0033-0000000263582064-0203-s_lc.fits
295071039,33,tess2020351194500-s0033-0000000295071039-0203-s_lc.fits
176873735,33,tess2020351194500-s0033-0000000176873735-0203-s_lc.fits
147182825,33,tess2020351194500-s0033-0000000147182825-0203-s_lc.fits
14492685,33,tess2020351194500-s0033-0000000014492685-0203-s_lc.fits
778388095,33,tess2020351194500-s0033-0000000778388095-0203-s_lc.fits
24452802,33,tess2020351194500-s0033-0000000024452802-0203-s_lc.fits
37392167,33,tess2020351194500-s0033-0000000037392167-0203-s_lc.fits
319738101,33,tess2020351194500-s0033-0000000319738101-0203-s_lc.fits
232053143,33,tess2020351194500-s0033-0000000232053143-0203-s_lc.fits
350479496,33,tess2020351194500-s0033-0000000350479496-0203-s_lc.fits
36552453,33,tess2020351194500-s0033-0000000036552453-0203-s_lc.fits
40793484,33,tess2020351194500-s0033-0000000040793484-0203-s_lc.fits
38027576,33,tess2020351194500-s0033-0000000038027576-0203-s_lc.fits
177441091,33,tess2020351194500-s0033-0000000177441091-0203-s_lc.fits
350145384,33,tess2020351194500-s0033-0000000350145384-0203-s_lc.fits
207045768,33,tess2020351194500-s0033-0000000207045768-0203-s_lc.fits
284620820,33,tess2020351194500-s0033-0000000284620820-0203-s_lc.fits
408907109,33,tess2020351194500-s0033-0000000408907109-0203-s_lc.fits
358401810,33,tess2020351194500-s0033-0000000358401810-0203-s_lc.fits
382247276,33,tess2020351194500-s0033-0000000382247276-0203-s_lc.fits
95112450,33,tess2020351194500-s0033-0000000095112450-0203-s_lc.fits
167656243,33,tess2020351194500-s0033-0000000167656243-0203-s_lc.fits
22644696,33,tess2020351194500-s0033-0000000022644696-0203-s_lc.fits
37544402,33,tess2020351194500-s0033-0000000037544402-0203-s_lc.fits
370101160,33,tess2020351194500-s0033-0000000370101160-0203-s_lc.fits
119685023,33,tess2020351194500-s0033-0000000119685023-0203-s_lc.fits
78442934,33,tess2020351194500-s0033-0000000078442934-0203-s_lc.fits
24896094,33,tess2020351194500-s0033-0000000024896094-0203-s_lc.fits
170202842,33,tess2020351194500-s0033-0000000170202842-0203-s_lc.fits
290043698,33,tess2020351194500-s0033-0000000290043698-0203-s_lc.fits
29835352,33,tess2020351194500-s0033-0000000029835352-0203-s_lc.fits
287490981,33,tess2020351194500-s0033-0000000287490981-0203-s_lc.fits
220408233,33,tess2020351194500-s0033-0000000220408233-0203-s_lc.fits
156629361,33,tess2020351194500-s0033-0000000156629361-0203-s_lc.fits
387230348,33,tess2020351194500-s0033-0000000387230348-0203-s_lc.fits
409089031,33,tess2020351194500-s0033-0000000409089031-0203-s_lc.fits
237975245,33,tess2020351194500-s0033-0000000237975245-0203-s_lc.fits
147941383,33,tess2020351194500-s0033-0000000147941383-0203-s_lc.fits
261947519,33,tess2020351194500-s0033-0000000261947519-0203-s_lc.fits
237667790,33,tess2020351194500-s0033-0000000237667790-0203-s_lc.fits
177253314,33,tess2020351194500-s0033-0000000177253314-0203-s_lc.fits
410869867,33,tess2020351194500-s0033-0000000410869867-0203-s_lc.fits
167343976,33,tess2020351194500-s0033-0000000167343976-0203-s_lc.fits
350765484,33,tess2020351194500-s0033-0000000350765484-0203-s_lc.fits
350297451,33,tess2020351194500-s0033-0000000350297451-0203-s_lc.fits
81160525,33,tess2020351194500-s0033-0000000081160525-0203-s_lc.fits
318902888,33,tess2020351194500-s0033-0000000318902888-0203-s_lc.fits
264233674,33,tess2020351194500-s0033-0000000264233674-0203-s_lc.fits
282799114,33,tess2020351194500-s0033-0000000282799114-0203-s_lc.fits
81047483,33,tess2020351194500-s0033-0000000081047483-0203-s_lc.fits
149388265,33,tess2020351194500-s0033-0000000149388265-0203-s_lc.fits
234061236,33,tess2020351194500-s0033-0000000234061236-0203-s_lc.fits
453187217,33,tess2020351194500-s0033-0000000453187217-0203-s_lc.fits
34370769,33,tess2020351194500-s0033-0000000034370769-0203-s_lc.fits
291332750,33,tess2020351194500-s0033-0000000291332750-0203-s_lc.fits
255785240,33,tess2020351194500-s0033-0000000255785240-0203-s_lc.fits
237667209,33,tess2020351194500-s0033-0000000237667209-0203-s_lc.fits
231941557,33,tess2020351194500-s0033-0000000231941557-0203-s_lc.fits
34368383,33,tess2020351194500-s0033-0000000034368383-0203-s_lc.fits
53327951,33,tess2020351194500-s0033-0000000053327951-0203-s_lc.fits
39223488,33,tess2020351194500-s0033-0000000039223488-0203-s_lc.fits
279952991,33,tess2020351194500-s0033-0000000279952991-0203-s_lc.fits
382028854,33,tess2020351194500-s0033-0000000382028854-0203-s_lc.fits
63301562,33,tess2020351194500-s0033-0000000063301562-0203-s_lc.fits
167722708,33,tess2020351194500-s0033-0000000167722708-0203-s_lc.fits
724466209,33,tess2020351194500-s0033-0000000724466209-0203-s_lc.fits
299200364,33,tess2020351194500-s0033-0000000299200364-0203-s_lc.fits
176616246,33,tess2020351194500-s0033-0000000176616246-0203-s_lc.fits
155019171,33,tess2020351194500-s0033-0000000155019171-0203-s_lc.fits
24451876,33,tess2020351194500-s0033-0000000024451876-0203-s_lc.fits
229274315,33,tess2020351194500-s0033-0000000229274315-0203-s_lc.fits
255640029,33,tess2020351194500-s0033-0000000255640029-0203-s_lc.fits
52540820,33,tess2020351194500-s0033-0000000052540820-0203-s_lc.fits
381977835,33,tess2020351194500-s0033-0000000381977835-0203-s_lc.fits
124179964,33,tess2020351194500-s0033-0000000124179964-0203-s_lc.fits
229381955,33,tess2020351194500-s0033-0000000229381955-0203-s_lc.fits
150300935,33,tess2020351194500-s0033-0000000150300935-0203-s_lc.fits
282270717,33,tess2020351194500-s0033-0000000282270717-0203-s_lc.fits
37388508,33,tess2020351194500-s0033-0000000037388508-0203-s_lc.fits
333498434,33,tess2020351194500-s0033-0000000333498434-0203-s_lc.fits
167815042,33,tess2020351194500-s0033-0000000167815042-0203-s_lc.fits
349571444,33,tess2020351194500-s0033-0000000349571444-0203-s_lc.fits
370037722,33,tess2020351194500-s0033-0000000370037722-0203-s_lc.fits
37356056,33,tess2020351194500-s0033-0000000037356056-0203-s_lc.fits
408973272,33,tess2020351194500-s0033-0000000408973272-0203-s_lc.fits
364326339,33,tess2020351194500-s0033-0000000364326339-0203-s_lc.fits
734881941,33,tess2020351194500-s0033-0000000734881941-0203-s_lc.fits
291298924,33,tess2020351194500-s0033-0000000291298924-0203-s_lc.fits
281582674,33,tess2020351194500-s0033-0000000281582674-0203-s_lc.fits
123668602,33,tess2020351194500-s0033-0000000123668602-0203-s_lc.fits
242199231,33,tess2020351194500-s0033-0000000242199231-0203-s_lc.fits
306931346,33,tess2020351194500-s0033-0000000306931346-0203-s_lc.fits
177518136,33,tess2020351194500-s0033-0000000177518136-0203-s_lc.fits
41255790,33,tess2020351194500-s0033-0000000041255790-0203-s_lc.fits
281354558,33,tess2020351194500-s0033-0000000281354558-0203-s_lc.fits
339770560,33,tess2020351194500-s0033-0000000339770560-0203-s_lc.fits
264165291,33,tess2020351194500-s0033-0000000264165291-0203-s_lc.fits
219377638,33,tess2020351194500-s0033-0000000219377638-0203-s_lc.fits
167125872,33,tess2020351194500-s0033-0000000167125872-0203-s_lc.fits
31406927,33,tess2020351194500-s0033-0000000031406927-0203-s_lc.fits
78954614,33,tess2020351194500-s0033-0000000078954614-0203-s_lc.fits
382145139,33,tess2020351194500-s0033-0000000382145139-0203-s_lc.fits
55745883,33,tess2020351194500-s0033-0000000055745883-0203-s_lc.fits
201432030,33,tess2020351194500-s0033-0000000201432030-0203-s_lc.fits
150358433,33,tess2020351194500-s0033-0000000150358433-0203-s_lc.fits
219418800,33,tess2020351194500-s0033-0000000219418800-0203-s_lc.fits
26524306,33,tess2020351194500-s0033-0000000026524306-0203-s_lc.fits
443218509,33,tess2020351194500-s0033-0000000443218509-0203-s_lc.fits
295826386,33,tess2020351194500-s0033-0000000295826386-0203-s_lc.fits
178632964,33,tess2020351194500-s0033-0000000178632964-0203-s_lc.fits
238034366,33,tess2020351194500-s0033-0000000238034366-0203-s_lc.fits
350445872,33,tess2020351194500-s0033-0000000350445872-0203-s_lc.fits
278900142,33,tess2020351194500-s0033-0000000278900142-0203-s_lc.fits
317024828,33,tess2020351194500-s0033-0000000317024828-0203-s_lc.fits
270557257,33,tess2020351194500-s0033-0000000270557257-0203-s_lc.fits
238060684,33,tess2020351194500-s0033-0000000238060684-0203-s_lc.fits
176872401,33,tess2020351194500-s0033-0000000176872401-0203-s_lc.fits
322685727,33,tess2020351194500-s0033-0000000322685727-0203-s_lc.fits
382302241,33,tess2020351194500-s0033-0000000382302241-0203-s_lc.fits
344083435,33,tess2020351194500-s0033-0000000344083435-0203-s_lc.fits
319859570,33,tess2020351194500-s0033-0000000319859570-0203-s_lc.fits
237647740,33,tess2020351194500-s0033-0000000237647740-0203-s_lc.fits
306511381,33,tess2020351194500-s0033-0000000306511381-0203-s_lc.fits
33523087,33,tess2020351194500-s0033-0000000033523087-0203-s_lc.fits
348841685,33,tess2020351194500-s0033-0000000348841685-0203-s_lc.fits
100610473,33,tess2020351194500-s0033-0000000100610473-0203-s_lc.fits
247877696,33,tess2020351194500-s0033-0000000247877696-0203-s_lc.fits
24624072,33,tess2020351194500-s0033-0000000024624072-0203-s_lc.fits
124200058,33,tess2020351194500-s0033-0000000124200058-0203-s_lc.fits
317799453,33,tess2020351194500-s0033-0000000317799453-0203-s_lc.fits
150432079,33,tess2020351194500-s0033-0000000150432079-0203-s_lc.fits
287723398,33,tess2020351194500-s0033-0000000287723398-0203-s_lc.fits
120091486,33,tess2020351194500-s0033-0000000120091486-0203-s_lc.fits
71728933,33,tess2020351194500-s0033-0000000071728933-0203-s_lc.fits
38586707,33,tess2020351194500-s0033-0000000038586707-0203-s_lc.fits
141868188,33,tess2020351194500-s0033-0000000141868188-0203-s_lc.fits
149971537,33,tess2020351194500-s0033-0000000149971537-0203-s_lc.fits
348996134,33,tess2020351194500-s0033-0000000348996134-0203-s_lc.fits
30760081,33,tess2020351194500-s0033-0000000030760081-0203-s_lc.fits
294207756,33,tess2020351194500-s0033-0000000294207756-0203-s_lc.fits
354569771,33,tess2020351194500-s0033-0000000354569771-0203-s_lc.fits
348894045,33,tess2020351194500-s0033-0000000348894045-0203-s_lc.fits
294097368,33,tess2020351194500-s0033-0000000294097368-0203-s_lc.fits
293235877,33,tess2020351194500-s0033-0000000293235877-0203-s_lc.fits
37351613,33,tess2020351194500-s0033-0000000037351613-0203-s_lc.fits
237607792,33,tess2020351194500-s0033-0000000237607792-0203-s_lc.fits
238230769,33,tess2020351194500-s0033-0000000238230769-0203-s_lc.fits
385997353,33,tess2020351194500-s0033-0000000385997353-0203-s_lc.fits
234550246,33,tess2020351194500-s0033-0000000234550246-0203-s_lc.fits
292527925,33,tess2020351194500-s0033-0000000292527925-0203-s_lc.fits
744788097,33,tess2020351194500-s0033-0000000744788097-0203-s_lc.fits
300710630,33,tess2020351194500-s0033-0000000300710630-0203-s_lc.fits
265363770,33,tess2020351194500-s0033-0000000265363770-0203-s_lc.fits
373523595,33,tess2020351194500-s0033-0000000373523595-0203-s_lc.fits
260297640,33,tess2020351194500-s0033-0000000260297640-0203-s_lc.fits
30852936,33,tess2020351194500-s0033-0000000030852936-0203-s_lc.fits
322815697,33,tess2020351194500-s0033-0000000322815697-0203-s_lc.fits
178116658,33,tess2020351194500-s0033-0000000178116658-0203-s_lc.fits
139672077,33,tess2020351194500-s0033-0000000139672077-0203-s_lc.fits
279989626,33,tess2020351194500-s0033-0000000279989626-0203-s_lc.fits
176763906,33,tess2020351194500-s0033-0000000176763906-0203-s_lc.fits
282807518,33,tess2020351194500-s0033-0000000282807518-0203-s_lc.fits
279219977,33,tess2020351194500-s0033-0000000279219977-0203-s_lc.fits
443456187,33,tess2020351194500-s0033-0000000443456187-0203-s_lc.fits
232280555,33,tess2020351194500-s0033-0000000232280555-0203-s_lc.fits
409008459,33,tess2020351194500-s0033-0000000409008459-0203-s_lc.fits
404967301,33,tess2020351194500-s0033-0000000404967301-0203-s_lc.fits
143230081,33,tess2020351194500-s0033-0000000143230081-0203-s_lc.fits
744648361,33,tess2020351194500-s0033-0000000744648361-0203-s_lc.fits
708522611,33,tess2020351194500-s0033-0000000708522611-0203-s_lc.fits
307035011,33,tess2020351194500-s0033-0000000307035011-0203-s_lc.fits
25131889,33,tess2020351194500-s0033-0000000025131889-0203-s_lc.fits
344085695,33,tess2020351194500-s0033-0000000344085695-0203-s_lc.fits
42333004,33,tess2020351194500-s0033-0000000042333004-0203-s_lc.fits
235127040,33,tess2020351194500-s0033-0000000235127040-0203-s_lc.fits
150030411,33,tess2020351194500-s0033-0000000150030411-0203-s_lc.fits
202185840,33,tess2020351194500-s0033-0000000202185840-0203-s_lc.fits
320124510,33,tess2020351194500-s0033-0000000320124510-0203-s_lc.fits
234173145,33,tess2020351194500-s0033-0000000234173145-0203-s_lc.fits
262200723,33,tess2020351194500-s0033-0000000262200723-0203-s_lc.fits
219159010,33,tess2020351194500-s0033-0000000219159010-0203-s_lc.fits
166925397,33,tess2020351194500-s0033-0000000166925397-0203-s_lc.fits
150150734,33,tess2020351194500-s0033-0000000150150734-0203-s_lc.fits
349922995,33,tess2020351194500-s0033-0000000349922995-0203-s_lc.fits
64360693,33,tess2020351194500-s0033-0000000064360693-0203-s_lc.fits
48175816,33,tess2020351194500-s0033-0000000048175816-0203-s_lc.fits
372480991,33,tess2020351194500-s0033-0000000372480991-0203-s_lc.fits
153097244,33,tess2020351194500-s0033-0000000153097244-0203-s_lc.fits
177850275,33,tess2020351194500-s0033-0000000177850275-0203-s_lc.fits
219402694,33,tess2020351194500-s0033-0000000219402694-0203-s_lc.fits
51061169,33,tess2020351194500-s0033-0000000051061169-0203-s_lc.fits
30760646,33,tess2020351194500-s0033-0000000030760646-0203-s_lc.fits
264319761,33,tess2020351194500-s0033-0000000264319761-0203-s_lc.fits
55556732,33,tess2020351194500-s0033-0000000055556732-0203-s_lc.fits
317135713,33,tess2020351194500-s0033-0000000317135713-0203-s_lc.fits
7444870,33,tess2020351194500-s0033-0000000007444870-0203-s_lc.fits
147311797,33,tess2020351194500-s0033-0000000147311797-0203-s_lc.fits
706872397,33,tess2020351194500-s0033-0000000706872397-0203-s_lc.fits
452358463,33,tess2020351194500-s0033-0000000452358463-0203-s_lc.fits
306612361,33,tess2020351194500-s0033-0000000306612361-0203-s_lc.fits
404769161,33,tess2020351194500-s0033-0000000404769161-0203-s_lc.fits
206789272,33,tess2020351194500-s0033-0000000206789272-0203-s_lc.fits
119551292,33,tess2020351194500-s0033-0000000119551292-0203-s_lc.fits
4867916,33,tess2020351194500-s0033-0000000004867916-0203-s_lc.fits
292714346,33,tess2020351194500-s0033-0000000292714346-0203-s_lc.fits
66688546,33,tess2020351194500-s0033-0000000066688546-0203-s_lc.fits
63351574,33,tess2020351194500-s0033-0000000063351574-0203-s_lc.fits
141686804,33,tess2020351194500-s0033-0000000141686804-0203-s_lc.fits
322899410,33,tess2020351194500-s0033-0000000322899410-0203-s_lc.fits
125643227,33,tess2020351194500-s0033-0000000125643227-0203-s_lc.fits
149101008,33,tess2020351194500-s0033-0000000149101008-0203-s_lc.fits
241862777,33,tess2020351194500-s0033-0000000241862777-0203-s_lc.fits
281803267,33,tess2020351194500-s0033-0000000281803267-0203-s_lc.fits
119446940,33,tess2020351194500-s0033-0000000119446940-0203-s_lc.fits
220398217,33,tess2020351194500-s0033-0000000220398217-0203-s_lc.fits
389368279,33,tess2020351194500-s0033-0000000389368279-0203-s_lc.fits
59605392,33,tess2020351194500-s0033-0000000059605392-0203-s_lc.fits
318129975,33,tess2020351194500-s0033-0000000318129975-0203-s_lc.fits
26642779,33,tess2020351194500-s0033-0000000026642779-0203-s_lc.fits
31853091,33,tess2020351194500-s0033-0000000031853091-0203-s_lc.fits
32832770,33,tess2020351194500-s0033-0000000032832770-0203-s_lc.fits
100829786,33,tess2020351194500-s0033-0000000100829786-0203-s_lc.fits
284194837,33,tess2020351194500-s0033-0000000284194837-0203-s_lc.fits
220598602,33,tess2020351194500-s0033-0000000220598602-0203-s_lc.fits
66741997,33,tess2020351194500-s0033-0000000066741997-0203-s_lc.fits
453123578,33,tess2020351194500-s0033-0000000453123578-0203-s_lc.fits
167005469,33,tess2020351194500-s0033-0000000167005469-0203-s_lc.fits
26336245,33,tess2020351194500-s0033-0000000026336245-0203-s_lc.fits
207331757,33,tess2020351194500-s0033-0000000207331757-0203-s_lc.fits
167574282,33,tess2020351194500-s0033-0000000167574282-0203-s_lc.fits
147182083,33,tess2020351194500-s0033-0000000147182083-0203-s_lc.fits
177754717,33,tess2020351194500-s0033-0000000177754717-0203-s_lc.fits
167633597,33,tess2020351194500-s0033-0000000167633597-0203-s_lc.fits
34849492,33,tess2020351194500-s0033-0000000034849492-0203-s_lc.fits
339672106,33,tess2020351194500-s0033-0000000339672106-0203-s_lc.fits
42236626,33,tess2020351194500-s0033-0000000042236626-0203-s_lc.fits
53815934,33,tess2020351194500-s0033-0000000053815934-0203-s_lc.fits
349767242,33,tess2020351194500-s0033-0000000349767242-0203-s_lc.fits
192783608,33,tess2020351194500-s0033-0000000192783608-0203-s_lc.fits
14498338,33,tess2020351194500-s0033-0000000014498338-0203-s_lc.fits
170368522,33,tess2020351194500-s0033-0000000170368522-0203-s_lc.fits
149154927,33,tess2020351194500-s0033-0000000149154927-0203-s_lc.fits
200386971,33,tess2020351194500-s0033-0000000200386971-0203-s_lc.fits
141978023,33,tess2020351194500-s0033-0000000141978023-0203-s_lc.fits
101209463,33,tess2020351194500-s0033-0000000101209463-0203-s_lc.fits
393388476,33,tess2020351194500-s0033-0000000393388476-0203-s_lc.fits
276667896,33,tess2020351194500-s0033-0000000276667896-0203-s_lc.fits
97643238,33,tess2020351194500-s0033-0000000097643238-0203-s_lc.fits
156990176,33,tess2020351194500-s0033-0000000156990176-0203-s_lc.fits
255780081,33,tess2020351194500-s0033-0000000255780081-0203-s_lc.fits
322574140,33,tess2020351194500-s0033-0000000322574140-0203-s_lc.fits
25134376,33,tess2020351194500-s0033-0000000025134376-0203-s_lc.fits
235073057,33,tess2020351194500-s0033-0000000235073057-0203-s_lc.fits
62003244,33,tess2020351194500-s0033-0000000062003244-0203-s_lc.fits
438222256,33,tess2020351194500-s0033-0000000438222256-0203-s_lc.fits
52545119,33,tess2020351194500-s0033-0000000052545119-0203-s_lc.fits
271977529,33,tess2020351194500-s0033-0000000271977529-0203-s_lc.fits
93243348,33,tess2020351194500-s0033-0000000093243348-0203-s_lc.fits
4867762,33,tess2020351194500-s0033-0000000004867762-0203-s_lc.fits
317280681,33,tess2020351194500-s0033-0000000317280681-0203-s_lc.fits
98878450,33,tess2020351194500-s0033-0000000098878450-0203-s_lc.fits
238202274,33,tess2020351194500-s0033-0000000238202274-0203-s_lc.fits
156920161,33,tess2020351194500-s0033-0000000156920161-0203-s_lc.fits
237840959,33,tess2020351194500-s0033-0000000237840959-0203-s_lc.fits
96651307,33,tess2020351194500-s0033-0000000096651307-0203-s_lc.fits
281923086,33,tess2020351194500-s0033-0000000281923086-0203-s_lc.fits
445062527,33,tess2020351194500-s0033-0000000445062527-0203-s_lc.fits
143205342,33,tess2020351194500-s0033-0000000143205342-0203-s_lc.fits
300653260,33,tess2020351194500-s0033-0000000300653260-0203-s_lc.fits
453142510,33,tess2020351194500-s0033-0000000453142510-0203-s_lc.fits
322817213,33,tess2020351194500-s0033-0000000322817213-0203-s_lc.fits
118655549,33,tess2020351194500-s0033-0000000118655549-0203-s_lc.fits
440758829,33,tess2020351194500-s0033-0000000440758829-0203-s_lc.fits
765364043,33,tess2020351194500-s0033-0000000765364043-0203-s_lc.fits
382032758,33,tess2020351194500-s0033-0000000382032758-0203-s_lc.fits
149497763,33,tess2020351194500-s0033-0000000149497763-0203-s_lc.fits
31795900,33,tess2020351194500-s0033-0000000031795900-0203-s_lc.fits
21651546,33,tess2020351194500-s0033-0000000021651546-0203-s_lc.fits
276793626,33,tess2020351194500-s0033-0000000276793626-0203-s_lc.fits
255687626,33,tess2020351194500-s0033-0000000255687626-0203-s_lc.fits
284549542,33,tess2020351194500-s0033-0000000284549542-0203-s_lc.fits
97424641,33,tess2020351194500-s0033-0000000097424641-0203-s_lc.fits
220414564,33,tess2020351194500-s0033-0000000220414564-0203-s_lc.fits
260188633,33,tess2020351194500-s0033-0000000260188633-0203-s_lc.fits
71966844,33,tess2020351194500-s0033-0000000071966844-0203-s_lc.fits
299905047,33,tess2020351194500-s0033-0000000299905047-0203-s_lc.fits
231339279,33,tess2020351194500-s0033-0000000231339279-0203-s_lc.fits
260607768,33,tess2020351194500-s0033-0000000260607768-0203-s_lc.fits
388182341,33,tess2020351194500-s0033-0000000388182341-0203-s_lc.fits
355359544,33,tess2020351194500-s0033-0000000355359544-0203-s_lc.fits
38825084,33,tess2020351194500-s0033-0000000038825084-0203-s_lc.fits
232028782,33,tess2020351194500-s0033-0000000232028782-0203-s_lc.fits
150247134,33,tess2020351194500-s0033-0000000150247134-0203-s_lc.fits
124427935,33,tess2020351194500-s0033-0000000124427935-0203-s_lc.fits
151471438,33,tess2020351194500-s0033-0000000151471438-0203-s_lc.fits
436528818,33,tess2020351194500-s0033-0000000436528818-0203-s_lc.fits
373777400,33,tess2020351194500-s0033-0000000373777400-0203-s_lc.fits
149346910,33,tess2020351194500-s0033-0000000149346910-0203-s_lc.fits
167304933,33,tess2020351194500-s0033-0000000167304933-0203-s_lc.fits
32935606,33,tess2020351194500-s0033-0000000032935606-0203-s_lc.fits
260353309,33,tess2020351194500-s0033-0000000260353309-0203-s_lc.fits
24448282,33,tess2020351194500-s0033-0000000024448282-0203-s_lc.fits
22729099,33,tess2020351194500-s0033-0000000022729099-0203-s_lc.fits
270712778,33,tess2020351194500-s0033-0000000270712778-0203-s_lc.fits
220419288,33,tess2020351194500-s0033-0000000220419288-0203-s_lc.fits
255563650,33,tess2020351194500-s0033-0000000255563650-0203-s_lc.fits
49248166,33,tess2020351194500-s0033-0000000049248166-0203-s_lc.fits
153183212,33,tess2020351194500-s0033-0000000153183212-0203-s_lc.fits
220613249,33,tess2020351194500-s0033-0000000220613249-0203-s_lc.fits
22942027,33,tess2020351194500-s0033-0000000022942027-0203-s_lc.fits
140497750,33,tess2020351194500-s0033-0000000140497750-0203-s_lc.fits
260372940,33,tess2020351194500-s0033-0000000260372940-0203-s_lc.fits
386418407,33,tess2020351194500-s0033-0000000386418407-0203-s_lc.fits
264567135,33,tess2020351194500-s0033-0000000264567135-0203-s_lc.fits
317800288,33,tess2020351194500-s0033-0000000317800288-0203-s_lc.fits
271808981,33,tess2020351194500-s0033-0000000271808981-0203-s_lc.fits
125647934,33,tess2020351194500-s0033-0000000125647934-0203-s_lc.fits
393120724,33,tess2020351194500-s0033-0000000393120724-0203-s_lc.fits
219410480,33,tess2020351194500-s0033-0000000219410480-0203-s_lc.fits
235405006,33,tess2020351194500-s0033-0000000235405006-0203-s_lc.fits
382067256,33,tess2020351194500-s0033-0000000382067256-0203-s_lc.fits
178166445,33,tess2020351194500-s0033-0000000178166445-0203-s_lc.fits
143169288,33,tess2020351194500-s0033-0000000143169288-0203-s_lc.fits
443000106,33,tess2020351194500-s0033-0000000443000106-0203-s_lc.fits
21746564,33,tess2020351194500-s0033-0000000021746564-0203-s_lc.fits
301273475,33,tess2020351194500-s0033-0000000301273475-0203-s_lc.fits
219205393,33,tess2020351194500-s0033-0000000219205393-0203-s_lc.fits
291494696,33,tess2020351194500-s0033-0000000291494696-0203-s_lc.fits
119377238,33,tess2020351194500-s0033-0000000119377238-0203-s_lc.fits
219210925,33,tess2020351194500-s0033-0000000219210925-0203-s_lc.fits
72216833,33,tess2020351194500-s0033-0000000072216833-0203-s_lc.fits
374911794,33,tess2020351194500-s0033-0000000374911794-0203-s_lc.fits
409390367,33,tess2020351194500-s0033-0000000409390367-0203-s_lc.fits
219164819,33,tess2020351194500-s0033-0000000219164819-0203-s_lc.fits
24534676,33,tess2020351194500-s0033-0000000024534676-0203-s_lc.fits
179123560,33,tess2020351194500-s0033-0000000179123560-0203-s_lc.fits
143117558,33,tess2020351194500-s0033-0000000143117558-0203-s_lc.fits
130330742,33,tess2020351194500-s0033-0000000130330742-0203-s_lc.fits
206904850,33,tess2020351194500-s0033-0000000206904850-0203-s_lc.fits
374945276,33,tess2020351194500-s0033-0000000374945276-0203-s_lc.fits
284737361,33,tess2020351194500-s0033-0000000284737361-0203-s_lc.fits
100727652,33,tess2020351194500-s0033-0000000100727652-0203-s_lc.fits
168196761,33,tess2020351194500-s0033-0000000168196761-0203-s_lc.fits
281990328,33,tess2020351194500-s0033-0000000281990328-0203-s_lc.fits
100027462,33,tess2020351194500-s0033-0000000100027462-0203-s_lc.fits
30931197,33,tess2020351194500-s0033-0000000030931197-0203-s_lc.fits
80604547,33,tess2020351194500-s0033-0000000080604547-0203-s_lc.fits
78814567,33,tess2020351194500-s0033-0000000078814567-0203-s_lc.fits
124029363,33,tess2020351194500-s0033-0000000124029363-0203-s_lc.fits
24612093,33,tess2020351194500-s0033-0000000024612093-0203-s_lc.fits
201426485,33,tess2020351194500-s0033-0000000201426485-0203-s_lc.fits
147965737,33,tess2020351194500-s0033-0000000147965737-0203-s_lc.fits
151065460,33,tess2020351194500-s0033-0000000151065460-0203-s_lc.fits
731484592,33,tess2020351194500-s0033-0000000731484592-0203-s_lc.fits
177611174,33,tess2020351194500-s0033-0000000177611174-0203-s_lc.fits
382259669,33,tess2020351194500-s0033-0000000382259669-0203-s_lc.fits
387228325,33,tess2020351194500-s0033-0000000387228325-0203-s_lc.fits
294098008,33,tess2020351194500-s0033-0000000294098008-0203-s_lc.fits
67266519,33,tess2020351194500-s0033-0000000067266519-0203-s_lc.fits
37385802,33,tess2020351194500-s0033-0000000037385802-0203-s_lc.fits
97962391,33,tess2020351194500-s0033-0000000097962391-0203-s_lc.fits
80833274,33,tess2020351194500-s0033-0000000080833274-0203-s_lc.fits
55450951,33,tess2020351194500-s0033-0000000055450951-0203-s_lc.fits
300087059,33,tess2020351194500-s0033-0000000300087059-0203-s_lc.fits
34373877,33,tess2020351194500-s0033-0000000034373877-0203-s_lc.fits
178672826,33,tess2020351194500-s0033-0000000178672826-0203-s_lc.fits
167746025,33,tess2020351194500-s0033-0000000167746025-0203-s_lc.fits
51831400,33,tess2020351194500-s0033-0000000051831400-0203-s_lc.fits
26406620,33,tess2020351194500-s0033-0000000026406620-0203-s_lc.fits
178681279,33,tess2020351194500-s0033-0000000178681279-0203-s_lc.fits
167895977,33,tess2020351194500-s0033-0000000167895977-0203-s_lc.fits
160349805,33,tess2020351194500-s0033-0000000160349805-0203-s_lc.fits
288356728,33,tess2020351194500-s0033-0000000288356728-0203-s_lc.fits
177284607,33,tess2020351194500-s0033-0000000177284607-0203-s_lc.fits
65541415,33,tess2020351194500-s0033-0000000065541415-0203-s_lc.fits
344029283,33,tess2020351194500-s0033-0000000344029283-0203-s_lc.fits
7466005,33,tess2020351194500-s0033-0000000007466005-0203-s_lc.fits
281222589,33,tess2020351194500-s0033-0000000281222589-0203-s_lc.fits
349521873,33,tess2020351194500-s0033-0000000349521873-0203-s_lc.fits
178261151,33,tess2020351194500-s0033-0000000178261151-0203-s_lc.fits
260504147,33,tess2020351194500-s0033-0000000260504147-0203-s_lc.fits
294327531,33,tess2020351194500-s0033-0000000294327531-0203-s_lc.fits
333138627,33,tess2020351194500-s0033-0000000333138627-0203-s_lc.fits
141527834,33,tess2020351194500-s0033-0000000141527834-0203-s_lc.fits
156916353,33,tess2020351194500-s0033-0000000156916353-0203-s_lc.fits
229362749,33,tess2020351194500-s0033-0000000229362749-0203-s_lc.fits
238069930,33,tess2020351194500-s0033-0000000238069930-0203-s_lc.fits
150030250,33,tess2020351194500-s0033-0000000150030250-0203-s_lc.fits
262596437,33,tess2020351194500-s0033-0000000262596437-0203-s_lc.fits
381975243,33,tess2020351194500-s0033-0000000381975243-0203-s_lc.fits
21618454,33,tess2020351194500-s0033-0000000021618454-0203-s_lc.fits
177257889,33,tess2020351194500-s0033-0000000177257889-0203-s_lc.fits
306511307,33,tess2020351194500-s0033-0000000306511307-0203-s_lc.fits
81226197,33,tess2020351194500-s0033-0000000081226197-0203-s_lc.fits
147975987,33,tess2020351194500-s0033-0000000147975987-0203-s_lc.fits
167571315,33,tess2020351194500-s0033-0000000167571315-0203-s_lc.fits
124183376,33,tess2020351194500-s0033-0000000124183376-0203-s_lc.fits
279570569,33,tess2020351194500-s0033-0000000279570569-0203-s_lc.fits
461696923,33,tess2020351194500-s0033-0000000461696923-0203-s_lc.fits
20144107,33,tess2020351194500-s0033-0000000020144107-0203-s_lc.fits
20176597,33,tess2020351194500-s0033-0000000020176597-0203-s_lc.fits
147855507,33,tess2020351194500-s0033-0000000147855507-0203-s_lc.fits
705727484,33,tess2020351194500-s0033-0000000705727484-0203-s_lc.fits
381950979,33,tess2020351194500-s0033-0000000381950979-0203-s_lc.fits
55270025,33,tess2020351194500-s0033-0000000055270025-0203-s_lc.fits
372851608,33,tess2020351194500-s0033-0000000372851608-0203-s_lc.fits
235047779,33,tess2020351194500-s0033-0000000235047779-0203-s_lc.fits
300652548,33,tess2020351194500-s0033-0000000300652548-0203-s_lc.fits
149126796,33,tess2020351194500-s0033-0000000149126796-0203-s_lc.fits
350332233,33,tess2020351194500-s0033-0000000350332233-0203-s_lc.fits
66771806,33,tess2020351194500-s0033-0000000066771806-0203-s_lc.fits
282607571,33,tess2020351194500-s0033-0000000282607571-0203-s_lc.fits
67196301,33,tess2020351194500-s0033-0000000067196301-0203-s_lc.fits
260301309,33,tess2020351194500-s0033-0000000260301309-0203-s_lc.fits
234923805,33,tess2020351194500-s0033-0000000234923805-0203-s_lc.fits
130259135,33,tess2020351194500-s0033-0000000130259135-0203-s_lc.fits
300515248,33,tess2020351194500-s0033-0000000300515248-0203-s_lc.fits
170272528,33,tess2020351194500-s0033-0000000170272528-0203-s_lc.fits
265160532,33,tess2020351194500-s0033-0000000265160532-0203-s_lc.fits
235052622,33,tess2020351194500-s0033-0000000235052622-0203-s_lc.fits
255629739,33,tess2020351194500-s0033-0000000255629739-0203-s_lc.fits
348897766,33,tess2020351194500-s0033-0000000348897766-0203-s_lc.fits
52446755,33,tess2020351194500-s0033-0000000052446755-0203-s_lc.fits
277300045,33,tess2020351194500-s0033-0000000277300045-0203-s_lc.fits
745994838,33,tess2020351194500-s0033-0000000745994838-0203-s_lc.fits
279249443,33,tess2020351194500-s0033-0000000279249443-0203-s_lc.fits
143108918,33,tess2020351194500-s0033-0000000143108918-0203-s_lc.fits
25132694,33,tess2020351194500-s0033-0000000025132694-0203-s_lc.fits
445952123,33,tess2020351194500-s0033-0000000445952123-0203-s_lc.fits
20144513,33,tess2020351194500-s0033-0000000020144513-0203-s_lc.fits
33063383,33,tess2020351194500-s0033-0000000033063383-0203-s_lc.fits
389323816,33,tess2020351194500-s0033-0000000389323816-0203-s_lc.fits
514563738,33,tess2020351194500-s0033-0000000514563738-0203-s_lc.fits
51488696,33,tess2020351194500-s0033-0000000051488696-0203-s_lc.fits
457093195,33,tess2020351194500-s0033-0000000457093195-0203-s_lc.fits
278987280,33,tess2020351194500-s0033-0000000278987280-0203-s_lc.fits
255560639,33,tess2020351194500-s0033-0000000255560639-0203-s_lc.fits
33714944,33,tess2020351194500-s0033-0000000033714944-0203-s_lc.fits
55295368,33,tess2020351194500-s0033-0000000055295368-0203-s_lc.fits
231077422,33,tess2020351194500-s0033-0000000231077422-0203-s_lc.fits
445451765,33,tess2020351194500-s0033-0000000445451765-0203-s_lc.fits
318059565,33,tess2020351194500-s0033-0000000318059565-0203-s_lc.fits
30321719,33,tess2020351194500-s0033-0000000030321719-0203-s_lc.fits
294780517,33,tess2020351194500-s0033-0000000294780517-0203-s_lc.fits
278955973,33,tess2020351194500-s0033-0000000278955973-0203-s_lc.fits
237384997,33,tess2020351194500-s0033-0000000237384997-0203-s_lc.fits
100530662,33,tess2020351194500-s0033-0000000100530662-0203-s_lc.fits
149989864,33,tess2020351194500-s0033-0000000149989864-0203-s_lc.fits
134545456,33,tess2020351194500-s0033-0000000134545456-0203-s_lc.fits
168061414,33,tess2020351194500-s0033-0000000168061414-0203-s_lc.fits
170223709,33,tess2020351194500-s0033-0000000170223709-0203-s_lc.fits
234111319,33,tess2020351194500-s0033-0000000234111319-0203-s_lc.fits
438395177,33,tess2020351194500-s0033-0000000438395177-0203-s_lc.fits
219210744,33,tess2020351194500-s0033-0000000219210744-0203-s_lc.fits
291553627,33,tess2020351194500-s0033-0000000291553627-0203-s_lc.fits
369674541,33,tess2020351194500-s0033-0000000369674541-0203-s_lc.fits
43246695,33,tess2020351194500-s0033-0000000043246695-0203-s_lc.fits
766145795,33,tess2020351194500-s0033-0000000766145795-0203-s_lc.fits
24530979,33,tess2020351194500-s0033-0000000024530979-0203-s_lc.fits
300654773,33,tess2020351194500-s0033-0000000300654773-0203-s_lc.fits
98975641,33,tess2020351194500-s0033-0000000098975641-0203-s_lc.fits
119232446,33,tess2020351194500-s0033-0000000119232446-0203-s_lc.fits
30405752,33,tess2020351194500-s0033-0000000030405752-0203-s_lc.fits
59944167,33,tess2020351194500-s0033-0000000059944167-0203-s_lc.fits
97931135,33,tess2020351194500-s0033-0000000097931135-0203-s_lc.fits
89291783,33,tess2020351194500-s0033-0000000089291783-0203-s_lc.fits
350024707,33,tess2020351194500-s0033-0000000350024707-0203-s_lc.fits
117670649,33,tess2020351194500-s0033-0000000117670649-0203-s_lc.fits
98802123,33,tess2020351194500-s0033-0000000098802123-0203-s_lc.fits
150248922,33,tess2020351194500-s0033-0000000150248922-0203-s_lc.fits
120883123,33,tess2020351194500-s0033-0000000120883123-0203-s_lc.fits
712312017,33,tess2020351194500-s0033-0000000712312017-0203-s_lc.fits
156735150,33,tess2020351194500-s0033-0000000156735150-0203-s_lc.fits
141752883,33,tess2020351194500-s0033-0000000141752883-0203-s_lc.fits
52116939,33,tess2020351194500-s0033-0000000052116939-0203-s_lc.fits
32498861,33,tess2020351194500-s0033-0000000032498861-0203-s_lc.fits
192790476,33,tess2020351194500-s0033-0000000192790476-0203-s_lc.fits
282391151,33,tess2020351194500-s0033-0000000282391151-0203-s_lc.fits
307060835,33,tess2020351194500-s0033-0000000307060835-0203-s_lc.fits
350299588,33,tess2020351194500-s0033-0000000350299588-0203-s_lc.fits
370223132,33,tess2020351194500-s0033-0000000370223132-0203-s_lc.fits
141123013,33,tess2020351194500-s0033-0000000141123013-0203-s_lc.fits
232018558,33,tess2020351194500-s0033-0000000232018558-0203-s_lc.fits
47589397,33,tess2020351194500-s0033-0000000047589397-0203-s_lc.fits
445260697,33,tess2020351194500-s0033-0000000445260697-0203-s_lc.fits
176953878,33,tess2020351194500-s0033-0000000176953878-0203-s_lc.fits
176980882,33,tess2020351194500-s0033-0000000176980882-0203-s_lc.fits
374997123,33,tess2020351194500-s0033-0000000374997123-0203-s_lc.fits
349275306,33,tess2020351194500-s0033-0000000349275306-0203-s_lc.fits
207333935,33,tess2020351194500-s0033-0000000207333935-0203-s_lc.fits
293270932,33,tess2020351194500-s0033-0000000293270932-0203-s_lc.fits
276869010,33,tess2020351194500-s0033-0000000276869010-0203-s_lc.fits
141712726,33,tess2020351194500-s0033-0000000141712726-0203-s_lc.fits
172078875,33,tess2020351194500-s0033-0000000172078875-0203-s_lc.fits
375090717,33,tess2020351194500-s0033-0000000375090717-0203-s_lc.fits
278731442,33,tess2020351194500-s0033-0000000278731442-0203-s_lc.fits
23459532,33,tess2020351194500-s0033-0000000023459532-0203-s_lc.fits
234014271,33,tess2020351194500-s0033-0000000234014271-0203-s_lc.fits
148046287,33,tess2020351194500-s0033-0000000148046287-0203-s_lc.fits
425144066,33,tess2020351194500-s0033-0000000425144066-0203-s_lc.fits
262497025,33,tess2020351194500-s0033-0000000262497025-0203-s_lc.fits
364539359,33,tess2020351194500-s0033-0000000364539359-0203-s_lc.fits
265901038,33,tess2020351194500-s0033-0000000265901038-0203-s_lc.fits
151165747,33,tess2020351194500-s0033-0000000151165747-0203-s_lc.fits
59353269,33,tess2020351194500-s0033-0000000059353269-0203-s_lc.fits
65700455,33,tess2020351194500-s0033-0000000065700455-0203-s_lc.fits
41031619,33,tess2020351194500-s0033-0000000041031619-0203-s_lc.fits
51926128,33,tess2020351194500-s0033-0000000051926128-0203-s_lc.fits
339669756,33,tess2020351194500-s0033-0000000339669756-0203-s_lc.fits
349682621,33,tess2020351194500-s0033-0000000349682621-0203-s_lc.fits
32072196,33,tess2020351194500-s0033-0000000032072196-0203-s_lc.fits
443089709,33,tess2020351194500-s0033-0000000443089709-0203-s_lc.fits
21539945,33,tess2020351194500-s0033-0000000021539945-0203-s_lc.fits
80666605,33,tess2020351194500-s0033-0000000080666605-0203-s_lc.fits
318652275,33,tess2020351194500-s0033-0000000318652275-0203-s_lc.fits
24588623,33,tess2020351194500-s0033-0000000024588623-0203-s_lc.fits
452377101,33,tess2020351194500-s0033-0000000452377101-0203-s_lc.fits
192790077,33,tess2020351194500-s0033-0000000192790077-0203-s_lc.fits
78313105,33,tess2020351194500-s0033-0000000078313105-0203-s_lc.fits
142109430,33,tess2020351194500-s0033-0000000142109430-0203-s_lc.fits
140831368,33,tess2020351194500-s0033-0000000140831368-0203-s_lc.fits
176960818,33,tess2020351194500-s0033-0000000176960818-0203-s_lc.fits
279324004,33,tess2020351194500-s0033-0000000279324004-0203-s_lc.fits
349154160,33,tess2020351194500-s0033-0000000349154160-0203-s_lc.fits
237385058,33,tess2020351194500-s0033-0000000237385058-0203-s_lc.fits
63295893,33,tess2020351194500-s0033-0000000063295893-0203-s_lc.fits
177386428,33,tess2020351194500-s0033-0000000177386428-0203-s_lc.fits
372617495,33,tess2020351194500-s0033-0000000372617495-0203-s_lc.fits
130474556,33,tess2020351194500-s0033-0000000130474556-0203-s_lc.fits
220024651,33,tess2020351194500-s0033-0000000220024651-0203-s_lc.fits
805805708,33,tess2020351194500-s0033-0000000805805708-0203-s_lc.fits
235071608,33,tess2020351194500-s0033-0000000235071608-0203-s_lc.fits
350931082,33,tess2020351194500-s0033-0000000350931082-0203-s_lc.fits
234600187,33,tess2020351194500-s0033-0000000234600187-0203-s_lc.fits
261260905,33,tess2020351194500-s0033-0000000261260905-0203-s_lc.fits
344029878,33,tess2020351194500-s0033-0000000344029878-0203-s_lc.fits
63884928,33,tess2020351194500-s0033-0000000063884928-0203-s_lc.fits
38908752,33,tess2020351194500-s0033-0000000038908752-0203-s_lc.fits
42889619,33,tess2020351194500-s0033-0000000042889619-0203-s_lc.fits
5196070,33,tess2020351194500-s0033-0000000005196070-0203-s_lc.fits
206843051,33,tess2020351194500-s0033-0000000206843051-0203-s_lc.fits
438419712,33,tess2020351194500-s0033-0000000438419712-0203-s_lc.fits
229286003,33,tess2020351194500-s0033-0000000229286003-0203-s_lc.fits
397186219,33,tess2020351194500-s0033-0000000397186219-0203-s_lc.fits
293936312,33,tess2020351194500-s0033-0000000293936312-0203-s_lc.fits
192846357,33,tess2020351194500-s0033-0000000192846357-0203-s_lc.fits
283914998,33,tess2020351194500-s0033-0000000283914998-0203-s_lc.fits
38601878,33,tess2020351194500-s0033-0000000038601878-0203-s_lc.fits
98292334,33,tess2020351194500-s0033-0000000098292334-0203-s_lc.fits
123796439,33,tess2020351194500-s0033-0000000123796439-0203-s_lc.fits
407621805,33,tess2020351194500-s0033-0000000407621805-0203-s_lc.fits
270676271,33,tess2020351194500-s0033-0000000270676271-0203-s_lc.fits
66979577,33,tess2020351194500-s0033-0000000066979577-0203-s_lc.fits
99935428,33,tess2020351194500-s0033-0000000099935428-0203-s_lc.fits
150393677,33,tess2020351194500-s0033-0000000150393677-0203-s_lc.fits
49383411,33,tess2020351194500-s0033-0000000049383411-0203-s_lc.fits
176983552,33,tess2020351194500-s0033-0000000176983552-0203-s_lc.fits
167718227,33,tess2020351194500-s0033-0000000167718227-0203-s_lc.fits
167813804,33,tess2020351194500-s0033-0000000167813804-0203-s_lc.fits
294779080,33,tess2020351194500-s0033-0000000294779080-0203-s_lc.fits
79940094,33,tess2020351194500-s0033-0000000079940094-0203-s_lc.fits
64139079,33,tess2020351194500-s0033-0000000064139079-0203-s_lc.fits
237848055,33,tess2020351194500-s0033-0000000237848055-0203-s_lc.fits
7390682,33,tess2020351194500-s0033-0000000007390682-0203-s_lc.fits
62971203,33,tess2020351194500-s0033-0000000062971203-0203-s_lc.fits
735491690,33,tess2020351194500-s0033-0000000735491690-0203-s_lc.fits
93103604,33,tess2020351194500-s0033-0000000093103604-0203-s_lc.fits
52454876,33,tess2020351194500-s0033-0000000052454876-0203-s_lc.fits
270554477,33,tess2020351194500-s0033-0000000270554477-0203-s_lc.fits
63943999,33,tess2020351194500-s0033-0000000063943999-0203-s_lc.fits
41338480,33,tess2020351194500-s0033-0000000041338480-0203-s_lc.fits
260538104,33,tess2020351194500-s0033-0000000260538104-0203-s_lc.fits
235507849,33,tess2020351194500-s0033-0000000235507849-0203-s_lc.fits
119169838,33,tess2020351194500-s0033-0000000119169838-0203-s_lc.fits
143176997,33,tess2020351194500-s0033-0000000143176997-0203-s_lc.fits
72171518,33,tess2020351194500-s0033-0000000072171518-0203-s_lc.fits
685082533,33,tess2020351194500-s0033-0000000685082533-0203-s_lc.fits
78823956,33,tess2020351194500-s0033-0000000078823956-0203-s_lc.fits
37997336,33,tess2020351194500-s0033-0000000037997336-0203-s_lc.fits
72098379,33,tess2020351194500-s0033-0000000072098379-0203-s_lc.fits
280037554,33,tess2020351194500-s0033-0000000280037554-0203-s_lc.fits
37503689,33,tess2020351194500-s0033-0000000037503689-0203-s_lc.fits
150431659,33,tess2020351194500-s0033-0000000150431659-0203-s_lc.fits
278776511,33,tess2020351194500-s0033-0000000278776511-0203-s_lc.fits
231077890,33,tess2020351194500-s0033-0000000231077890-0203-s_lc.fits
167304005,33,tess2020351194500-s0033-0000000167304005-0203-s_lc.fits
176870098,33,tess2020351194500-s0033-0000000176870098-0203-s_lc.fits
32068848,33,tess2020351194500-s0033-0000000032068848-0203-s_lc.fits
337267794,33,tess2020351194500-s0033-0000000337267794-0203-s_lc.fits
300970007,33,tess2020351194500-s0033-0000000300970007-0203-s_lc.fits
237957451,33,tess2020351194500-s0033-0000000237957451-0203-s_lc.fits
238196354,33,tess2020351194500-s0033-0000000238196354-0203-s_lc.fits
300204306,33,tess2020351194500-s0033-0000000300204306-0203-s_lc.fits
79215239,33,tess2020351194500-s0033-0000000079215239-0203-s_lc.fits
156888563,33,tess2020351194500-s0033-0000000156888563-0203-s_lc.fits
179210651,33,tess2020351194500-s0033-0000000179210651-0203-s_lc.fits
119362815,33,tess2020351194500-s0033-0000000119362815-0203-s_lc.fits
430420304,33,tess2020351194500-s0033-0000000430420304-0203-s_lc.fits
147918835,33,tess2020351194500-s0033-0000000147918835-0203-s_lc.fits
220474952,33,tess2020351194500-s0033-0000000220474952-0203-s_lc.fits
235069526,33,tess2020351194500-s0033-0000000235069526-0203-s_lc.fits
172700392,33,tess2020351194500-s0033-0000000172700392-0203-s_lc.fits
391744126,33,tess2020351194500-s0033-0000000391744126-0203-s_lc.fits
443174312,33,tess2020351194500-s0033-0000000443174312-0203-s_lc.fits
65406275,33,tess2020351194500-s0033-0000000065406275-0203-s_lc.fits
282270692,33,tess2020351194500-s0033-0000000282270692-0203-s_lc.fits
229237320,33,tess2020351194500-s0033-0000000229237320-0203-s_lc.fits
255589523,33,tess2020351194500-s0033-0000000255589523-0203-s_lc.fits
238227230,33,tess2020351194500-s0033-0000000238227230-0203-s_lc.fits
96315731,33,tess2020351194500-s0033-0000000096315731-0203-s_lc.fits
21725106,33,tess2020351194500-s0033-0000000021725106-0203-s_lc.fits
30275795,33,tess2020351194500-s0033-0000000030275795-0203-s_lc.fits
172406677,33,tess2020351194500-s0033-0000000172406677-0203-s_lc.fits
144461524,33,tess2020351194500-s0033-0000000144461524-0203-s_lc.fits
376942498,33,tess2020351194500-s0033-0000000376942498-0203-s_lc.fits
12159576,33,tess2020351194500-s0033-0000000012159576-0203-s_lc.fits
219192756,33,tess2020351194500-s0033-0000000219192756-0203-s_lc.fits
294425293,33,tess2020351194500-s0033-0000000294425293-0203-s_lc.fits
382099937,33,tess2020351194500-s0033-0000000382099937-0203-s_lc.fits
141807811,33,tess2020351194500-s0033-0000000141807811-0203-s_lc.fits
389509682,33,tess2020351194500-s0033-0000000389509682-0203-s_lc.fits
263301646,33,tess2020351194500-s0033-0000000263301646-0203-s_lc.fits
287491694,33,tess2020351194500-s0033-0000000287491694-0203-s_lc.fits
177255132,33,tess2020351194500-s0033-0000000177255132-0203-s_lc.fits
220411221,33,tess2020351194500-s0033-0000000220411221-0203-s_lc.fits
39726511,33,tess2020351194500-s0033-0000000039726511-0203-s_lc.fits
373918302,33,tess2020351194500-s0033-0000000373918302-0203-s_lc.fits
33002764,33,tess2020351194500-s0033-0000000033002764-0203-s_lc.fits
425067522,33,tess2020351194500-s0033-0000000425067522-0203-s_lc.fits
734918929,33,tess2020351194500-s0033-0000000734918929-0203-s_lc.fits
33992223,33,tess2020351194500-s0033-0000000033992223-0203-s_lc.fits
350560959,33,tess2020351194500-s0033-0000000350560959-0203-s_lc.fits
34135088,33,tess2020351194500-s0033-0000000034135088-0203-s_lc.fits
355411878,33,tess2020351194500-s0033-0000000355411878-0203-s_lc.fits
5001059,33,tess2020351194500-s0033-0000000005001059-0203-s_lc.fits
438321118,33,tess2020351194500-s0033-0000000438321118-0203-s_lc.fits
247873991,33,tess2020351194500-s0033-0000000247873991-0203-s_lc.fits
150442264,33,tess2020351194500-s0033-0000000150442264-0203-s_lc.fits
238193497,33,tess2020351194500-s0033-0000000238193497-0203-s_lc.fits
260355804,33,tess2020351194500-s0033-0000000260355804-0203-s_lc.fits
317416577,33,tess2020351194500-s0033-0000000317416577-0203-s_lc.fits
120010068,33,tess2020351194500-s0033-0000000120010068-0203-s_lc.fits
22638046,33,tess2020351194500-s0033-0000000022638046-0203-s_lc.fits
167364359,33,tess2020351194500-s0033-0000000167364359-0203-s_lc.fits
32811497,33,tess2020351194500-s0033-0000000032811497-0203-s_lc.fits
120330048,33,tess2020351194500-s0033-0000000120330048-0203-s_lc.fits
712062887,33,tess2020351194500-s0033-0000000712062887-0203-s_lc.fits
149625812,33,tess2020351194500-s0033-0000000149625812-0203-s_lc.fits
235057641,33,tess2020351194500-s0033-0000000235057641-0203-s_lc.fits
389568798,33,tess2020351194500-s0033-0000000389568798-0203-s_lc.fits
317804397,33,tess2020351194500-s0033-0000000317804397-0203-s_lc.fits
299283984,33,tess2020351194500-s0033-0000000299283984-0203-s_lc.fits
67038442,33,tess2020351194500-s0033-0000000067038442-0203-s_lc.fits
55652063,33,tess2020351194500-s0033-0000000055652063-0203-s_lc.fits
231815813,33,tess2020351194500-s0033-0000000231815813-0203-s_lc.fits
141910728,33,tess2020351194500-s0033-0000000141910728-0203-s_lc.fits
80137372,33,tess2020351194500-s0033-0000000080137372-0203-s_lc.fits
148455327,33,tess2020351194500-s0033-0000000148455327-0203-s_lc.fits
293310938,33,tess2020351194500-s0033-0000000293310938-0203-s_lc.fits
160379601,33,tess2020351194500-s0033-0000000160379601-0203-s_lc.fits
438040594,33,tess2020351194500-s0033-0000000438040594-0203-s_lc.fits
30032006,33,tess2020351194500-s0033-0000000030032006-0203-s_lc.fits
93241239,33,tess2020351194500-s0033-0000000093241239-0203-s_lc.fits
149572666,33,tess2020351194500-s0033-0000000149572666-0203-s_lc.fits
37254614,33,tess2020351194500-s0033-0000000037254614-0203-s_lc.fits
78449800,33,tess2020351194500-s0033-0000000078449800-0203-s_lc.fits
201389956,33,tess2020351194500-s0033-0000000201389956-0203-s_lc.fits
349310293,33,tess2020351194500-s0033-0000000349310293-0203-s_lc.fits
380029974,33,tess2020351194500-s0033-0000000380029974-0203-s_lc.fits
22529346,33,tess2020351194500-s0033-0000000022529346-0203-s_lc.fits
7493810,33,tess2020351194500-s0033-0000000007493810-0203-s_lc.fits
29761402,33,tess2020351194500-s0033-0000000029761402-0203-s_lc.fits
4618206,33,tess2020351194500-s0033-0000000004618206-0203-s_lc.fits
260300211,33,tess2020351194500-s0033-0000000260300211-0203-s_lc.fits
382267824,33,tess2020351194500-s0033-0000000382267824-0203-s_lc.fits
234721120,33,tess2020351194500-s0033-0000000234721120-0203-s_lc.fits
266159860,33,tess2020351194500-s0033-0000000266159860-0203-s_lc.fits
23158527,33,tess2020351194500-s0033-0000000023158527-0203-s_lc.fits
24430311,33,tess2020351194500-s0033-0000000024430311-0203-s_lc.fits
21626625,33,tess2020351194500-s0033-0000000021626625-0203-s_lc.fits
290782569,33,tess2020351194500-s0033-0000000290782569-0203-s_lc.fits
142107756,33,tess2020351194500-s0033-0000000142107756-0203-s_lc.fits
287430414,33,tess2020351194500-s0033-0000000287430414-0203-s_lc.fits
350182637,33,tess2020351194500-s0033-0000000350182637-0203-s_lc.fits
177385907,33,tess2020351194500-s0033-0000000177385907-0203-s_lc.fits
260004910,33,tess2020351194500-s0033-0000000260004910-0203-s_lc.fits
39585376,33,tess2020351194500-s0033-0000000039585376-0203-s_lc.fits
20297183,33,tess2020351194500-s0033-0000000020297183-0203-s_lc.fits
234112540,33,tess2020351194500-s0033-0000000234112540-0203-s_lc.fits
267254104,33,tess2020351194500-s0033-0000000267254104-0203-s_lc.fits
38759628,33,tess2020351194500-s0033-0000000038759628-0203-s_lc.fits
300159346,33,tess2020351194500-s0033-0000000300159346-0203-s_lc.fits
207002108,33,tess2020351194500-s0033-0000000207002108-0203-s_lc.fits
220600310,33,tess2020351194500-s0033-0000000220600310-0203-s_lc.fits
350346371,33,tess2020351194500-s0033-0000000350346371-0203-s_lc.fits
293937291,33,tess2020351194500-s0033-0000000293937291-0203-s_lc.fits
350618622,33,tess2020351194500-s0033-0000000350618622-0203-s_lc.fits
438152268,33,tess2020351194500-s0033-0000000438152268-0203-s_lc.fits
271696887,33,tess2020351194500-s0033-0000000271696887-0203-s_lc.fits
172366808,33,tess2020351194500-s0033-0000000172366808-0203-s_lc.fits
33741646,33,tess2020351194500-s0033-0000000033741646-0203-s_lc.fits
37662058,33,tess2020351194500-s0033-0000000037662058-0203-s_lc.fits
307244763,33,tess2020351194500-s0033-0000000307244763-0203-s_lc.fits
33878145,33,tess2020351194500-s0033-0000000033878145-0203-s_lc.fits
177115013,33,tess2020351194500-s0033-0000000177115013-0203-s_lc.fits
167756090,33,tess2020351194500-s0033-0000000167756090-0203-s_lc.fits
177352893,33,tess2020351194500-s0033-0000000177352893-0203-s_lc.fits
738331660,33,tess2020351194500-s0033-0000000738331660-0203-s_lc.fits
139369107,33,tess2020351194500-s0033-0000000139369107-0203-s_lc.fits
279324163,33,tess2020351194500-s0033-0000000279324163-0203-s_lc.fits
102547273,33,tess2020351194500-s0033-0000000102547273-0203-s_lc.fits
278732681,33,tess2020351194500-s0033-0000000278732681-0203-s_lc.fits
106405839,33,tess2020351194500-s0033-0000000106405839-0203-s_lc.fits
300561157,33,tess2020351194500-s0033-0000000300561157-0203-s_lc.fits
93052912,33,tess2020351194500-s0033-0000000093052912-0203-s_lc.fits
37349150,33,tess2020351194500-s0033-0000000037349150-0203-s_lc.fits
237658247,33,tess2020351194500-s0033-0000000237658247-0203-s_lc.fits
393298903,33,tess2020351194500-s0033-0000000393298903-0203-s_lc.fits
374978066,33,tess2020351194500-s0033-0000000374978066-0203-s_lc.fits
453097599,33,tess2020351194500-s0033-0000000453097599-0203-s_lc.fits
177163800,33,tess2020351194500-s0033-0000000177163800-0203-s_lc.fits
80282130,33,tess2020351194500-s0033-0000000080282130-0203-s_lc.fits
320121726,33,tess2020351194500-s0033-0000000320121726-0203-s_lc.fits
33767134,33,tess2020351194500-s0033-0000000033767134-0203-s_lc.fits
237391080,33,tess2020351194500-s0033-0000000237391080-0203-s_lc.fits
61847723,33,tess2020351194500-s0033-0000000061847723-0203-s_lc.fits
242061093,33,tess2020351194500-s0033-0000000242061093-0203-s_lc.fits
303854566,33,tess2020351194500-s0033-0000000303854566-0203-s_lc.fits
349944772,33,tess2020351194500-s0033-0000000349944772-0203-s_lc.fits
24523185,33,tess2020351194500-s0033-0000000024523185-0203-s_lc.fits
318408923,33,tess2020351194500-s0033-0000000318408923-0203-s_lc.fits
282025554,33,tess2020351194500-s0033-0000000282025554-0203-s_lc.fits
141810080,33,tess2020351194500-s0033-0000000141810080-0203-s_lc.fits
282718359,33,tess2020351194500-s0033-0000000282718359-0203-s_lc.fits
192854264,33,tess2020351194500-s0033-0000000192854264-0203-s_lc.fits
232417941,33,tess2020351194500-s0033-0000000232417941-0203-s_lc.fits
262287643,33,tess2020351194500-s0033-0000000262287643-0203-s_lc.fits
38707774,33,tess2020351194500-s0033-0000000038707774-0203-s_lc.fits
140943323,33,tess2020351194500-s0033-0000000140943323-0203-s_lc.fits
231743280,33,tess2020351194500-s0033-0000000231743280-0203-s_lc.fits
220113185,33,tess2020351194500-s0033-0000000220113185-0203-s_lc.fits
306852325,33,tess2020351194500-s0033-0000000306852325-0203-s_lc.fits
179304909,33,tess2020351194500-s0033-0000000179304909-0203-s_lc.fits
349374765,33,tess2020351194500-s0033-0000000349374765-0203-s_lc.fits
319734773,33,tess2020351194500-s0033-0000000319734773-0203-s_lc.fits
37073844,33,tess2020351194500-s0033-0000000037073844-0203-s_lc.fits
32830200,33,tess2020351194500-s0033-0000000032830200-0203-s_lc.fits
95251344,33,tess2020351194500-s0033-0000000095251344-0203-s_lc.fits
29781101,33,tess2020351194500-s0033-0000000029781101-0203-s_lc.fits
201375061,33,tess2020351194500-s0033-0000000201375061-0203-s_lc.fits
375093210,33,tess2020351194500-s0033-0000000375093210-0203-s_lc.fits
350860631,33,tess2020351194500-s0033-0000000350860631-0203-s_lc.fits
373431205,33,tess2020351194500-s0033-0000000373431205-0203-s_lc.fits
149154577,33,tess2020351194500-s0033-0000000149154577-0203-s_lc.fits
279514163,33,tess2020351194500-s0033-0000000279514163-0203-s_lc.fits
168110361,33,tess2020351194500-s0033-0000000168110361-0203-s_lc.fits
80829437,33,tess2020351194500-s0033-0000000080829437-0203-s_lc.fits
307303649,33,tess2020351194500-s0033-0000000307303649-0203-s_lc.fits
72046740,33,tess2020351194500-s0033-0000000072046740-0203-s_lc.fits
150167643,33,tess2020351194500-s0033-0000000150167643-0203-s_lc.fits
260657210,33,tess2020351194500-s0033-0000000260657210-0203-s_lc.fits
262493811,33,tess2020351194500-s0033-0000000262493811-0203-s_lc.fits
7492680,33,tess2020351194500-s0033-0000000007492680-0203-s_lc.fits
141870831,33,tess2020351194500-s0033-0000000141870831-0203-s_lc.fits
123555516,33,tess2020351194500-s0033-0000000123555516-0203-s_lc.fits
176935619,33,tess2020351194500-s0033-0000000176935619-0203-s_lc.fits
333143824,33,tess2020351194500-s0033-0000000333143824-0203-s_lc.fits
306631844,33,tess2020351194500-s0033-0000000306631844-0203-s_lc.fits
63359522,33,tess2020351194500-s0033-0000000063359522-0203-s_lc.fits
734919347,33,tess2020351194500-s0033-0000000734919347-0203-s_lc.fits
141128773,33,tess2020351194500-s0033-0000000141128773-0203-s_lc.fits
382043798,33,tess2020351194500-s0033-0000000382043798-0203-s_lc.fits
445453040,33,tess2020351194500-s0033-0000000445453040-0203-s_lc.fits
34848582,33,tess2020351194500-s0033-0000000034848582-0203-s_lc.fits
150188429,33,tess2020351194500-s0033-0000000150188429-0203-s_lc.fits
39467559,33,tess2020351194500-s0033-0000000039467559-0203-s_lc.fits
123730067,33,tess2020351194500-s0033-0000000123730067-0203-s_lc.fits
55603187,33,tess2020351194500-s0033-0000000055603187-0203-s_lc.fits
231207231,33,tess2020351194500-s0033-0000000231207231-0203-s_lc.fits
294355648,33,tess2020351194500-s0033-0000000294355648-0203-s_lc.fits
37914226,33,tess2020351194500-s0033-0000000037914226-0203-s_lc.fits
49253594,33,tess2020351194500-s0033-0000000049253594-0203-s_lc.fits
140283712,33,tess2020351194500-s0033-0000000140283712-0203-s_lc.fits
272088627,33,tess2020351194500-s0033-0000000272088627-0203-s_lc.fits
22861507,33,tess2020351194500-s0033-0000000022861507-0203-s_lc.fits
299467610,33,tess2020351194500-s0033-0000000299467610-0203-s_lc.fits
287407926,33,tess2020351194500-s0033-0000000287407926-0203-s_lc.fits
220618677,33,tess2020351194500-s0033-0000000220618677-0203-s_lc.fits
220430912,33,tess2020351194500-s0033-0000000220430912-0203-s_lc.fits
24886776,33,tess2020351194500-s0033-0000000024886776-0203-s_lc.fits
179638852,33,tess2020351194500-s0033-0000000179638852-0203-s_lc.fits
235066948,33,tess2020351194500-s0033-0000000235066948-0203-s_lc.fits
369523919,33,tess2020351194500-s0033-0000000369523919-0203-s_lc.fits
192850384,33,tess2020351194500-s0033-0000000192850384-0203-s_lc.fits
276793501,33,tess2020351194500-s0033-0000000276793501-0203-s_lc.fits
306472525,33,tess2020351194500-s0033-0000000306472525-0203-s_lc.fits
260655797,33,tess2020351194500-s0033-0000000260655797-0203-s_lc.fits
10010286,33,tess2020351194500-s0033-0000000010010286-0203-s_lc.fits
282503176,33,tess2020351194500-s0033-0000000282503176-0203-s_lc.fits
760001214,33,tess2020351194500-s0033-0000000760001214-0203-s_lc.fits
370221617,33,tess2020351194500-s0033-0000000370221617-0203-s_lc.fits
206884571,33,tess2020351194500-s0033-0000000206884571-0203-s_lc.fits
355357462,33,tess2020351194500-s0033-0000000355357462-0203-s_lc.fits
180967892,33,tess2020351194500-s0033-0000000180967892-0203-s_lc.fits
262440865,33,tess2020351194500-s0033-0000000262440865-0203-s_lc.fits
235225661,33,tess2020351194500-s0033-0000000235225661-0203-s_lc.fits
99930862,33,tess2020351194500-s0033-0000000099930862-0203-s_lc.fits
219145177,33,tess2020351194500-s0033-0000000219145177-0203-s_lc.fits
340459119,33,tess2020351194500-s0033-0000000340459119-0203-s_lc.fits
445146417,33,tess2020351194500-s0033-0000000445146417-0203-s_lc.fits
151510683,33,tess2020351194500-s0033-0000000151510683-0203-s_lc.fits
95251832,33,tess2020351194500-s0033-0000000095251832-0203-s_lc.fits
300871572,33,tess2020351194500-s0033-0000000300871572-0203-s_lc.fits
293972244,33,tess2020351194500-s0033-0000000293972244-0203-s_lc.fits
59708941,33,tess2020351194500-s0033-0000000059708941-0203-s_lc.fits
231718741,33,tess2020351194500-s0033-0000000231718741-0203-s_lc.fits
391946816,33,tess2020351194500-s0033-0000000391946816-0203-s_lc.fits
280519662,33,tess2020351194500-s0033-0000000280519662-0203-s_lc.fits
66911999,33,tess2020351194500-s0033-0000000066911999-0203-s_lc.fits
234829415,33,tess2020351194500-s0033-0000000234829415-0203-s_lc.fits
349571261,33,tess2020351194500-s0033-0000000349571261-0203-s_lc.fits
219154157,33,tess2020351194500-s0033-0000000219154157-0203-s_lc.fits
258978706,33,tess2020351194500-s0033-0000000258978706-0203-s_lc.fits
141682270,33,tess2020351194500-s0033-0000000141682270-0203-s_lc.fits
148476694,33,tess2020351194500-s0033-0000000148476694-0203-s_lc.fits
55241817,33,tess2020351194500-s0033-0000000055241817-0203-s_lc.fits
293774243,33,tess2020351194500-s0033-0000000293774243-0203-s_lc.fits
59749600,33,tess2020351194500-s0033-0000000059749600-0203-s_lc.fits
234628921,33,tess2020351194500-s0033-0000000234628921-0203-s_lc.fits
231799463,33,tess2020351194500-s0033-0000000231799463-0203-s_lc.fits
272468825,33,tess2020351194500-s0033-0000000272468825-0203-s_lc.fits
294784092,33,tess2020351194500-s0033-0000000294784092-0203-s_lc.fits
148500107,33,tess2020351194500-s0033-0000000148500107-0203-s_lc.fits
306576033,33,tess2020351194500-s0033-0000000306576033-0203-s_lc.fits
294208383,33,tess2020351194500-s0033-0000000294208383-0203-s_lc.fits
23091719,33,tess2020351194500-s0033-0000000023091719-0203-s_lc.fits
260419365,33,tess2020351194500-s0033-0000000260419365-0203-s_lc.fits
51901086,33,tess2020351194500-s0033-0000000051901086-0203-s_lc.fits
364588592,33,tess2020351194500-s0033-0000000364588592-0203-s_lc.fits
272318275,33,tess2020351194500-s0033-0000000272318275-0203-s_lc.fits
443162004,33,tess2020351194500-s0033-0000000443162004-0203-s_lc.fits
261157048,33,tess2020351194500-s0033-0000000261157048-0203-s_lc.fits
268978846,33,tess2020351194500-s0033-0000000268978846-0203-s_lc.fits
231744961,33,tess2020351194500-s0033-0000000231744961-0203-s_lc.fits
22645387,33,tess2020351194500-s0033-0000000022645387-0203-s_lc.fits
37166058,33,tess2020351194500-s0033-0000000037166058-0203-s_lc.fits
22766107,33,tess2020351194500-s0033-0000000022766107-0203-s_lc.fits
167011368,33,tess2020351194500-s0033-0000000167011368-0203-s_lc.fits
349927305,33,tess2020351194500-s0033-0000000349927305-0203-s_lc.fits
255556170,33,tess2020351194500-s0033-0000000255556170-0203-s_lc.fits
22940215,33,tess2020351194500-s0033-0000000022940215-0203-s_lc.fits
32597174,33,tess2020351194500-s0033-0000000032597174-0203-s_lc.fits
350623533,33,tess2020351194500-s0033-0000000350623533-0203-s_lc.fits
306773456,33,tess2020351194500-s0033-0000000306773456-0203-s_lc.fits
300709924,33,tess2020351194500-s0033-0000000300709924-0203-s_lc.fits
382147200,33,tess2020351194500-s0033-0000000382147200-0203-s_lc.fits
24531962,33,tess2020351194500-s0033-0000000024531962-0203-s_lc.fits
61162917,33,tess2020351194500-s0033-0000000061162917-0203-s_lc.fits
354557091,33,tess2020351194500-s0033-0000000354557091-0203-s_lc.fits
250569998,33,tess2020351194500-s0033-0000000250569998-0203-s_lc.fits
72215355,33,tess2020351194500-s0033-0000000072215355-0203-s_lc.fits
234668290,33,tess2020351194500-s0033-0000000234668290-0203-s_lc.fits
705485993,33,tess2020351194500-s0033-0000000705485993-0203-s_lc.fits
381925231,33,tess2020351194500-s0033-0000000381925231-0203-s_lc.fits
349274787,33,tess2020351194500-s0033-0000000349274787-0203-s_lc.fits
260355200,33,tess2020351194500-s0033-0000000260355200-0203-s_lc.fits
49306639,33,tess2020351194500-s0033-0000000049306639-0203-s_lc.fits
91782064,33,tess2020351194500-s0033-0000000091782064-0203-s_lc.fits
293267910,33,tess2020351194500-s0033-0000000293267910-0203-s_lc.fits
119305786,33,tess2020351194500-s0033-0000000119305786-0203-s_lc.fits
167655013,33,tess2020351194500-s0033-0000000167655013-0203-s_lc.fits
65403216,33,tess2020351194500-s0033-0000000065403216-0203-s_lc.fits
280865159,33,tess2020351194500-s0033-0000000280865159-0203-s_lc.fits
443023975,33,tess2020351194500-s0033-0000000443023975-0203-s_lc.fits
461704443,33,tess2020351194500-s0033-0000000461704443-0203-s_lc.fits
350861012,33,tess2020351194500-s0033-0000000350861012-0203-s_lc.fits
271900514,33,tess2020351194500-s0033-0000000271900514-0203-s_lc.fits
151233402,33,tess2020351194500-s0033-0000000151233402-0203-s_lc.fits
443111265,33,tess2020351194500-s0033-0000000443111265-0203-s_lc.fits
156913627,33,tess2020351194500-s0033-0000000156913627-0203-s_lc.fits
32644824,33,tess2020351194500-s0033-0000000032644824-0203-s_lc.fits
746676128,33,tess2020351194500-s0033-0000000746676128-0203-s_lc.fits
349572614,33,tess2020351194500-s0033-0000000349572614-0203-s_lc.fits
51334497,33,tess2020351194500-s0033-0000000051334497-0203-s_lc.fits
91791971,33,tess2020351194500-s0033-0000000091791971-0203-s_lc.fits
96797075,33,tess2020351194500-s0033-0000000096797075-0203-s_lc.fits
201965998,33,tess2020351194500-s0033-0000000201965998-0203-s_lc.fits
48238917,33,tess2020351194500-s0033-0000000048238917-0203-s_lc.fits
99148388,33,tess2020351194500-s0033-0000000099148388-0203-s_lc.fits
40183989,33,tess2020351194500-s0033-0000000040183989-0203-s_lc.fits
430424053,33,tess2020351194500-s0033-0000000430424053-0203-s_lc.fits
49314430,33,tess2020351194500-s0033-0000000049314430-0203-s_lc.fits
29833504,33,tess2020351194500-s0033-0000000029833504-0203-s_lc.fits
147776978,33,tess2020351194500-s0033-0000000147776978-0203-s_lc.fits
255559451,33,tess2020351194500-s0033-0000000255559451-0203-s_lc.fits
176930969,33,tess2020351194500-s0033-0000000176930969-0203-s_lc.fits
260370506,33,tess2020351194500-s0033-0000000260370506-0203-s_lc.fits
260606533,33,tess2020351194500-s0033-0000000260606533-0203-s_lc.fits
207004850,33,tess2020351194500-s0033-0000000207004850-0203-s_lc.fits
97651316,33,tess2020351194500-s0033-0000000097651316-0203-s_lc.fits
123573766,33,tess2020351194500-s0033-0000000123573766-0203-s_lc.fits
235166832,33,tess2020351194500-s0033-0000000235166832-0203-s_lc.fits
375034743,33,tess2020351194500-s0033-0000000375034743-0203-s_lc.fits
219395403,33,tess2020351194500-s0033-0000000219395403-0203-s_lc.fits
443051591,33,tess2020351194500-s0033-0000000443051591-0203-s_lc.fits
123573773,33,tess2020351194500-s0033-0000000123573773-0203-s_lc.fits
72043594,33,tess2020351194500-s0033-0000000072043594-0203-s_lc.fits
41030714,33,tess2020351194500-s0033-0000000041030714-0203-s_lc.fits
219425479,33,tess2020351194500-s0033-0000000219425479-0203-s_lc.fits
142109390,33,tess2020351194500-s0033-0000000142109390-0203-s_lc.fits
150430484,33,tess2020351194500-s0033-0000000150430484-0203-s_lc.fits
219406281,33,tess2020351194500-s0033-0000000219406281-0203-s_lc.fits
153540560,33,tess2020351194500-s0033-0000000153540560-0203-s_lc.fits
234934480,33,tess2020351194500-s0033-0000000234934480-0203-s_lc.fits
29760635,33,tess2020351194500-s0033-0000000029760635-0203-s_lc.fits
93054202,33,tess2020351194500-s0033-0000000093054202-0203-s_lc.fits
98879042,33,tess2020351194500-s0033-0000000098879042-0203-s_lc.fits
100608178,33,tess2020351194500-s0033-0000000100608178-0203-s_lc.fits
276864600,33,tess2020351194500-s0033-0000000276864600-0203-s_lc.fits
220114410,33,tess2020351194500-s0033-0000000220114410-0203-s_lc.fits
24526119,33,tess2020351194500-s0033-0000000024526119-0203-s_lc.fits
237822416,33,tess2020351194500-s0033-0000000237822416-0203-s_lc.fits
350844714,33,tess2020351194500-s0033-0000000350844714-0203-s_lc.fits
272127723,33,tess2020351194500-s0033-0000000272127723-0203-s_lc.fits
33942745,33,tess2020351194500-s0033-0000000033942745-0203-s_lc.fits
176471832,33,tess2020351194500-s0033-0000000176471832-0203-s_lc.fits
255549081,33,tess2020351194500-s0033-0000000255549081-0203-s_lc.fits
149302338,33,tess2020351194500-s0033-0000000149302338-0203-s_lc.fits
20297345,33,tess2020351194500-s0033-0000000020297345-0203-s_lc.fits
301182803,33,tess2020351194500-s0033-0000000301182803-0203-s_lc.fits
306690965,33,tess2020351194500-s0033-0000000306690965-0203-s_lc.fits
140894185,33,tess2020351194500-s0033-0000000140894185-0203-s_lc.fits
124184293,33,tess2020351194500-s0033-0000000124184293-0203-s_lc.fits
409123398,33,tess2020351194500-s0033-0000000409123398-0203-s_lc.fits
93170000,33,tess2020351194500-s0033-0000000093170000-0203-s_lc.fits
238034693,33,tess2020351194500-s0033-0000000238034693-0203-s_lc.fits
393385130,33,tess2020351194500-s0033-0000000393385130-0203-s_lc.fits
34845130,33,tess2020351194500-s0033-0000000034845130-0203-s_lc.fits
264084763,33,tess2020351194500-s0033-0000000264084763-0203-s_lc.fits
237415933,33,tess2020351194500-s0033-0000000237415933-0203-s_lc.fits
32604380,33,tess2020351194500-s0033-0000000032604380-0203-s_lc.fits
333263601,33,tess2020351194500-s0033-0000000333263601-0203-s_lc.fits
150191881,33,tess2020351194500-s0033-0000000150191881-0203-s_lc.fits
276793098,33,tess2020351194500-s0033-0000000276793098-0203-s_lc.fits
279158922,33,tess2020351194500-s0033-0000000279158922-0203-s_lc.fits
263293451,33,tess2020351194500-s0033-0000000263293451-0203-s_lc.fits
60073830,33,tess2020351194500-s0033-0000000060073830-0203-s_lc.fits
23544872,33,tess2020351194500-s0033-0000000023544872-0203-s_lc.fits
150359892,33,tess2020351194500-s0033-0000000150359892-0203-s_lc.fits
37738110,33,tess2020351194500-s0033-0000000037738110-0203-s_lc.fits
40275183,33,tess2020351194500-s0033-0000000040275183-0203-s_lc.fits
290982822,33,tess2020351194500-s0033-0000000290982822-0203-s_lc.fits
32500778,33,tess2020351194500-s0033-0000000032500778-0203-s_lc.fits
153408722,33,tess2020351194500-s0033-0000000153408722-0203-s_lc.fits
124983670,33,tess2020351194500-s0033-0000000124983670-0203-s_lc.fits
38699545,33,tess2020351194500-s0033-0000000038699545-0203-s_lc.fits
317599048,33,tess2020351194500-s0033-0000000317599048-0203-s_lc.fits
251161482,33,tess2020351194500-s0033-0000000251161482-0203-s_lc.fits
80135919,33,tess2020351194500-s0033-0000000080135919-0203-s_lc.fits
393228262,33,tess2020351194500-s0033-0000000393228262-0203-s_lc.fits
96987298,33,tess2020351194500-s0033-0000000096987298-0203-s_lc.fits
39670856,33,tess2020351194500-s0033-0000000039670856-0203-s_lc.fits
20093325,33,tess2020351194500-s0033-0000000020093325-0203-s_lc.fits
238005553,33,tess2020351194500-s0033-0000000238005553-0203-s_lc.fits
160351708,33,tess2020351194500-s0033-0000000160351708-0203-s_lc.fits
393410335,33,tess2020351194500-s0033-0000000393410335-0203-s_lc.fits
176873840,33,tess2020351194500-s0033-0000000176873840-0203-s_lc.fits
26522274,33,tess2020351194500-s0033-0000000026522274-0203-s_lc.fits
706369910,33,tess2020351194500-s0033-0000000706369910-0203-s_lc.fits
150321028,33,tess2020351194500-s0033-0000000150321028-0203-s_lc.fits
62967225,33,tess2020351194500-s0033-0000000062967225-0203-s_lc.fits
176986215,33,tess2020351194500-s0033-0000000176986215-0203-s_lc.fits
261949380,33,tess2020351194500-s0033-0000000261949380-0203-s_lc.fits
302869216,33,tess2020351194500-s0033-0000000302869216-0203-s_lc.fits
124181814,33,tess2020351194500-s0033-0000000124181814-0203-s_lc.fits
237956995,33,tess2020351194500-s0033-0000000237956995-0203-s_lc.fits
31704508,33,tess2020351194500-s0033-0000000031704508-0203-s_lc.fits
706880512,33,tess2020351194500-s0033-0000000706880512-0203-s_lc.fits
32051273,33,tess2020351194500-s0033-0000000032051273-0203-s_lc.fits
167205241,33,tess2020351194500-s0033-0000000167205241-0203-s_lc.fits
386269139,33,tess2020351194500-s0033-0000000386269139-0203-s_lc.fits
333246623,33,tess2020351194500-s0033-0000000333246623-0203-s_lc.fits
220457972,33,tess2020351194500-s0033-0000000220457972-0203-s_lc.fits
262614905,33,tess2020351194500-s0033-0000000262614905-0203-s_lc.fits
220619765,33,tess2020351194500-s0033-0000000220619765-0203-s_lc.fits
436429892,33,tess2020351194500-s0033-0000000436429892-0203-s_lc.fits
317863426,33,tess2020351194500-s0033-0000000317863426-0203-s_lc.fits
167752835,33,tess2020351194500-s0033-0000000167752835-0203-s_lc.fits
31474712,33,tess2020351194500-s0033-0000000031474712-0203-s_lc.fits
34584504,33,tess2020351194500-s0033-0000000034584504-0203-s_lc.fits
234851936,33,tess2020351194500-s0033-0000000234851936-0203-s_lc.fits
279424328,33,tess2020351194500-s0033-0000000279424328-0203-s_lc.fits
38023095,33,tess2020351194500-s0033-0000000038023095-0203-s_lc.fits
10172876,33,tess2020351194500-s0033-0000000010172876-0203-s_lc.fits
443250227,33,tess2020351194500-s0033-0000000443250227-0203-s_lc.fits
37390953,33,tess2020351194500-s0033-0000000037390953-0203-s_lc.fits
97865128,33,tess2020351194500-s0033-0000000097865128-0203-s_lc.fits
52316632,33,tess2020351194500-s0033-0000000052316632-0203-s_lc.fits
177715635,33,tess2020351194500-s0033-0000000177715635-0203-s_lc.fits
234758609,33,tess2020351194500-s0033-0000000234758609-0203-s_lc.fits
140755216,33,tess2020351194500-s0033-0000000140755216-0203-s_lc.fits
393385799,33,tess2020351194500-s0033-0000000393385799-0203-s_lc.fits
279248134,33,tess2020351194500-s0033-0000000279248134-0203-s_lc.fits
41532123,33,tess2020351194500-s0033-0000000041532123-0203-s_lc.fits
149120276,33,tess2020351194500-s0033-0000000149120276-0203-s_lc.fits
282796885,33,tess2020351194500-s0033-0000000282796885-0203-s_lc.fits
391923441,33,tess2020351194500-s0033-0000000391923441-0203-s_lc.fits
344138098,33,tess2020351194500-s0033-0000000344138098-0203-s_lc.fits
299469856,33,tess2020351194500-s0033-0000000299469856-0203-s_lc.fits
232413234,33,tess2020351194500-s0033-0000000232413234-0203-s_lc.fits
167602738,33,tess2020351194500-s0033-0000000167602738-0203-s_lc.fits
232260455,33,tess2020351194500-s0033-0000000232260455-0203-s_lc.fits
270807464,33,tess2020351194500-s0033-0000000270807464-0203-s_lc.fits
295965512,33,tess2020351194500-s0033-0000000295965512-0203-s_lc.fits
51404596,33,tess2020351194500-s0033-0000000051404596-0203-s_lc.fits
264696007,33,tess2020351194500-s0033-0000000264696007-0203-s_lc.fits
36352297,33,tess2020351194500-s0033-0000000036352297-0203-s_lc.fits
150271680,33,tess2020351194500-s0033-0000000150271680-0203-s_lc.fits
150360085,33,tess2020351194500-s0033-0000000150360085-0203-s_lc.fits
306739440,33,tess2020351194500-s0033-0000000306739440-0203-s_lc.fits
350518586,33,tess2020351194500-s0033-0000000350518586-0203-s_lc.fits
123761848,33,tess2020351194500-s0033-0000000123761848-0203-s_lc.fits
170435071,33,tess2020351194500-s0033-0000000170435071-0203-s_lc.fits
147129254,33,tess2020351194500-s0033-0000000147129254-0203-s_lc.fits
300515837,33,tess2020351194500-s0033-0000000300515837-0203-s_lc.fits
291700173,33,tess2020351194500-s0033-0000000291700173-0203-s_lc.fits
387613977,33,tess2020351194500-s0033-0000000387613977-0203-s_lc.fits
5457869,33,tess2020351194500-s0033-0000000005457869-0203-s_lc.fits
220430555,33,tess2020351194500-s0033-0000000220430555-0203-s_lc.fits
80919985,33,tess2020351194500-s0033-0000000080919985-0203-s_lc.fits
141000877,33,tess2020351194500-s0033-0000000141000877-0203-s_lc.fits
350842386,33,tess2020351194500-s0033-0000000350842386-0203-s_lc.fits
255635172,33,tess2020351194500-s0033-0000000255635172-0203-s_lc.fits
176586877,33,tess2020351194500-s0033-0000000176586877-0203-s_lc.fits
124086703,33,tess2020351194500-s0033-0000000124086703-0203-s_lc.fits
71796394,33,tess2020351194500-s0033-0000000071796394-0203-s_lc.fits
80663686,33,tess2020351194500-s0033-0000000080663686-0203-s_lc.fits
20141493,33,tess2020351194500-s0033-0000000020141493-0203-s_lc.fits
260267208,33,tess2020351194500-s0033-0000000260267208-0203-s_lc.fits
22769302,33,tess2020351194500-s0033-0000000022769302-0203-s_lc.fits
404850274,33,tess2020351194500-s0033-0000000404850274-0203-s_lc.fits
453188236,33,tess2020351194500-s0033-0000000453188236-0203-s_lc.fits
7321894,33,tess2020351194500-s0033-0000000007321894-0203-s_lc.fits
36365214,33,tess2020351194500-s0033-0000000036365214-0203-s_lc.fits
142146051,33,tess2020351194500-s0033-0000000142146051-0203-s_lc.fits
257064029,33,tess2020351194500-s0033-0000000257064029-0203-s_lc.fits
176871574,33,tess2020351194500-s0033-0000000176871574-0203-s_lc.fits
5464984,33,tess2020351194500-s0033-0000000005464984-0203-s_lc.fits
404851968,33,tess2020351194500-s0033-0000000404851968-0203-s_lc.fits
93276939,33,tess2020351194500-s0033-0000000093276939-0203-s_lc.fits
60290060,33,tess2020351194500-s0033-0000000060290060-0203-s_lc.fits
295276041,33,tess2020351194500-s0033-0000000295276041-0203-s_lc.fits
32553761,33,tess2020351194500-s0033-0000000032553761-0203-s_lc.fits
234260848,33,tess2020351194500-s0033-0000000234260848-0203-s_lc.fits
67265166,33,tess2020351194500-s0033-0000000067265166-0203-s_lc.fits
141866704,33,tess2020351194500-s0033-0000000141866704-0203-s_lc.fits
65137382,33,tess2020351194500-s0033-0000000065137382-0203-s_lc.fits
281540637,33,tess2020351194500-s0033-0000000281540637-0203-s_lc.fits
66559368,33,tess2020351194500-s0033-0000000066559368-0203-s_lc.fits
219380984,33,tess2020351194500-s0033-0000000219380984-0203-s_lc.fits
40716825,33,tess2020351194500-s0033-0000000040716825-0203-s_lc.fits
37386785,33,tess2020351194500-s0033-0000000037386785-0203-s_lc.fits
99417353,33,tess2020351194500-s0033-0000000099417353-0203-s_lc.fits
81326854,33,tess2020351194500-s0033-0000000081326854-0203-s_lc.fits
283202849,33,tess2020351194500-s0033-0000000283202849-0203-s_lc.fits
255556190,33,tess2020351194500-s0033-0000000255556190-0203-s_lc.fits
148277684,33,tess2020351194500-s0033-0000000148277684-0203-s_lc.fits
293849292,33,tess2020351194500-s0033-0000000293849292-0203-s_lc.fits
284613954,33,tess2020351194500-s0033-0000000284613954-0203-s_lc.fits
124934864,33,tess2020351194500-s0033-0000000124934864-0203-s_lc.fits
49314314,33,tess2020351194500-s0033-0000000049314314-0203-s_lc.fits
317601867,33,tess2020351194500-s0033-0000000317601867-0203-s_lc.fits
33993186,33,tess2020351194500-s0033-0000000033993186-0203-s_lc.fits
134433187,33,tess2020351194500-s0033-0000000134433187-0203-s_lc.fits
96855793,33,tess2020351194500-s0033-0000000096855793-0203-s_lc.fits
150359212,33,tess2020351194500-s0033-0000000150359212-0203-s_lc.fits
443061164,33,tess2020351194500-s0033-0000000443061164-0203-s_lc.fits
167969432,33,tess2020351194500-s0033-0000000167969432-0203-s_lc.fits
101204215,33,tess2020351194500-s0033-0000000101204215-0203-s_lc.fits
767758050,33,tess2020351194500-s0033-0000000767758050-0203-s_lc.fits
306739391,33,tess2020351194500-s0033-0000000306739391-0203-s_lc.fits
306893990,33,tess2020351194500-s0033-0000000306893990-0203-s_lc.fits
382266487,33,tess2020351194500-s0033-0000000382266487-0203-s_lc.fits
269085007,33,tess2020351194500-s0033-0000000269085007-0203-s_lc.fits
284332296,33,tess2020351194500-s0033-0000000284332296-0203-s_lc.fits
157633138,33,tess2020351194500-s0033-0000000157633138-0203-s_lc.fits
279787045,33,tess2020351194500-s0033-0000000279787045-0203-s_lc.fits
220389469,33,tess2020351194500-s0033-0000000220389469-0203-s_lc.fits
60021168,33,tess2020351194500-s0033-0000000060021168-0203-s_lc.fits
33419291,33,tess2020351194500-s0033-0000000033419291-0203-s_lc.fits
177310181,33,tess2020351194500-s0033-0000000177310181-0203-s_lc.fits
143107247,33,tess2020351194500-s0033-0000000143107247-0203-s_lc.fits
317716858,33,tess2020351194500-s0033-0000000317716858-0203-s_lc.fits
234879478,33,tess2020351194500-s0033-0000000234879478-0203-s_lc.fits
425217249,33,tess2020351194500-s0033-0000000425217249-0203-s_lc.fits
55652825,33,tess2020351194500-s0033-0000000055652825-0203-s_lc.fits
173143184,33,tess2020351194500-s0033-0000000173143184-0203-s_lc.fits
238024173,33,tess2020351194500-s0033-0000000238024173-0203-s_lc.fits
232183370,33,tess2020351194500-s0033-0000000232183370-0203-s_lc.fits
20179778,33,tess2020351194500-s0033-0000000020179778-0203-s_lc.fits
291306162,33,tess2020351194500-s0033-0000000291306162-0203-s_lc.fits
48519256,33,tess2020351194500-s0033-0000000048519256-0203-s_lc.fits
408927140,33,tess2020351194500-s0033-0000000408927140-0203-s_lc.fits
160352534,33,tess2020351194500-s0033-0000000160352534-0203-s_lc.fits
287355511,33,tess2020351194500-s0033-0000000287355511-0203-s_lc.fits
55293304,33,tess2020351194500-s0033-0000000055293304-0203-s_lc.fits
319615094,33,tess2020351194500-s0033-0000000319615094-0203-s_lc.fits
37385669,33,tess2020351194500-s0033-0000000037385669-0203-s_lc.fits
346314059,33,tess2020351194500-s0033-0000000346314059-0203-s_lc.fits
207272288,33,tess2020351194500-s0033-0000000207272288-0203-s_lc.fits
349412449,33,tess2020351194500-s0033-0000000349412449-0203-s_lc.fits
220116229,33,tess2020351194500-s0033-0000000220116229-0203-s_lc.fits
31180464,33,tess2020351194500-s0033-0000000031180464-0203-s_lc.fits
124937038,33,tess2020351194500-s0033-0000000124937038-0203-s_lc.fits
139544641,33,tess2020351194500-s0033-0000000139544641-0203-s_lc.fits
65138566,33,tess2020351194500-s0033-0000000065138566-0203-s_lc.fits
25115741,33,tess2020351194500-s0033-0000000025115741-0203-s_lc.fits
177039581,33,tess2020351194500-s0033-0000000177039581-0203-s_lc.fits
59543629,33,tess2020351194500-s0033-0000000059543629-0203-s_lc.fits
148885015,33,tess2020351194500-s0033-0000000148885015-0203-s_lc.fits
168435013,33,tess2020351194500-s0033-0000000168435013-0203-s_lc.fits
235405824,33,tess2020351194500-s0033-0000000235405824-0203-s_lc.fits
271812055,33,tess2020351194500-s0033-0000000271812055-0203-s_lc.fits
150272918,33,tess2020351194500-s0033-0000000150272918-0203-s_lc.fits
349765098,33,tess2020351194500-s0033-0000000349765098-0203-s_lc.fits
5199458,33,tess2020351194500-s0033-0000000005199458-0203-s_lc.fits
268699165,33,tess2020351194500-s0033-0000000268699165-0203-s_lc.fits
385814516,33,tess2020351194500-s0033-0000000385814516-0203-s_lc.fits
705613249,33,tess2020351194500-s0033-0000000705613249-0203-s_lc.fits
49243362,33,tess2020351194500-s0033-0000000049243362-0203-s_lc.fits
38030030,33,tess2020351194500-s0033-0000000038030030-0203-s_lc.fits
37605439,33,tess2020351194500-s0033-0000000037605439-0203-s_lc.fits
149176305,33,tess2020351194500-s0033-0000000149176305-0203-s_lc.fits
157008163,33,tess2020351194500-s0033-0000000157008163-0203-s_lc.fits
192797064,33,tess2020351194500-s0033-0000000192797064-0203-s_lc.fits
124414736,33,tess2020351194500-s0033-0000000124414736-0203-s_lc.fits
59648021,33,tess2020351194500-s0033-0000000059648021-0203-s_lc.fits
238896418,33,tess2020351194500-s0033-0000000238896418-0203-s_lc.fits
306633087,33,tess2020351194500-s0033-0000000306633087-0203-s_lc.fits
260371000,33,tess2020351194500-s0033-0000000260371000-0203-s_lc.fits
271554516,33,tess2020351194500-s0033-0000000271554516-0203-s_lc.fits
381979386,33,tess2020351194500-s0033-0000000381979386-0203-s_lc.fits
37995854,33,tess2020351194500-s0033-0000000037995854-0203-s_lc.fits
32931020,33,tess2020351194500-s0033-0000000032931020-0203-s_lc.fits
99151039,33,tess2020351194500-s0033-0000000099151039-0203-s_lc.fits
81746184,33,tess2020351194500-s0033-0000000081746184-0203-s_lc.fits
160349919,33,tess2020351194500-s0033-0000000160349919-0203-s_lc.fits
350091456,33,tess2020351194500-s0033-0000000350091456-0203-s_lc.fits
306824672,33,tess2020351194500-s0033-0000000306824672-0203-s_lc.fits
271696207,33,tess2020351194500-s0033-0000000271696207-0203-s_lc.fits
176763267,33,tess2020351194500-s0033-0000000176763267-0203-s_lc.fits
350954417,33,tess2020351194500-s0033-0000000350954417-0203-s_lc.fits
173042832,33,tess2020351194500-s0033-0000000173042832-0203-s_lc.fits
294205649,33,tess2020351194500-s0033-0000000294205649-0203-s_lc.fits
438513247,33,tess2020351194500-s0033-0000000438513247-0203-s_lc.fits
282403329,33,tess2020351194500-s0033-0000000282403329-0203-s_lc.fits
55272819,33,tess2020351194500-s0033-0000000055272819-0203-s_lc.fits
25156036,33,tess2020351194500-s0033-0000000025156036-0203-s_lc.fits
393414358,33,tess2020351194500-s0033-0000000393414358-0203-s_lc.fits
12161146,33,tess2020351194500-s0033-0000000012161146-0203-s_lc.fits
293228676,33,tess2020351194500-s0033-0000000293228676-0203-s_lc.fits
237956133,33,tess2020351194500-s0033-0000000237956133-0203-s_lc.fits
81842957,33,tess2020351194500-s0033-0000000081842957-0203-s_lc.fits
32032865,33,tess2020351194500-s0033-0000000032032865-0203-s_lc.fits
167674861,33,tess2020351194500-s0033-0000000167674861-0203-s_lc.fits
47586731,33,tess2020351194500-s0033-0000000047586731-0203-s_lc.fits
167808520,33,tess2020351194500-s0033-0000000167808520-0203-s_lc.fits
358460382,33,tess2020351194500-s0033-0000000358460382-0203-s_lc.fits
29759691,33,tess2020351194500-s0033-0000000029759691-0203-s_lc.fits
320745478,33,tess2020351194500-s0033-0000000320745478-0203-s_lc.fits
339635291,33,tess2020351194500-s0033-0000000339635291-0203-s_lc.fits
32051138,33,tess2020351194500-s0033-0000000032051138-0203-s_lc.fits
391925531,33,tess2020351194500-s0033-0000000391925531-0203-s_lc.fits
37441237,33,tess2020351194500-s0033-0000000037441237-0203-s_lc.fits
266158059,33,tess2020351194500-s0033-0000000266158059-0203-s_lc.fits
55650407,33,tess2020351194500-s0033-0000000055650407-0203-s_lc.fits
206948851,33,tess2020351194500-s0033-0000000206948851-0203-s_lc.fits
149630824,33,tess2020351194500-s0033-0000000149630824-0203-s_lc.fits
294396282,33,tess2020351194500-s0033-0000000294396282-0203-s_lc.fits
403732064,33,tess2020351194500-s0033-0000000403732064-0203-s_lc.fits
22729198,33,tess2020351194500-s0033-0000000022729198-0203-s_lc.fits
172927846,33,tess2020351194500-s0033-0000000172927846-0203-s_lc.fits
177017653,33,tess2020351194500-s0033-0000000177017653-0203-s_lc.fits
260542628,33,tess2020351194500-s0033-0000000260542628-0203-s_lc.fits
265457372,33,tess2020351194500-s0033-0000000265457372-0203-s_lc.fits
34265401,33,tess2020351194500-s0033-0000000034265401-0203-s_lc.fits
106614776,33,tess2020351194500-s0033-0000000106614776-0203-s_lc.fits
229294860,33,tess2020351194500-s0033-0000000229294860-0203-s_lc.fits
24608625,33,tess2020351194500-s0033-0000000024608625-0203-s_lc.fits
52961801,33,tess2020351194500-s0033-0000000052961801-0203-s_lc.fits
52924466,33,tess2020351194500-s0033-0000000052924466-0203-s_lc.fits
443128359,33,tess2020351194500-s0033-0000000443128359-0203-s_lc.fits
25080362,33,tess2020351194500-s0033-0000000025080362-0203-s_lc.fits
180972002,33,tess2020351194500-s0033-0000000180972002-0203-s_lc.fits
119518289,33,tess2020351194500-s0033-0000000119518289-0203-s_lc.fits
125265987,33,tess2020351194500-s0033-0000000125265987-0203-s_lc.fits
300971171,33,tess2020351194500-s0033-0000000300971171-0203-s_lc.fits
170364577,33,tess2020351194500-s0033-0000000170364577-0203-s_lc.fits
206654468,33,tess2020351194500-s0033-0000000206654468-0203-s_lc.fits
12165661,33,tess2020351194500-s0033-0000000012165661-0203-s_lc.fits
202185720,33,tess2020351194500-s0033-0000000202185720-0203-s_lc.fits
381977593,33,tess2020351194500-s0033-0000000381977593-0203-s_lc.fits
123545883,33,tess2020351194500-s0033-0000000123545883-0203-s_lc.fits
176453021,33,tess2020351194500-s0033-0000000176453021-0203-s_lc.fits
46641304,33,tess2020351194500-s0033-0000000046641304-0203-s_lc.fits
207242867,33,tess2020351194500-s0033-0000000207242867-0203-s_lc.fits
32762368,33,tess2020351194500-s0033-0000000032762368-0203-s_lc.fits
278992516,33,tess2020351194500-s0033-0000000278992516-0203-s_lc.fits
31189268,33,tess2020351194500-s0033-0000000031189268-0203-s_lc.fits
51894044,33,tess2020351194500-s0033-0000000051894044-0203-s_lc.fits
201426198,33,tess2020351194500-s0033-0000000201426198-0203-s_lc.fits
32761685,33,tess2020351194500-s0033-0000000032761685-0203-s_lc.fits
238950307,33,tess2020351194500-s0033-0000000238950307-0203-s_lc.fits
93280676,33,tess2020351194500-s0033-0000000093280676-0203-s_lc.fits
264236439,33,tess2020351194500-s0033-0000000264236439-0203-s_lc.fits
55780735,33,tess2020351194500-s0033-0000000055780735-0203-s_lc.fits
232276624,33,tess2020351194500-s0033-0000000232276624-0203-s_lc.fits
242249162,33,tess2020351194500-s0033-0000000242249162-0203-s_lc.fits
124812195,33,tess2020351194500-s0033-0000000124812195-0203-s_lc.fits
142019343,33,tess2020351194500-s0033-0000000142019343-0203-s_lc.fits
350342912,33,tess2020351194500-s0033-0000000350342912-0203-s_lc.fits
276935987,33,tess2020351194500-s0033-0000000276935987-0203-s_lc.fits
434316617,33,tess2020351194500-s0033-0000000434316617-0203-s_lc.fits
59620645,33,tess2020351194500-s0033-0000000059620645-0203-s_lc.fits
220420356,33,tess2020351194500-s0033-0000000220420356-0203-s_lc.fits
140450285,33,tess2020351194500-s0033-0000000140450285-0203-s_lc.fits
219180291,33,tess2020351194500-s0033-0000000219180291-0203-s_lc.fits
268772552,33,tess2020351194500-s0033-0000000268772552-0203-s_lc.fits
453095065,33,tess2020351194500-s0033-0000000453095065-0203-s_lc.fits
279425357,33,tess2020351194500-s0033-0000000279425357-0203-s_lc.fits
234151658,33,tess2020351194500-s0033-0000000234151658-0203-s_lc.fits
143143677,33,tess2020351194500-s0033-0000000143143677-0203-s_lc.fits
141827953,33,tess2020351194500-s0033-0000000141827953-0203-s_lc.fits
167110617,33,tess2020351194500-s0033-0000000167110617-0203-s_lc.fits
758608104,33,tess2020351194500-s0033-0000000758608104-0203-s_lc.fits
278730120,33,tess2020351194500-s0033-0000000278730120-0203-s_lc.fits
33515947,33,tess2020351194500-s0033-0000000033515947-0203-s_lc.fits
51997615,33,tess2020351194500-s0033-0000000051997615-0203-s_lc.fits
33880864,33,tess2020351194500-s0033-0000000033880864-0203-s_lc.fits
317485387,33,tess2020351194500-s0033-0000000317485387-0203-s_lc.fits
237530457,33,tess2020351194500-s0033-0000000237530457-0203-s_lc.fits
712250918,33,tess2020351194500-s0033-0000000712250918-0203-s_lc.fits
24608851,33,tess2020351194500-s0033-0000000024608851-0203-s_lc.fits
41587424,33,tess2020351194500-s0033-0000000041587424-0203-s_lc.fits
283205479,33,tess2020351194500-s0033-0000000283205479-0203-s_lc.fits
650349500,33,tess2020351194500-s0033-0000000650349500-0203-s_lc.fits
278291931,33,tess2020351194500-s0033-0000000278291931-0203-s_lc.fits
124199788,33,tess2020351194500-s0033-0000000124199788-0203-s_lc.fits
284029158,33,tess2020351194500-s0033-0000000284029158-0203-s_lc.fits
294392274,33,tess2020351194500-s0033-0000000294392274-0203-s_lc.fits
100609857,33,tess2020351194500-s0033-0000000100609857-0203-s_lc.fits
270573806,33,tess2020351194500-s0033-0000000270573806-0203-s_lc.fits
232033454,33,tess2020351194500-s0033-0000000232033454-0203-s_lc.fits
157533809,33,tess2020351194500-s0033-0000000157533809-0203-s_lc.fits
167524552,33,tess2020351194500-s0033-0000000167524552-0203-s_lc.fits
22867419,33,tess2020351194500-s0033-0000000022867419-0203-s_lc.fits
38905538,33,tess2020351194500-s0033-0000000038905538-0203-s_lc.fits
434367736,33,tess2020351194500-s0033-0000000434367736-0203-s_lc.fits
144499303,33,tess2020351194500-s0033-0000000144499303-0203-s_lc.fits
149420896,33,tess2020351194500-s0033-0000000149420896-0203-s_lc.fits
260506296,33,tess2020351194500-s0033-0000000260506296-0203-s_lc.fits
247904115,33,tess2020351194500-s0033-0000000247904115-0203-s_lc.fits
140283993,33,tess2020351194500-s0033-0000000140283993-0203-s_lc.fits
734548585,33,tess2020351194500-s0033-0000000734548585-0203-s_lc.fits
134310058,33,tess2020351194500-s0033-0000000134310058-0203-s_lc.fits
53746565,33,tess2020351194500-s0033-0000000053746565-0203-s_lc.fits
291555748,33,tess2020351194500-s0033-0000000291555748-0203-s_lc.fits
31999341,33,tess2020351194500-s0033-0000000031999341-0203-s_lc.fits
167526213,33,tess2020351194500-s0033-0000000167526213-0203-s_lc.fits
264228539,33,tess2020351194500-s0033-0000000264228539-0203-s_lc.fits
220428894,33,tess2020351194500-s0033-0000000220428894-0203-s_lc.fits
150320456,33,tess2020351194500-s0033-0000000150320456-0203-s_lc.fits
238156698,33,tess2020351194500-s0033-0000000238156698-0203-s_lc.fits
55478102,33,tess2020351194500-s0033-0000000055478102-0203-s_lc.fits
350028512,33,tess2020351194500-s0033-0000000350028512-0203-s_lc.fits
32154146,33,tess2020351194500-s0033-0000000032154146-0203-s_lc.fits
66562630,33,tess2020351194500-s0033-0000000066562630-0203-s_lc.fits
33770579,33,tess2020351194500-s0033-0000000033770579-0203-s_lc.fits
294048564,33,tess2020351194500-s0033-0000000294048564-0203-s_lc.fits
471015269,33,tess2020351194500-s0033-0000000471015269-0203-s_lc.fits
220472064,33,tess2020351194500-s0033-0000000220472064-0203-s_lc.fits
350840907,33,tess2020351194500-s0033-0000000350840907-0203-s_lc.fits
237538086,33,tess2020351194500-s0033-0000000237538086-0203-s_lc.fits
156911232,33,tess2020351194500-s0033-0000000156911232-0203-s_lc.fits
711366839,33,tess2020351194500-s0033-0000000711366839-0203-s_lc.fits
72579989,33,tess2020351194500-s0033-0000000072579989-0203-s_lc.fits
165211578,33,tess2020351194500-s0033-0000000165211578-0203-s_lc.fits
348899935,33,tess2020351194500-s0033-0000000348899935-0203-s_lc.fits
97806804,33,tess2020351194500-s0033-0000000097806804-0203-s_lc.fits
232037861,33,tess2020351194500-s0033-0000000232037861-0203-s_lc.fits
124854318,33,tess2020351194500-s0033-0000000124854318-0203-s_lc.fits
344028041,33,tess2020351194500-s0033-0000000344028041-0203-s_lc.fits
156843592,33,tess2020351194500-s0033-0000000156843592-0203-s_lc.fits
96861698,33,tess2020351194500-s0033-0000000096861698-0203-s_lc.fits
158091111,33,tess2020351194500-s0033-0000000158091111-0203-s_lc.fits
279317755,33,tess2020351194500-s0033-0000000279317755-0203-s_lc.fits
443507234,33,tess2020351194500-s0033-0000000443507234-0203-s_lc.fits
291407403,33,tess2020351194500-s0033-0000000291407403-0203-s_lc.fits
260420562,33,tess2020351194500-s0033-0000000260420562-0203-s_lc.fits
14714213,33,tess2020351194500-s0033-0000000014714213-0203-s_lc.fits
282052195,33,tess2020351194500-s0033-0000000282052195-0203-s_lc.fits
60144066,33,tess2020351194500-s0033-0000000060144066-0203-s_lc.fits
167570613,33,tess2020351194500-s0033-0000000167570613-0203-s_lc.fits
53600784,33,tess2020351194500-s0033-0000000053600784-0203-s_lc.fits
88921773,33,tess2020351194500-s0033-0000000088921773-0203-s_lc.fits
445062554,33,tess2020351194500-s0033-0000000445062554-0203-s_lc.fits
170102928,33,tess2020351194500-s0033-0000000170102928-0203-s_lc.fits
5051420,33,tess2020351194500-s0033-0000000005051420-0203-s_lc.fits
260506435,33,tess2020351194500-s0033-0000000260506435-0203-s_lc.fits
355408526,33,tess2020351194500-s0033-0000000355408526-0203-s_lc.fits
201424847,33,tess2020351194500-s0033-0000000201424847-0203-s_lc.fits
287638396,33,tess2020351194500-s0033-0000000287638396-0203-s_lc.fits
299553150,33,tess2020351194500-s0033-0000000299553150-0203-s_lc.fits
142408273,33,tess2020351194500-s0033-0000000142408273-0203-s_lc.fits
235060344,33,tess2020351194500-s0033-0000000235060344-0203-s_lc.fits
284493731,33,tess2020351194500-s0033-0000000284493731-0203-s_lc.fits
350342601,33,tess2020351194500-s0033-0000000350342601-0203-s_lc.fits
767130083,33,tess2020351194500-s0033-0000000767130083-0203-s_lc.fits
220615408,33,tess2020351194500-s0033-0000000220615408-0203-s_lc.fits
282210766,33,tess2020351194500-s0033-0000000282210766-0203-s_lc.fits
281721588,33,tess2020351194500-s0033-0000000281721588-0203-s_lc.fits
293970644,33,tess2020351194500-s0033-0000000293970644-0203-s_lc.fits
153546196,33,tess2020351194500-s0033-0000000153546196-0203-s_lc.fits
40515236,33,tess2020351194500-s0033-0000000040515236-0203-s_lc.fits
294120426,33,tess2020351194500-s0033-0000000294120426-0203-s_lc.fits
234834221,33,tess2020351194500-s0033-0000000234834221-0203-s_lc.fits
35483735,33,tess2020351194500-s0033-0000000035483735-0203-s_lc.fits
340008826,33,tess2020351194500-s0033-0000000340008826-0203-s_lc.fits
333047111,33,tess2020351194500-s0033-0000000333047111-0203-s_lc.fits
63580579,33,tess2020351194500-s0033-0000000063580579-0203-s_lc.fits
219419279,33,tess2020351194500-s0033-0000000219419279-0203-s_lc.fits
141270589,33,tess2020351194500-s0033-0000000141270589-0203-s_lc.fits
445941858,33,tess2020351194500-s0033-0000000445941858-0203-s_lc.fits
31019475,33,tess2020351194500-s0033-0000000031019475-0203-s_lc.fits
124035288,33,tess2020351194500-s0033-0000000124035288-0203-s_lc.fits
280114721,33,tess2020351194500-s0033-0000000280114721-0203-s_lc.fits
235388667,33,tess2020351194500-s0033-0000000235388667-0203-s_lc.fits
276864691,33,tess2020351194500-s0033-0000000276864691-0203-s_lc.fits
452375339,33,tess2020351194500-s0033-0000000452375339-0203-s_lc.fits
520915098,33,tess2020351194500-s0033-0000000520915098-0203-s_lc.fits
140342193,33,tess2020351194500-s0033-0000000140342193-0203-s_lc.fits
149347992,33,tess2020351194500-s0033-0000000149347992-0203-s_lc.fits
24461773,33,tess2020351194500-s0033-0000000024461773-0203-s_lc.fits
141608198,33,tess2020351194500-s0033-0000000141608198-0203-s_lc.fits
291332069,33,tess2020351194500-s0033-0000000291332069-0203-s_lc.fits
287324868,33,tess2020351194500-s0033-0000000287324868-0203-s_lc.fits
167208380,33,tess2020351194500-s0033-0000000167208380-0203-s_lc.fits
20232699,33,tess2020351194500-s0033-0000000020232699-0203-s_lc.fits
370228189,33,tess2020351194500-s0033-0000000370228189-0203-s_lc.fits
149155198,33,tess2020351194500-s0033-0000000149155198-0203-s_lc.fits
33090002,33,tess2020351194500-s0033-0000000033090002-0203-s_lc.fits
287533413,33,tess2020351194500-s0033-0000000287533413-0203-s_lc.fits
261827105,33,tess2020351194500-s0033-0000000261827105-0203-s_lc.fits
765434315,33,tess2020351194500-s0033-0000000765434315-0203-s_lc.fits
272285267,33,tess2020351194500-s0033-0000000272285267-0203-s_lc.fits
39423075,33,tess2020351194500-s0033-0000000039423075-0203-s_lc.fits
42565489,33,tess2020351194500-s0033-0000000042565489-0203-s_lc.fits
242128062,33,tess2020351194500-s0033-0000000242128062-0203-s_lc.fits
238201672,33,tess2020351194500-s0033-0000000238201672-0203-s_lc.fits
118715487,33,tess2020351194500-s0033-0000000118715487-0203-s_lc.fits
157042234,33,tess2020351194500-s0033-0000000157042234-0203-s_lc.fits
237635371,33,tess2020351194500-s0033-0000000237635371-0203-s_lc.fits
140336910,33,tess2020351194500-s0033-0000000140336910-0203-s_lc.fits
14672694,33,tess2020351194500-s0033-0000000014672694-0203-s_lc.fits
735048592,33,tess2020351194500-s0033-0000000735048592-0203-s_lc.fits
176936806,33,tess2020351194500-s0033-0000000176936806-0203-s_lc.fits
142017278,33,tess2020351194500-s0033-0000000142017278-0203-s_lc.fits
168337112,33,tess2020351194500-s0033-0000000168337112-0203-s_lc.fits
95249848,33,tess2020351194500-s0033-0000000095249848-0203-s_lc.fits
293224824,33,tess2020351194500-s0033-0000000293224824-0203-s_lc.fits
237606558,33,tess2020351194500-s0033-0000000237606558-0203-s_lc.fits
299462790,33,tess2020351194500-s0033-0000000299462790-0203-s_lc.fits
119494489,33,tess2020351194500-s0033-0000000119494489-0203-s_lc.fits
24397947,33,tess2020351194500-s0033-0000000024397947-0203-s_lc.fits
350335082,33,tess2020351194500-s0033-0000000350335082-0203-s_lc.fits
49244384,33,tess2020351194500-s0033-0000000049244384-0203-s_lc.fits
445952305,33,tess2020351194500-s0033-0000000445952305-0203-s_lc.fits
219410162,33,tess2020351194500-s0033-0000000219410162-0203-s_lc.fits
382269606,33,tess2020351194500-s0033-0000000382269606-0203-s_lc.fits
235169427,33,tess2020351194500-s0033-0000000235169427-0203-s_lc.fits
52905134,33,tess2020351194500-s0033-0000000052905134-0203-s_lc.fits
260355291,33,tess2020351194500-s0033-0000000260355291-0203-s_lc.fits
38760904,33,tess2020351194500-s0033-0000000038760904-0203-s_lc.fits
445457379,33,tess2020351194500-s0033-0000000445457379-0203-s_lc.fits
306331621,33,tess2020351194500-s0033-0000000306331621-0203-s_lc.fits
119942253,33,tess2020351194500-s0033-0000000119942253-0203-s_lc.fits
102450582,33,tess2020351194500-s0033-0000000102450582-0203-s_lc.fits
42643024,33,tess2020351194500-s0033-0000000042643024-0203-s_lc.fits
151291715,33,tess2020351194500-s0033-0000000151291715-0203-s_lc.fits
301387697,33,tess2020351194500-s0033-0000000301387697-0203-s_lc.fits
375093047,33,tess2020351194500-s0033-0000000375093047-0203-s_lc.fits
192789928,33,tess2020351194500-s0033-0000000192789928-0203-s_lc.fits
461705987,33,tess2020351194500-s0033-0000000461705987-0203-s_lc.fits
150437346,33,tess2020351194500-s0033-0000000150437346-0203-s_lc.fits
258985679,33,tess2020351194500-s0033-0000000258985679-0203-s_lc.fits
263580408,33,tess2020351194500-s0033-0000000263580408-0203-s_lc.fits
158759518,33,tess2020351194500-s0033-0000000158759518-0203-s_lc.fits
263804743,33,tess2020351194500-s0033-0000000263804743-0203-s_lc.fits
31780015,33,tess2020351194500-s0033-0000000031780015-0203-s_lc.fits
349309552,33,tess2020351194500-s0033-0000000349309552-0203-s_lc.fits
220411510,33,tess2020351194500-s0033-0000000220411510-0203-s_lc.fits
47497782,33,tess2020351194500-s0033-0000000047497782-0203-s_lc.fits
59545062,33,tess2020351194500-s0033-0000000059545062-0203-s_lc.fits
12229048,33,tess2020351194500-s0033-0000000012229048-0203-s_lc.fits
124230361,33,tess2020351194500-s0033-0000000124230361-0203-s_lc.fits
220613852,33,tess2020351194500-s0033-0000000220613852-0203-s_lc.fits
765561437,33,tess2020351194500-s0033-0000000765561437-0203-s_lc.fits
59547736,33,tess2020351194500-s0033-0000000059547736-0203-s_lc.fits
382188816,33,tess2020351194500-s0033-0000000382188816-0203-s_lc.fits
179236213,33,tess2020351194500-s0033-0000000179236213-0203-s_lc.fits
300009621,33,tess2020351194500-s0033-0000000300009621-0203-s_lc.fits
268978573,33,tess2020351194500-s0033-0000000268978573-0203-s_lc.fits
141770592,33,tess2020351194500-s0033-0000000141770592-0203-s_lc.fits
55760351,33,tess2020351194500-s0033-0000000055760351-0203-s_lc.fits
149101226,33,tess2020351194500-s0033-0000000149101226-0203-s_lc.fits
407701239,33,tess2020351194500-s0033-0000000407701239-0203-s_lc.fits
372609949,33,tess2020351194500-s0033-0000000372609949-0203-s_lc.fits
51995432,33,tess2020351194500-s0033-0000000051995432-0203-s_lc.fits
149574386,33,tess2020351194500-s0033-0000000149574386-0203-s_lc.fits
279214104,33,tess2020351194500-s0033-0000000279214104-0203-s_lc.fits
178167557,33,tess2020351194500-s0033-0000000178167557-0203-s_lc.fits
314866254,33,tess2020351194500-s0033-0000000314866254-0203-s_lc.fits
301282888,33,tess2020351194500-s0033-0000000301282888-0203-s_lc.fits
160379154,33,tess2020351194500-s0033-0000000160379154-0203-s_lc.fits
120612927,33,tess2020351194500-s0033-0000000120612927-0203-s_lc.fits
91519354,33,tess2020351194500-s0033-0000000091519354-0203-s_lc.fits
7417615,33,tess2020351194500-s0033-0000000007417615-0203-s_lc.fits
134431639,33,tess2020351194500-s0033-0000000134431639-0203-s_lc.fits
220429428,33,tess2020351194500-s0033-0000000220429428-0203-s_lc.fits
22530255,33,tess2020351194500-s0033-0000000022530255-0203-s_lc.fits
39579360,33,tess2020351194500-s0033-0000000039579360-0203-s_lc.fits
438002395,33,tess2020351194500-s0033-0000000438002395-0203-s_lc.fits
96392182,33,tess2020351194500-s0033-0000000096392182-0203-s_lc.fits
279430808,33,tess2020351194500-s0033-0000000279430808-0203-s_lc.fits
251163244,33,tess2020351194500-s0033-0000000251163244-0203-s_lc.fits
300744172,33,tess2020351194500-s0033-0000000300744172-0203-s_lc.fits
55497281,33,tess2020351194500-s0033-0000000055497281-0203-s_lc.fits
306933461,33,tess2020351194500-s0033-0000000306933461-0203-s_lc.fits
30112276,33,tess2020351194500-s0033-0000000030112276-0203-s_lc.fits
284025840,33,tess2020351194500-s0033-0000000284025840-0203-s_lc.fits
143177769,33,tess2020351194500-s0033-0000000143177769-0203-s_lc.fits
21538623,33,tess2020351194500-s0033-0000000021538623-0203-s_lc.fits
7465485,33,tess2020351194500-s0033-0000000007465485-0203-s_lc.fits
350930008,33,tess2020351194500-s0033-0000000350930008-0203-s_lc.fits
272233699,33,tess2020351194500-s0033-0000000272233699-0203-s_lc.fits
159028275,33,tess2020351194500-s0033-0000000159028275-0203-s_lc.fits
436423162,33,tess2020351194500-s0033-0000000436423162-0203-s_lc.fits
229168129,33,tess2020351194500-s0033-0000000229168129-0203-s_lc.fits
260419882,33,tess2020351194500-s0033-0000000260419882-0203-s_lc.fits
237843629,33,tess2020351194500-s0033-0000000237843629-0203-s_lc.fits
91776702,33,tess2020351194500-s0033-0000000091776702-0203-s_lc.fits
179438938,33,tess2020351194500-s0033-0000000179438938-0203-s_lc.fits
71513550,33,tess2020351194500-s0033-0000000071513550-0203-s_lc.fits
99611630,33,tess2020351194500-s0033-0000000099611630-0203-s_lc.fits
234269785,33,tess2020351194500-s0033-0000000234269785-0203-s_lc.fits
268563575,33,tess2020351194500-s0033-0000000268563575-0203-s_lc.fits
274235097,33,tess2020351194500-s0033-0000000274235097-0203-s_lc.fits
219150432,33,tess2020351194500-s0033-0000000219150432-0203-s_lc.fits
408931340,33,tess2020351194500-s0033-0000000408931340-0203-s_lc.fits
140664260,33,tess2020351194500-s0033-0000000140664260-0203-s_lc.fits
167005481,33,tess2020351194500-s0033-0000000167005481-0203-s_lc.fits
293929714,33,tess2020351194500-s0033-0000000293929714-0203-s_lc.fits
247914988,33,tess2020351194500-s0033-0000000247914988-0203-s_lc.fits
100289626,33,tess2020351194500-s0033-0000000100289626-0203-s_lc.fits
65698532,33,tess2020351194500-s0033-0000000065698532-0203-s_lc.fits
180972066,33,tess2020351194500-s0033-0000000180972066-0203-s_lc.fits
63570980,33,tess2020351194500-s0033-0000000063570980-0203-s_lc.fits
370227982,33,tess2020351194500-s0033-0000000370227982-0203-s_lc.fits
257720189,33,tess2020351194500-s0033-0000000257720189-0203-s_lc.fits
106830354,33,tess2020351194500-s0033-0000000106830354-0203-s_lc.fits
166926293,33,tess2020351194500-s0033-0000000166926293-0203-s_lc.fits
232151391,33,tess2020351194500-s0033-0000000232151391-0203-s_lc.fits
118935768,33,tess2020351194500-s0033-0000000118935768-0203-s_lc.fits
369592682,33,tess2020351194500-s0033-0000000369592682-0203-s_lc.fits
52391659,33,tess2020351194500-s0033-0000000052391659-0203-s_lc.fits
124313332,33,tess2020351194500-s0033-0000000124313332-0203-s_lc.fits
97500127,33,tess2020351194500-s0033-0000000097500127-0203-s_lc.fits
235341668,33,tess2020351194500-s0033-0000000235341668-0203-s_lc.fits
32034867,33,tess2020351194500-s0033-0000000032034867-0203-s_lc.fits
34935757,33,tess2020351194500-s0033-0000000034935757-0203-s_lc.fits
60238076,33,tess2020351194500-s0033-0000000060238076-0203-s_lc.fits
318894823,33,tess2020351194500-s0033-0000000318894823-0203-s_lc.fits
319861904,33,tess2020351194500-s0033-0000000319861904-0203-s_lc.fits
219169728,33,tess2020351194500-s0033-0000000219169728-0203-s_lc.fits
317879913,33,tess2020351194500-s0033-0000000317879913-0203-s_lc.fits
33880674,33,tess2020351194500-s0033-0000000033880674-0203-s_lc.fits
35577522,33,tess2020351194500-s0033-0000000035577522-0203-s_lc.fits
284659160,33,tess2020351194500-s0033-0000000284659160-0203-s_lc.fits
61492170,33,tess2020351194500-s0033-0000000061492170-0203-s_lc.fits
130475395,33,tess2020351194500-s0033-0000000130475395-0203-s_lc.fits
130475380,33,tess2020351194500-s0033-0000000130475380-0203-s_lc.fits
317721019,33,tess2020351194500-s0033-0000000317721019-0203-s_lc.fits
295277613,33,tess2020351194500-s0033-0000000295277613-0203-s_lc.fits
29992291,33,tess2020351194500-s0033-0000000029992291-0203-s_lc.fits
41331819,33,tess2020351194500-s0033-0000000041331819-0203-s_lc.fits
80464715,33,tess2020351194500-s0033-0000000080464715-0203-s_lc.fits
149479510,33,tess2020351194500-s0033-0000000149479510-0203-s_lc.fits
284333315,33,tess2020351194500-s0033-0000000284333315-0203-s_lc.fits
346642457,33,tess2020351194500-s0033-0000000346642457-0203-s_lc.fits
177386783,33,tess2020351194500-s0033-0000000177386783-0203-s_lc.fits
142667952,33,tess2020351194500-s0033-0000000142667952-0203-s_lc.fits
93281132,33,tess2020351194500-s0033-0000000093281132-0203-s_lc.fits
150429481,33,tess2020351194500-s0033-0000000150429481-0203-s_lc.fits
238126739,33,tess2020351194500-s0033-0000000238126739-0203-s_lc.fits
150270977,33,tess2020351194500-s0033-0000000150270977-0203-s_lc.fits
31945773,33,tess2020351194500-s0033-0000000031945773-0203-s_lc.fits
260271591,33,tess2020351194500-s0033-0000000260271591-0203-s_lc.fits
149930471,33,tess2020351194500-s0033-0000000149930471-0203-s_lc.fits
80036886,33,tess2020351194500-s0033-0000000080036886-0203-s_lc.fits
98479862,33,tess2020351194500-s0033-0000000098479862-0203-s_lc.fits
260356437,33,tess2020351194500-s0033-0000000260356437-0203-s_lc.fits
438152914,33,tess2020351194500-s0033-0000000438152914-0203-s_lc.fits
355452003,33,tess2020351194500-s0033-0000000355452003-0203-s_lc.fits
150165657,33,tess2020351194500-s0033-0000000150165657-0203-s_lc.fits
317764042,33,tess2020351194500-s0033-0000000317764042-0203-s_lc.fits
124384362,33,tess2020351194500-s0033-0000000124384362-0203-s_lc.fits
231726317,33,tess2020351194500-s0033-0000000231726317-0203-s_lc.fits
95332091,33,tess2020351194500-s0033-0000000095332091-0203-s_lc.fits
317090756,33,tess2020351194500-s0033-0000000317090756-0203-s_lc.fits
279250890,33,tess2020351194500-s0033-0000000279250890-0203-s_lc.fits
43145796,33,tess2020351194500-s0033-0000000043145796-0203-s_lc.fits
37770169,33,tess2020351194500-s0033-0000000037770169-0203-s_lc.fits
149987940,33,tess2020351194500-s0033-0000000149987940-0203-s_lc.fits
290044434,33,tess2020351194500-s0033-0000000290044434-0203-s_lc.fits
65401698,33,tess2020351194500-s0033-0000000065401698-0203-s_lc.fits
220458085,33,tess2020351194500-s0033-0000000220458085-0203-s_lc.fits
120266216,33,tess2020351194500-s0033-0000000120266216-0203-s_lc.fits
167745775,33,tess2020351194500-s0033-0000000167745775-0203-s_lc.fits
97844233,33,tess2020351194500-s0033-0000000097844233-0203-s_lc.fits
294156342,33,tess2020351194500-s0033-0000000294156342-0203-s_lc.fits
93244723,33,tess2020351194500-s0033-0000000093244723-0203-s_lc.fits
149178462,33,tess2020351194500-s0033-0000000149178462-0203-s_lc.fits
443552850,33,tess2020351194500-s0033-0000000443552850-0203-s_lc.fits
391925969,33,tess2020351194500-s0033-0000000391925969-0203-s_lc.fits
53601817,33,tess2020351194500-s0033-0000000053601817-0203-s_lc.fits
30631332,33,tess2020351194500-s0033-0000000030631332-0203-s_lc.fits
255616528,33,tess2020351194500-s0033-0000000255616528-0203-s_lc.fits
260270161,33,tess2020351194500-s0033-0000000260270161-0203-s_lc.fits
111315618,33,tess2020351194500-s0033-0000000111315618-0203-s_lc.fits
300013489,33,tess2020351194500-s0033-0000000300013489-0203-s_lc.fits
20231817,33,tess2020351194500-s0033-0000000020231817-0203-s_lc.fits
10831085,33,tess2020351194500-s0033-0000000010831085-0203-s_lc.fits
55366186,33,tess2020351194500-s0033-0000000055366186-0203-s_lc.fits
706721866,33,tess2020351194500-s0033-0000000706721866-0203-s_lc.fits
279321479,33,tess2020351194500-s0033-0000000279321479-0203-s_lc.fits
147306958,33,tess2020351194500-s0033-0000000147306958-0203-s_lc.fits
282107471,33,tess2020351194500-s0033-0000000282107471-0203-s_lc.fits
206727860,33,tess2020351194500-s0033-0000000206727860-0203-s_lc.fits
36009949,33,tess2020351194500-s0033-0000000036009949-0203-s_lc.fits
37878303,33,tess2020351194500-s0033-0000000037878303-0203-s_lc.fits
93240259,33,tess2020351194500-s0033-0000000093240259-0203-s_lc.fits
231075447,33,tess2020351194500-s0033-0000000231075447-0203-s_lc.fits
219425473,33,tess2020351194500-s0033-0000000219425473-0203-s_lc.fits
219210060,33,tess2020351194500-s0033-0000000219210060-0203-s_lc.fits
231206580,33,tess2020351194500-s0033-0000000231206580-0203-s_lc.fits
260505542,33,tess2020351194500-s0033-0000000260505542-0203-s_lc.fits
97421723,33,tess2020351194500-s0033-0000000097421723-0203-s_lc.fits
55296811,33,tess2020351194500-s0033-0000000055296811-0203-s_lc.fits
144518675,33,tess2020351194500-s0033-0000000144518675-0203-s_lc.fits
93239342,33,tess2020351194500-s0033-0000000093239342-0203-s_lc.fits
294153481,33,tess2020351194500-s0033-0000000294153481-0203-s_lc.fits
231122278,33,tess2020351194500-s0033-0000000231122278-0203-s_lc.fits
292952431,33,tess2020351194500-s0033-0000000292952431-0203-s_lc.fits
36216336,33,tess2020351194500-s0033-0000000036216336-0203-s_lc.fits
64365035,33,tess2020351194500-s0033-0000000064365035-0203-s_lc.fits
296070953,33,tess2020351194500-s0033-0000000296070953-0203-s_lc.fits
404804908,33,tess2020351194500-s0033-0000000404804908-0203-s_lc.fits
232025086,33,tess2020351194500-s0033-0000000232025086-0203-s_lc.fits
63954415,33,tess2020351194500-s0033-0000000063954415-0203-s_lc.fits
453095415,33,tess2020351194500-s0033-0000000453095415-0203-s_lc.fits
235264117,33,tess2020351194500-s0033-0000000235264117-0203-s_lc.fits
270810281,33,tess2020351194500-s0033-0000000270810281-0203-s_lc.fits
270574544,33,tess2020351194500-s0033-0000000270574544-0203-s_lc.fits
282387411,33,tess2020351194500-s0033-0000000282387411-0203-s_lc.fits
55849580,33,tess2020351194500-s0033-0000000055849580-0203-s_lc.fits
201390464,33,tess2020351194500-s0033-0000000201390464-0203-s_lc.fits
247949930,33,tess2020351194500-s0033-0000000247949930-0203-s_lc.fits
123672203,33,tess2020351194500-s0033-0000000123672203-0203-s_lc.fits
160330452,33,tess2020351194500-s0033-0000000160330452-0203-s_lc.fits
320132697,33,tess2020351194500-s0033-0000000320132697-0203-s_lc.fits
350297677,33,tess2020351194500-s0033-0000000350297677-0203-s_lc.fits
148044670,33,tess2020351194500-s0033-0000000148044670-0203-s_lc.fits
192852702,33,tess2020351194500-s0033-0000000192852702-0203-s_lc.fits
153492111,33,tess2020351194500-s0033-0000000153492111-0203-s_lc.fits
12039221,33,tess2020351194500-s0033-0000000012039221-0203-s_lc.fits
300603045,33,tess2020351194500-s0033-0000000300603045-0203-s_lc.fits
358459324,33,tess2020351194500-s0033-0000000358459324-0203-s_lc.fits
300653681,33,tess2020351194500-s0033-0000000300653681-0203-s_lc.fits
155535345,33,tess2020351194500-s0033-0000000155535345-0203-s_lc.fits
242250349,33,tess2020351194500-s0033-0000000242250349-0203-s_lc.fits
124079306,33,tess2020351194500-s0033-0000000124079306-0203-s_lc.fits
32001054,33,tess2020351194500-s0033-0000000032001054-0203-s_lc.fits
176453870,33,tess2020351194500-s0033-0000000176453870-0203-s_lc.fits
300157797,33,tess2020351194500-s0033-0000000300157797-0203-s_lc.fits
98219693,33,tess2020351194500-s0033-0000000098219693-0203-s_lc.fits
201508515,33,tess2020351194500-s0033-0000000201508515-0203-s_lc.fits
142087638,33,tess2020351194500-s0033-0000000142087638-0203-s_lc.fits
100391731,33,tess2020351194500-s0033-0000000100391731-0203-s_lc.fits
39220492,33,tess2020351194500-s0033-0000000039220492-0203-s_lc.fits
443543395,33,tess2020351194500-s0033-0000000443543395-0203-s_lc.fits
53590597,33,tess2020351194500-s0033-0000000053590597-0203-s_lc.fits
10170989,33,tess2020351194500-s0033-0000000010170989-0203-s_lc.fits
355221036,33,tess2020351194500-s0033-0000000355221036-0203-s_lc.fits
238128131,33,tess2020351194500-s0033-0000000238128131-0203-s_lc.fits
53748708,33,tess2020351194500-s0033-0000000053748708-0203-s_lc.fits
317094079,33,tess2020351194500-s0033-0000000317094079-0203-s_lc.fits
255587350,33,tess2020351194500-s0033-0000000255587350-0203-s_lc.fits
22643983,33,tess2020351194500-s0033-0000000022643983-0203-s_lc.fits
282347382,33,tess2020351194500-s0033-0000000282347382-0203-s_lc.fits
706159421,33,tess2020351194500-s0033-0000000706159421-0203-s_lc.fits
143142906,33,tess2020351194500-s0033-0000000143142906-0203-s_lc.fits
61760420,33,tess2020351194500-s0033-0000000061760420-0203-s_lc.fits
279157429,33,tess2020351194500-s0033-0000000279157429-0203-s_lc.fits
284503285,33,tess2020351194500-s0033-0000000284503285-0203-s_lc.fits
53409627,33,tess2020351194500-s0033-0000000053409627-0203-s_lc.fits
48096399,33,tess2020351194500-s0033-0000000048096399-0203-s_lc.fits
299898024,33,tess2020351194500-s0033-0000000299898024-0203-s_lc.fits
339633702,33,tess2020351194500-s0033-0000000339633702-0203-s_lc.fits
393268628,33,tess2020351194500-s0033-0000000393268628-0203-s_lc.fits
237449305,33,tess2020351194500-s0033-0000000237449305-0203-s_lc.fits
178749714,33,tess2020351194500-s0033-0000000178749714-0203-s_lc.fits
21716501,33,tess2020351194500-s0033-0000000021716501-0203-s_lc.fits
453856042,33,tess2020351194500-s0033-0000000453856042-0203-s_lc.fits
283096149,33,tess2020351194500-s0033-0000000283096149-0203-s_lc.fits
167113396,33,tess2020351194500-s0033-0000000167113396-0203-s_lc.fits
124983667,33,tess2020351194500-s0033-0000000124983667-0203-s_lc.fits
319614743,33,tess2020351194500-s0033-0000000319614743-0203-s_lc.fits
220479121,33,tess2020351194500-s0033-0000000220479121-0203-s_lc.fits
219426597,33,tess2020351194500-s0033-0000000219426597-0203-s_lc.fits
142051349,33,tess2020351194500-s0033-0000000142051349-0203-s_lc.fits
180946515,33,tess2020351194500-s0033-0000000180946515-0203-s_lc.fits
234760349,33,tess2020351194500-s0033-0000000234760349-0203-s_lc.fits
177170648,33,tess2020351194500-s0033-0000000177170648-0203-s_lc.fits
7445600,33,tess2020351194500-s0033-0000000007445600-0203-s_lc.fits
437937601,33,tess2020351194500-s0033-0000000437937601-0203-s_lc.fits
292449294,33,tess2020351194500-s0033-0000000292449294-0203-s_lc.fits
158068117,33,tess2020351194500-s0033-0000000158068117-0203-s_lc.fits
261950524,33,tess2020351194500-s0033-0000000261950524-0203-s_lc.fits
264313563,33,tess2020351194500-s0033-0000000264313563-0203-s_lc.fits
99423083,33,tess2020351194500-s0033-0000000099423083-0203-s_lc.fits
23087068,33,tess2020351194500-s0033-0000000023087068-0203-s_lc.fits
170275692,33,tess2020351194500-s0033-0000000170275692-0203-s_lc.fits
238036875,33,tess2020351194500-s0033-0000000238036875-0203-s_lc.fits
150442202,33,tess2020351194500-s0033-0000000150442202-0203-s_lc.fits
270978826,33,tess2020351194500-s0033-0000000270978826-0203-s_lc.fits
219415853,33,tess2020351194500-s0033-0000000219415853-0203-s_lc.fits
299469505,33,tess2020351194500-s0033-0000000299469505-0203-s_lc.fits
354552931,33,tess2020351194500-s0033-0000000354552931-0203-s_lc.fits
97840108,33,tess2020351194500-s0033-0000000097840108-0203-s_lc.fits
317704702,33,tess2020351194500-s0033-0000000317704702-0203-s_lc.fits
445260885,33,tess2020351194500-s0033-0000000445260885-0203-s_lc.fits
317604897,33,tess2020351194500-s0033-0000000317604897-0203-s_lc.fits
271725271,33,tess2020351194500-s0033-0000000271725271-0203-s_lc.fits
278861774,33,tess2020351194500-s0033-0000000278861774-0203-s_lc.fits
382244430,33,tess2020351194500-s0033-0000000382244430-0203-s_lc.fits
265080539,33,tess2020351194500-s0033-0000000265080539-0203-s_lc.fits
284195833,33,tess2020351194500-s0033-0000000284195833-0203-s_lc.fits
156806712,33,tess2020351194500-s0033-0000000156806712-0203-s_lc.fits
37387397,33,tess2020351194500-s0033-0000000037387397-0203-s_lc.fits
293929709,33,tess2020351194500-s0033-0000000293929709-0203-s_lc.fits
124195560,33,tess2020351194500-s0033-0000000124195560-0203-s_lc.fits
250589900,33,tess2020351194500-s0033-0000000250589900-0203-s_lc.fits
270980636,33,tess2020351194500-s0033-0000000270980636-0203-s_lc.fits
260043723,33,tess2020351194500-s0033-0000000260043723-0203-s_lc.fits
37437800,33,tess2020351194500-s0033-0000000037437800-0203-s_lc.fits
440759258,33,tess2020351194500-s0033-0000000440759258-0203-s_lc.fits
150162745,33,tess2020351194500-s0033-0000000150162745-0203-s_lc.fits
167723383,33,tess2020351194500-s0033-0000000167723383-0203-s_lc.fits
33736201,33,tess2020351194500-s0033-0000000033736201-0203-s_lc.fits
735229757,33,tess2020351194500-s0033-0000000735229757-0203-s_lc.fits
349972048,33,tess2020351194500-s0033-0000000349972048-0203-s_lc.fits
21630387,33,tess2020351194500-s0033-0000000021630387-0203-s_lc.fits
167307403,33,tess2020351194500-s0033-0000000167307403-0203-s_lc.fits
37073330,33,tess2020351194500-s0033-0000000037073330-0203-s_lc.fits
300656693,33,tess2020351194500-s0033-0000000300656693-0203-s_lc.fits
282498590,33,tess2020351194500-s0033-0000000282498590-0203-s_lc.fits
167604225,33,tess2020351194500-s0033-0000000167604225-0203-s_lc.fits
32035373,33,tess2020351194500-s0033-0000000032035373-0203-s_lc.fits
22940603,33,tess2020351194500-s0033-0000000022940603-0203-s_lc.fits
260300158,33,tess2020351194500-s0033-0000000260300158-0203-s_lc.fits
317017582,33,tess2020351194500-s0033-0000000317017582-0203-s_lc.fits
237445824,33,tess2020351194500-s0033-0000000237445824-0203-s_lc.fits
299315060,33,tess2020351194500-s0033-0000000299315060-0203-s_lc.fits
219397085,33,tess2020351194500-s0033-0000000219397085-0203-s_lc.fits
5465426,33,tess2020351194500-s0033-0000000005465426-0203-s_lc.fits
37306905,33,tess2020351194500-s0033-0000000037306905-0203-s_lc.fits
734729226,33,tess2020351194500-s0033-0000000734729226-0203-s_lc.fits
33794586,33,tess2020351194500-s0033-0000000033794586-0203-s_lc.fits
4782712,33,tess2020351194500-s0033-0000000004782712-0203-s_lc.fits
168430326,33,tess2020351194500-s0033-0000000168430326-0203-s_lc.fits
33045250,33,tess2020351194500-s0033-0000000033045250-0203-s_lc.fits
40717592,33,tess2020351194500-s0033-0000000040717592-0203-s_lc.fits
220405429,33,tess2020351194500-s0033-0000000220405429-0203-s_lc.fits
443318342,33,tess2020351194500-s0033-0000000443318342-0203-s_lc.fits
72311409,33,tess2020351194500-s0033-0000000072311409-0203-s_lc.fits
302804825,33,tess2020351194500-s0033-0000000302804825-0203-s_lc.fits
21622003,33,tess2020351194500-s0033-0000000021622003-0203-s_lc.fits
349194688,33,tess2020351194500-s0033-0000000349194688-0203-s_lc.fits
201509235,33,tess2020351194500-s0033-0000000201509235-0203-s_lc.fits
143117999,33,tess2020351194500-s0033-0000000143117999-0203-s_lc.fits
343967564,33,tess2020351194500-s0033-0000000343967564-0203-s_lc.fits
438223197,33,tess2020351194500-s0033-0000000438223197-0203-s_lc.fits
200389349,33,tess2020351194500-s0033-0000000200389349-0203-s_lc.fits
42892530,33,tess2020351194500-s0033-0000000042892530-0203-s_lc.fits
219413409,33,tess2020351194500-s0033-0000000219413409-0203-s_lc.fits
237603609,33,tess2020351194500-s0033-0000000237603609-0203-s_lc.fits
220481295,33,tess2020351194500-s0033-0000000220481295-0203-s_lc.fits
317284697,33,tess2020351194500-s0033-0000000317284697-0203-s_lc.fits
247825884,33,tess2020351194500-s0033-0000000247825884-0203-s_lc.fits
71795302,33,tess2020351194500-s0033-0000000071795302-0203-s_lc.fits
32925843,33,tess2020351194500-s0033-0000000032925843-0203-s_lc.fits
168632188,33,tess2020351194500-s0033-0000000168632188-0203-s_lc.fits
282503728,33,tess2020351194500-s0033-0000000282503728-0203-s_lc.fits
299317320,33,tess2020351194500-s0033-0000000299317320-0203-s_lc.fits
65142573,33,tess2020351194500-s0033-0000000065142573-0203-s_lc.fits
34589392,33,tess2020351194500-s0033-0000000034589392-0203-s_lc.fits
32873575,33,tess2020351194500-s0033-0000000032873575-0203-s_lc.fits
170275557,33,tess2020351194500-s0033-0000000170275557-0203-s_lc.fits
207309614,33,tess2020351194500-s0033-0000000207309614-0203-s_lc.fits
157050537,33,tess2020351194500-s0033-0000000157050537-0203-s_lc.fits
349923034,33,tess2020351194500-s0033-0000000349923034-0203-s_lc.fits
155086948,33,tess2020351194500-s0033-0000000155086948-0203-s_lc.fits
220438400,33,tess2020351194500-s0033-0000000220438400-0203-s_lc.fits
97701431,33,tess2020351194500-s0033-0000000097701431-0203-s_lc.fits
63199193,33,tess2020351194500-s0033-0000000063199193-0203-s_lc.fits
294208879,33,tess2020351194500-s0033-0000000294208879-0203-s_lc.fits
255637348,33,tess2020351194500-s0033-0000000255637348-0203-s_lc.fits
55526602,33,tess2020351194500-s0033-0000000055526602-0203-s_lc.fits
78742940,33,tess2020351194500-s0033-0000000078742940-0203-s_lc.fits
140441344,33,tess2020351194500-s0033-0000000140441344-0203-s_lc.fits
158866916,33,tess2020351194500-s0033-0000000158866916-0203-s_lc.fits
41259946,33,tess2020351194500-s0033-0000000041259946-0203-s_lc.fits
123629938,33,tess2020351194500-s0033-0000000123629938-0203-s_lc.fits
156990253,33,tess2020351194500-s0033-0000000156990253-0203-s_lc.fits
167552111,33,tess2020351194500-s0033-0000000167552111-0203-s_lc.fits
148496444,33,tess2020351194500-s0033-0000000148496444-0203-s_lc.fits
438308739,33,tess2020351194500-s0033-0000000438308739-0203-s_lc.fits
176936125,33,tess2020351194500-s0033-0000000176936125-0203-s_lc.fits
300382520,33,tess2020351194500-s0033-0000000300382520-0203-s_lc.fits
52906602,33,tess2020351194500-s0033-0000000052906602-0203-s_lc.fits
314865163,33,tess2020351194500-s0033-0000000314865163-0203-s_lc.fits
41591173,33,tess2020351194500-s0033-0000000041591173-0203-s_lc.fits
140209737,33,tess2020351194500-s0033-0000000140209737-0203-s_lc.fits
279091621,33,tess2020351194500-s0033-0000000279091621-0203-s_lc.fits
177258735,33,tess2020351194500-s0033-0000000177258735-0203-s_lc.fits
234880080,33,tess2020351194500-s0033-0000000234880080-0203-s_lc.fits
261829550,33,tess2020351194500-s0033-0000000261829550-0203-s_lc.fits
299656280,33,tess2020351194500-s0033-0000000299656280-0203-s_lc.fits
30274200,33,tess2020351194500-s0033-0000000030274200-0203-s_lc.fits
42824792,33,tess2020351194500-s0033-0000000042824792-0203-s_lc.fits
32763133,33,tess2020351194500-s0033-0000000032763133-0203-s_lc.fits
48239142,33,tess2020351194500-s0033-0000000048239142-0203-s_lc.fits
52167554,33,tess2020351194500-s0033-0000000052167554-0203-s_lc.fits
81321357,33,tess2020351194500-s0033-0000000081321357-0203-s_lc.fits
287956356,33,tess2020351194500-s0033-0000000287956356-0203-s_lc.fits
440776326,33,tess2020351194500-s0033-0000000440776326-0203-s_lc.fits
282402573,33,tess2020351194500-s0033-0000000282402573-0203-s_lc.fits
350332008,33,tess2020351194500-s0033-0000000350332008-0203-s_lc.fits
140385153,33,tess2020351194500-s0033-0000000140385153-0203-s_lc.fits
124502794,33,tess2020351194500-s0033-0000000124502794-0203-s_lc.fits
25118964,33,tess2020351194500-s0033-0000000025118964-0203-s_lc.fits
32952673,33,tess2020351194500-s0033-0000000032952673-0203-s_lc.fits
71622529,33,tess2020351194500-s0033-0000000071622529-0203-s_lc.fits
150066930,33,tess2020351194500-s0033-0000000150066930-0203-s_lc.fits
307582334,33,tess2020351194500-s0033-0000000307582334-0203-s_lc.fits
60522336,33,tess2020351194500-s0033-0000000060522336-0203-s_lc.fits
220616060,33,tess2020351194500-s0033-0000000220616060-0203-s_lc.fits
299200785,33,tess2020351194500-s0033-0000000299200785-0203-s_lc.fits
260267665,33,tess2020351194500-s0033-0000000260267665-0203-s_lc.fits
31961002,33,tess2020351194500-s0033-0000000031961002-0203-s_lc.fits
71511683,33,tess2020351194500-s0033-0000000071511683-0203-s_lc.fits
52638345,33,tess2020351194500-s0033-0000000052638345-0203-s_lc.fits
235075877,33,tess2020351194500-s0033-0000000235075877-0203-s_lc.fits
95057492,33,tess2020351194500-s0033-0000000095057492-0203-s_lc.fits
291385725,33,tess2020351194500-s0033-0000000291385725-0203-s_lc.fits
32847118,33,tess2020351194500-s0033-0000000032847118-0203-s_lc.fits
80772177,33,tess2020351194500-s0033-0000000080772177-0203-s_lc.fits
232057155,33,tess2020351194500-s0033-0000000232057155-0203-s_lc.fits
237864538,33,tess2020351194500-s0033-0000000237864538-0203-s_lc.fits
155086477,33,tess2020351194500-s0033-0000000155086477-0203-s_lc.fits
220402024,33,tess2020351194500-s0033-0000000220402024-0203-s_lc.fits
265083606,33,tess2020351194500-s0033-0000000265083606-0203-s_lc.fits
287400402,33,tess2020351194500-s0033-0000000287400402-0203-s_lc.fits
255592541,33,tess2020351194500-s0033-0000000255592541-0203-s_lc.fits
349924664,33,tess2020351194500-s0033-0000000349924664-0203-s_lc.fits
100759620,33,tess2020351194500-s0033-0000000100759620-0203-s_lc.fits
374911986,33,tess2020351194500-s0033-0000000374911986-0203-s_lc.fits
299944354,33,tess2020351194500-s0033-0000000299944354-0203-s_lc.fits
177818268,33,tess2020351194500-s0033-0000000177818268-0203-s_lc.fits
37542754,33,tess2020351194500-s0033-0000000037542754-0203-s_lc.fits
291335333,33,tess2020351194500-s0033-0000000291335333-0203-s_lc.fits
22861505,33,tess2020351194500-s0033-0000000022861505-0203-s_lc.fits
295401737,33,tess2020351194500-s0033-0000000295401737-0203-s_lc.fits
438210725,33,tess2020351194500-s0033-0000000438210725-0203-s_lc.fits
237764121,33,tess2020351194500-s0033-0000000237764121-0203-s_lc.fits
300012172,33,tess2020351194500-s0033-0000000300012172-0203-s_lc.fits
292362364,33,tess2020351194500-s0033-0000000292362364-0203-s_lc.fits
393389739,33,tess2020351194500-s0033-0000000393389739-0203-s_lc.fits
206794120,33,tess2020351194500-s0033-0000000206794120-0203-s_lc.fits
350824549,33,tess2020351194500-s0033-0000000350824549-0203-s_lc.fits
322819854,33,tess2020351194500-s0033-0000000322819854-0203-s_lc.fits
706700565,33,tess2020351194500-s0033-0000000706700565-0203-s_lc.fits
35827697,33,tess2020351194500-s0033-0000000035827697-0203-s_lc.fits
168262064,33,tess2020351194500-s0033-0000000168262064-0203-s_lc.fits
32950533,33,tess2020351194500-s0033-0000000032950533-0203-s_lc.fits
22974996,33,tess2020351194500-s0033-0000000022974996-0203-s_lc.fits
438310100,33,tess2020351194500-s0033-0000000438310100-0203-s_lc.fits
23160743,33,tess2020351194500-s0033-0000000023160743-0203-s_lc.fits
231081634,33,tess2020351194500-s0033-0000000231081634-0203-s_lc.fits
219178862,33,tess2020351194500-s0033-0000000219178862-0203-s_lc.fits
55746262,33,tess2020351194500-s0033-0000000055746262-0203-s_lc.fits
149540525,33,tess2020351194500-s0033-0000000149540525-0203-s_lc.fits
279318420,33,tess2020351194500-s0033-0000000279318420-0203-s_lc.fits
307813778,33,tess2020351194500-s0033-0000000307813778-0203-s_lc.fits
124231799,33,tess2020351194500-s0033-0000000124231799-0203-s_lc.fits
37200678,33,tess2020351194500-s0033-0000000037200678-0203-s_lc.fits
262028828,33,tess2020351194500-s0033-0000000262028828-0203-s_lc.fits
32150546,33,tess2020351194500-s0033-0000000032150546-0203-s_lc.fits
25153316,33,tess2020351194500-s0033-0000000025153316-0203-s_lc.fits
51483726,33,tess2020351194500-s0033-0000000051483726-0203-s_lc.fits
177079275,33,tess2020351194500-s0033-0000000177079275-0203-s_lc.fits
71579620,33,tess2020351194500-s0033-0000000071579620-0203-s_lc.fits
172703682,33,tess2020351194500-s0033-0000000172703682-0203-s_lc.fits
237533711,33,tess2020351194500-s0033-0000000237533711-0203-s_lc.fits
47773671,33,tess2020351194500-s0033-0000000047773671-0203-s_lc.fits
168343999,33,tess2020351194500-s0033-0000000168343999-0203-s_lc.fits
149930946,33,tess2020351194500-s0033-0000000149930946-0203-s_lc.fits
265163134,33,tess2020351194500-s0033-0000000265163134-0203-s_lc.fits
22864116,33,tess2020351194500-s0033-0000000022864116-0203-s_lc.fits
143141788,33,tess2020351194500-s0033-0000000143141788-0203-s_lc.fits
290658122,33,tess2020351194500-s0033-0000000290658122-0203-s_lc.fits
231193050,33,tess2020351194500-s0033-0000000231193050-0203-s_lc.fits
97640857,33,tess2020351194500-s0033-0000000097640857-0203-s_lc.fits
167723280,33,tess2020351194500-s0033-0000000167723280-0203-s_lc.fits
59857794,33,tess2020351194500-s0033-0000000059857794-0203-s_lc.fits
49085091,33,tess2020351194500-s0033-0000000049085091-0203-s_lc.fits
278081700,33,tess2020351194500-s0033-0000000278081700-0203-s_lc.fits
737961533,33,tess2020351194500-s0033-0000000737961533-0203-s_lc.fits
14498757,33,tess2020351194500-s0033-0000000014498757-0203-s_lc.fits
20140832,33,tess2020351194500-s0033-0000000020140832-0203-s_lc.fits
33789855,33,tess2020351194500-s0033-0000000033789855-0203-s_lc.fits
260239338,33,tess2020351194500-s0033-0000000260239338-0203-s_lc.fits
177512735,33,tess2020351194500-s0033-0000000177512735-0203-s_lc.fits
60410246,33,tess2020351194500-s0033-0000000060410246-0203-s_lc.fits
93276569,33,tess2020351194500-s0033-0000000093276569-0203-s_lc.fits
281576629,33,tess2020351194500-s0033-0000000281576629-0203-s_lc.fits
149274983,33,tess2020351194500-s0033-0000000149274983-0203-s_lc.fits
153685436,33,tess2020351194500-s0033-0000000153685436-0203-s_lc.fits
453122622,33,tess2020351194500-s0033-0000000453122622-0203-s_lc.fits
31409157,33,tess2020351194500-s0033-0000000031409157-0203-s_lc.fits
306476702,33,tess2020351194500-s0033-0000000306476702-0203-s_lc.fits
177927950,33,tess2020351194500-s0033-0000000177927950-0203-s_lc.fits
66913434,33,tess2020351194500-s0033-0000000066913434-0203-s_lc.fits
124854559,33,tess2020351194500-s0033-0000000124854559-0203-s_lc.fits
238007437,33,tess2020351194500-s0033-0000000238007437-0203-s_lc.fits
33690592,33,tess2020351194500-s0033-0000000033690592-0203-s_lc.fits
5367455,33,tess2020351194500-s0033-0000000005367455-0203-s_lc.fits
231095606,33,tess2020351194500-s0033-0000000231095606-0203-s_lc.fits
97273469,33,tess2020351194500-s0033-0000000097273469-0203-s_lc.fits
12235048,33,tess2020351194500-s0033-0000000012235048-0203-s_lc.fits
220316632,33,tess2020351194500-s0033-0000000220316632-0203-s_lc.fits
220420859,33,tess2020351194500-s0033-0000000220420859-0203-s_lc.fits
167247124,33,tess2020351194500-s0033-0000000167247124-0203-s_lc.fits
170403852,33,tess2020351194500-s0033-0000000170403852-0203-s_lc.fits
123762225,33,tess2020351194500-s0033-0000000123762225-0203-s_lc.fits
220429536,33,tess2020351194500-s0033-0000000220429536-0203-s_lc.fits
238004786,33,tess2020351194500-s0033-0000000238004786-0203-s_lc.fits
250488373,33,tess2020351194500-s0033-0000000250488373-0203-s_lc.fits
29986479,33,tess2020351194500-s0033-0000000029986479-0203-s_lc.fits
234719931,33,tess2020351194500-s0033-0000000234719931-0203-s_lc.fits
156946235,33,tess2020351194500-s0033-0000000156946235-0203-s_lc.fits
231943126,33,tess2020351194500-s0033-0000000231943126-0203-s_lc.fits
141945470,33,tess2020351194500-s0033-0000000141945470-0203-s_lc.fits
272322827,33,tess2020351194500-s0033-0000000272322827-0203-s_lc.fits
300038935,33,tess2020351194500-s0033-0000000300038935-0203-s_lc.fits
260351032,33,tess2020351194500-s0033-0000000260351032-0203-s_lc.fits
21728617,33,tess2020351194500-s0033-0000000021728617-0203-s_lc.fits
453855521,33,tess2020351194500-s0033-0000000453855521-0203-s_lc.fits
276864298,33,tess2020351194500-s0033-0000000276864298-0203-s_lc.fits
339956143,33,tess2020351194500-s0033-0000000339956143-0203-s_lc.fits
72213633,33,tess2020351194500-s0033-0000000072213633-0203-s_lc.fits
158072232,33,tess2020351194500-s0033-0000000158072232-0203-s_lc.fits
151583731,33,tess2020351194500-s0033-0000000151583731-0203-s_lc.fits
142676044,33,tess2020351194500-s0033-0000000142676044-0203-s_lc.fits
34934941,33,tess2020351194500-s0033-0000000034934941-0203-s_lc.fits
177077475,33,tess2020351194500-s0033-0000000177077475-0203-s_lc.fits
713403391,33,tess2020351194500-s0033-0000000713403391-0203-s_lc.fits
251216282,33,tess2020351194500-s0033-0000000251216282-0203-s_lc.fits
271795905,33,tess2020351194500-s0033-0000000271795905-0203-s_lc.fits
63811128,33,tess2020351194500-s0033-0000000063811128-0203-s_lc.fits
52501619,33,tess2020351194500-s0033-0000000052501619-0203-s_lc.fits
30641264,33,tess2020351194500-s0033-0000000030641264-0203-s_lc.fits
29627456,33,tess2020351194500-s0033-0000000029627456-0203-s_lc.fits
140207668,33,tess2020351194500-s0033-0000000140207668-0203-s_lc.fits
117668115,33,tess2020351194500-s0033-0000000117668115-0203-s_lc.fits
140894354,33,tess2020351194500-s0033-0000000140894354-0203-s_lc.fits
20178021,33,tess2020351194500-s0033-0000000020178021-0203-s_lc.fits
149219496,33,tess2020351194500-s0033-0000000149219496-0203-s_lc.fits
708535858,33,tess2020351194500-s0033-0000000708535858-0203-s_lc.fits
148230345,33,tess2020351194500-s0033-0000000148230345-0203-s_lc.fits
102288871,33,tess2020351194500-s0033-0000000102288871-0203-s_lc.fits
72169855,33,tess2020351194500-s0033-0000000072169855-0203-s_lc.fits
7322866,33,tess2020351194500-s0033-0000000007322866-0203-s_lc.fits
382159772,33,tess2020351194500-s0033-0000000382159772-0203-s_lc.fits
96863767,33,tess2020351194500-s0033-0000000096863767-0203-s_lc.fits
59971629,33,tess2020351194500-s0033-0000000059971629-0203-s_lc.fits
148090278,33,tess2020351194500-s0033-0000000148090278-0203-s_lc.fits
299832811,33,tess2020351194500-s0033-0000000299832811-0203-s_lc.fits
148934580,33,tess2020351194500-s0033-0000000148934580-0203-s_lc.fits
4980792,33,tess2020351194500-s0033-0000000004980792-0203-s_lc.fits
264748817,33,tess2020351194500-s0033-0000000264748817-0203-s_lc.fits
38905525,33,tess2020351194500-s0033-0000000038905525-0203-s_lc.fits
219409002,33,tess2020351194500-s0033-0000000219409002-0203-s_lc.fits
294208421,33,tess2020351194500-s0033-0000000294208421-0203-s_lc.fits
737991823,33,tess2020351194500-s0033-0000000737991823-0203-s_lc.fits
48455465,33,tess2020351194500-s0033-0000000048455465-0203-s_lc.fits
124983202,33,tess2020351194500-s0033-0000000124983202-0203-s_lc.fits
160330423,33,tess2020351194500-s0033-0000000160330423-0203-s_lc.fits
202145363,33,tess2020351194500-s0033-0000000202145363-0203-s_lc.fits
100591355,33,tess2020351194500-s0033-0000000100591355-0203-s_lc.fits
155538690,33,tess2020351194500-s0033-0000000155538690-0203-s_lc.fits
124842105,33,tess2020351194500-s0033-0000000124842105-0203-s_lc.fits
170226396,33,tess2020351194500-s0033-0000000170226396-0203-s_lc.fits
251259961,33,tess2020351194500-s0033-0000000251259961-0203-s_lc.fits
438464904,33,tess2020351194500-s0033-0000000438464904-0203-s_lc.fits
149539158,33,tess2020351194500-s0033-0000000149539158-0203-s_lc.fits
143209292,33,tess2020351194500-s0033-0000000143209292-0203-s_lc.fits
375148834,33,tess2020351194500-s0033-0000000375148834-0203-s_lc.fits
149930009,33,tess2020351194500-s0033-0000000149930009-0203-s_lc.fits
306508608,33,tess2020351194500-s0033-0000000306508608-0203-s_lc.fits
102283403,33,tess2020351194500-s0033-0000000102283403-0203-s_lc.fits
61345734,33,tess2020351194500-s0033-0000000061345734-0203-s_lc.fits
52218290,33,tess2020351194500-s0033-0000000052218290-0203-s_lc.fits
149988981,33,tess2020351194500-s0033-0000000149988981-0203-s_lc.fits
271812702,33,tess2020351194500-s0033-0000000271812702-0203-s_lc.fits
100610845,33,tess2020351194500-s0033-0000000100610845-0203-s_lc.fits
65138224,33,tess2020351194500-s0033-0000000065138224-0203-s_lc.fits
59842231,33,tess2020351194500-s0033-0000000059842231-0203-s_lc.fits
287872033,33,tess2020351194500-s0033-0000000287872033-0203-s_lc.fits
237666892,33,tess2020351194500-s0033-0000000237666892-0203-s_lc.fits
370105405,33,tess2020351194500-s0033-0000000370105405-0203-s_lc.fits
149603071,33,tess2020351194500-s0033-0000000149603071-0203-s_lc.fits
167174039,33,tess2020351194500-s0033-0000000167174039-0203-s_lc.fits
284455266,33,tess2020351194500-s0033-0000000284455266-0203-s_lc.fits
141624173,33,tess2020351194500-s0033-0000000141624173-0203-s_lc.fits
409262929,33,tess2020351194500-s0033-0000000409262929-0203-s_lc.fits
20143084,33,tess2020351194500-s0033-0000000020143084-0203-s_lc.fits
415561220,33,tess2020351194500-s0033-0000000415561220-0203-s_lc.fits
177112625,33,tess2020351194500-s0033-0000000177112625-0203-s_lc.fits
250441280,33,tess2020351194500-s0033-0000000250441280-0203-s_lc.fits
31960580,33,tess2020351194500-s0033-0000000031960580-0203-s_lc.fits
287496048,33,tess2020351194500-s0033-0000000287496048-0203-s_lc.fits
160380020,33,tess2020351194500-s0033-0000000160380020-0203-s_lc.fits
30037565,33,tess2020351194500-s0033-0000000030037565-0203-s_lc.fits
33879314,33,tess2020351194500-s0033-0000000033879314-0203-s_lc.fits
336887038,33,tess2020351194500-s0033-0000000336887038-0203-s_lc.fits
166929596,33,tess2020351194500-s0033-0000000166929596-0203-s_lc.fits
309755088,33,tess2020351194500-s0033-0000000309755088-0203-s_lc.fits
309613697,33,tess2020351194500-s0033-0000000309613697-0203-s_lc.fits
165226095,33,tess2020351194500-s0033-0000000165226095-0203-s_lc.fits
281222510,33,tess2020351194500-s0033-0000000281222510-0203-s_lc.fits
37498433,33,tess2020351194500-s0033-0000000037498433-0203-s_lc.fits
150394126,33,tess2020351194500-s0033-0000000150394126-0203-s_lc.fits
381976956,33,tess2020351194500-s0033-0000000381976956-0203-s_lc.fits
52542743,33,tess2020351194500-s0033-0000000052542743-0203-s_lc.fits
387142045,33,tess2020351194500-s0033-0000000387142045-0203-s_lc.fits
364425576,33,tess2020351194500-s0033-0000000364425576-0203-s_lc.fits
237720728,33,tess2020351194500-s0033-0000000237720728-0203-s_lc.fits
219414176,33,tess2020351194500-s0033-0000000219414176-0203-s_lc.fits
427498926,33,tess2020351194500-s0033-0000000427498926-0203-s_lc.fits
373982378,33,tess2020351194500-s0033-0000000373982378-0203-s_lc.fits
407621267,33,tess2020351194500-s0033-0000000407621267-0203-s_lc.fits
202138702,33,tess2020351194500-s0033-0000000202138702-0203-s_lc.fits
141915003,33,tess2020351194500-s0033-0000000141915003-0203-s_lc.fits
706586005,33,tess2020351194500-s0033-0000000706586005-0203-s_lc.fits
170403491,33,tess2020351194500-s0033-0000000170403491-0203-s_lc.fits
320652206,33,tess2020351194500-s0033-0000000320652206-0203-s_lc.fits
20296416,33,tess2020351194500-s0033-0000000020296416-0203-s_lc.fits
156935527,33,tess2020351194500-s0033-0000000156935527-0203-s_lc.fits
207245714,33,tess2020351194500-s0033-0000000207245714-0203-s_lc.fits
207327138,33,tess2020351194500-s0033-0000000207327138-0203-s_lc.fits
63668120,33,tess2020351194500-s0033-0000000063668120-0203-s_lc.fits
159057889,33,tess2020351194500-s0033-0000000159057889-0203-s_lc.fits
167572674,33,tess2020351194500-s0033-0000000167572674-0203-s_lc.fits
61405688,33,tess2020351194500-s0033-0000000061405688-0203-s_lc.fits
737292010,33,tess2020351194500-s0033-0000000737292010-0203-s_lc.fits
272190249,33,tess2020351194500-s0033-0000000272190249-0203-s_lc.fits
337185057,33,tess2020351194500-s0033-0000000337185057-0203-s_lc.fits
267197395,33,tess2020351194500-s0033-0000000267197395-0203-s_lc.fits
99507885,33,tess2020351194500-s0033-0000000099507885-0203-s_lc.fits
358402782,33,tess2020351194500-s0033-0000000358402782-0203-s_lc.fits
440800277,33,tess2020351194500-s0033-0000000440800277-0203-s_lc.fits
53453038,33,tess2020351194500-s0033-0000000053453038-0203-s_lc.fits
453099904,33,tess2020351194500-s0033-0000000453099904-0203-s_lc.fits
123729925,33,tess2020351194500-s0033-0000000123729925-0203-s_lc.fits
124246068,33,tess2020351194500-s0033-0000000124246068-0203-s_lc.fits
176956040,33,tess2020351194500-s0033-0000000176956040-0203-s_lc.fits
88921040,33,tess2020351194500-s0033-0000000088921040-0203-s_lc.fits
220340847,33,tess2020351194500-s0033-0000000220340847-0203-s_lc.fits
340978895,33,tess2020351194500-s0033-0000000340978895-0203-s_lc.fits
229297435,33,tess2020351194500-s0033-0000000229297435-0203-s_lc.fits
234768977,33,tess2020351194500-s0033-0000000234768977-0203-s_lc.fits
177851614,33,tess2020351194500-s0033-0000000177851614-0203-s_lc.fits
264232702,33,tess2020351194500-s0033-0000000264232702-0203-s_lc.fits
11758451,33,tess2020351194500-s0033-0000000011758451-0203-s_lc.fits
238059180,33,tess2020351194500-s0033-0000000238059180-0203-s_lc.fits
382099509,33,tess2020351194500-s0033-0000000382099509-0203-s_lc.fits
60074959,33,tess2020351194500-s0033-0000000060074959-0203-s_lc.fits
231183856,33,tess2020351194500-s0033-0000000231183856-0203-s_lc.fits
93421001,33,tess2020351194500-s0033-0000000093421001-0203-s_lc.fits
192785366,33,tess2020351194500-s0033-0000000192785366-0203-s_lc.fits
372850999,33,tess2020351194500-s0033-0000000372850999-0203-s_lc.fits
282210040,33,tess2020351194500-s0033-0000000282210040-0203-s_lc.fits
52667877,33,tess2020351194500-s0033-0000000052667877-0203-s_lc.fits
393388737,33,tess2020351194500-s0033-0000000393388737-0203-s_lc.fits
147484847,33,tess2020351194500-s0033-0000000147484847-0203-s_lc.fits
144485303,33,tess2020351194500-s0033-0000000144485303-0203-s_lc.fits
66775608,33,tess2020351194500-s0033-0000000066775608-0203-s_lc.fits
299834202,33,tess2020351194500-s0033-0000000299834202-0203-s_lc.fits
238164799,33,tess2020351194500-s0033-0000000238164799-0203-s_lc.fits
340313069,33,tess2020351194500-s0033-0000000340313069-0203-s_lc.fits
177181147,33,tess2020351194500-s0033-0000000177181147-0203-s_lc.fits
142110261,33,tess2020351194500-s0033-0000000142110261-0203-s_lc.fits
31471793,33,tess2020351194500-s0033-0000000031471793-0203-s_lc.fits
4706382,33,tess2020351194500-s0033-0000000004706382-0203-s_lc.fits
229178824,33,tess2020351194500-s0033-0000000229178824-0203-s_lc.fits
106490989,33,tess2020351194500-s0033-0000000106490989-0203-s_lc.fits
167004255,33,tess2020351194500-s0033-0000000167004255-0203-s_lc.fits
167394689,33,tess2020351194500-s0033-0000000167394689-0203-s_lc.fits
22965949,33,tess2020351194500-s0033-0000000022965949-0203-s_lc.fits
307030342,33,tess2020351194500-s0033-0000000307030342-0203-s_lc.fits
220423576,33,tess2020351194500-s0033-0000000220423576-0203-s_lc.fits
734556099,33,tess2020351194500-s0033-0000000734556099-0203-s_lc.fits
263179590,33,tess2020351194500-s0033-0000000263179590-0203-s_lc.fits
764653535,33,tess2020351194500-s0033-0000000764653535-0203-s_lc.fits
292534770,33,tess2020351194500-s0033-0000000292534770-0203-s_lc.fits
220411843,33,tess2020351194500-s0033-0000000220411843-0203-s_lc.fits
149497993,33,tess2020351194500-s0033-0000000149497993-0203-s_lc.fits
219379982,33,tess2020351194500-s0033-0000000219379982-0203-s_lc.fits
97281605,33,tess2020351194500-s0033-0000000097281605-0203-s_lc.fits
201959346,33,tess2020351194500-s0033-0000000201959346-0203-s_lc.fits
278380701,33,tess2020351194500-s0033-0000000278380701-0203-s_lc.fits
409008695,33,tess2020351194500-s0033-0000000409008695-0203-s_lc.fits
373843857,33,tess2020351194500-s0033-0000000373843857-0203-s_lc.fits
177236218,33,tess2020351194500-s0033-0000000177236218-0203-s_lc.fits
63573800,33,tess2020351194500-s0033-0000000063573800-0203-s_lc.fits
713449799,33,tess2020351194500-s0033-0000000713449799-0203-s_lc.fits
279088003,33,tess2020351194500-s0033-0000000279088003-0203-s_lc.fits
220415088,33,tess2020351194500-s0033-0000000220415088-0203-s_lc.fits
219388489,33,tess2020351194500-s0033-0000000219388489-0203-s_lc.fits
349830114,33,tess2020351194500-s0033-0000000349830114-0203-s_lc.fits
67264111,33,tess2020351194500-s0033-0000000067264111-0203-s_lc.fits
178777570,33,tess2020351194500-s0033-0000000178777570-0203-s_lc.fits
277098905,33,tess2020351194500-s0033-0000000277098905-0203-s_lc.fits
381977500,33,tess2020351194500-s0033-0000000381977500-0203-s_lc.fits
10256842,33,tess2020351194500-s0033-0000000010256842-0203-s_lc.fits
53458160,33,tess2020351194500-s0033-0000000053458160-0203-s_lc.fits
320037217,33,tess2020351194500-s0033-0000000320037217-0203-s_lc.fits
123557478,33,tess2020351194500-s0033-0000000123557478-0203-s_lc.fits
34439303,33,tess2020351194500-s0033-0000000034439303-0203-s_lc.fits
66832009,33,tess2020351194500-s0033-0000000066832009-0203-s_lc.fits
134354475,33,tess2020351194500-s0033-0000000134354475-0203-s_lc.fits
33877402,33,tess2020351194500-s0033-0000000033877402-0203-s_lc.fits
269086853,33,tess2020351194500-s0033-0000000269086853-0203-s_lc.fits
260003879,33,tess2020351194500-s0033-0000000260003879-0203-s_lc.fits
141608224,33,tess2020351194500-s0033-0000000141608224-0203-s_lc.fits
754495304,33,tess2020351194500-s0033-0000000754495304-0203-s_lc.fits
55369219,33,tess2020351194500-s0033-0000000055369219-0203-s_lc.fits
100532520,33,tess2020351194500-s0033-0000000100532520-0203-s_lc.fits
149502001,33,tess2020351194500-s0033-0000000149502001-0203-s_lc.fits
276866031,33,tess2020351194500-s0033-0000000276866031-0203-s_lc.fits
167166946,33,tess2020351194500-s0033-0000000167166946-0203-s_lc.fits
24625007,33,tess2020351194500-s0033-0000000024625007-0203-s_lc.fits
148173428,33,tess2020351194500-s0033-0000000148173428-0203-s_lc.fits
141610486,33,tess2020351194500-s0033-0000000141610486-0203-s_lc.fits
300145160,33,tess2020351194500-s0033-0000000300145160-0203-s_lc.fits
134550346,33,tess2020351194500-s0033-0000000134550346-0203-s_lc.fits
55650494,33,tess2020351194500-s0033-0000000055650494-0203-s_lc.fits
156756131,33,tess2020351194500-s0033-0000000156756131-0203-s_lc.fits
66912539,33,tess2020351194500-s0033-0000000066912539-0203-s_lc.fits
143147206,33,tess2020351194500-s0033-0000000143147206-0203-s_lc.fits
140212936,33,tess2020351194500-s0033-0000000140212936-0203-s_lc.fits
220084047,33,tess2020351194500-s0033-0000000220084047-0203-s_lc.fits
25117240,33,tess2020351194500-s0033-0000000025117240-0203-s_lc.fits
167756732,33,tess2020351194500-s0033-0000000167756732-0203-s_lc.fits
170160564,33,tess2020351194500-s0033-0000000170160564-0203-s_lc.fits
317603967,33,tess2020351194500-s0033-0000000317603967-0203-s_lc.fits
148096709,33,tess2020351194500-s0033-0000000148096709-0203-s_lc.fits
140337674,33,tess2020351194500-s0033-0000000140337674-0203-s_lc.fits
255560473,33,tess2020351194500-s0033-0000000255560473-0203-s_lc.fits
55746206,33,tess2020351194500-s0033-0000000055746206-0203-s_lc.fits
293688185,33,tess2020351194500-s0033-0000000293688185-0203-s_lc.fits
284337301,33,tess2020351194500-s0033-0000000284337301-0203-s_lc.fits
39475957,33,tess2020351194500-s0033-0000000039475957-0203-s_lc.fits
124022167,33,tess2020351194500-s0033-0000000124022167-0203-s_lc.fits
287637087,33,tess2020351194500-s0033-0000000287637087-0203-s_lc.fits
306511559,33,tess2020351194500-s0033-0000000306511559-0203-s_lc.fits
179304683,33,tess2020351194500-s0033-0000000179304683-0203-s_lc.fits
34193775,33,tess2020351194500-s0033-0000000034193775-0203-s_lc.fits
168430585,33,tess2020351194500-s0033-0000000168430585-0203-s_lc.fits
177124090,33,tess2020351194500-s0033-0000000177124090-0203-s_lc.fits
167888675,33,tess2020351194500-s0033-0000000167888675-0203-s_lc.fits
260476635,33,tess2020351194500-s0033-0000000260476635-0203-s_lc.fits
179378612,33,tess2020351194500-s0033-0000000179378612-0203-s_lc.fits
143143769,33,tess2020351194500-s0033-0000000143143769-0203-s_lc.fits
170226694,33,tess2020351194500-s0033-0000000170226694-0203-s_lc.fits
106409537,33,tess2020351194500-s0033-0000000106409537-0203-s_lc.fits
97650683,33,tess2020351194500-s0033-0000000097650683-0203-s_lc.fits
293225109,33,tess2020351194500-s0033-0000000293225109-0203-s_lc.fits
292641633,33,tess2020351194500-s0033-0000000292641633-0203-s_lc.fits
201387550,33,tess2020351194500-s0033-0000000201387550-0203-s_lc.fits
279958827,33,tess2020351194500-s0033-0000000279958827-0203-s_lc.fits
738181672,33,tess2020351194500-s0033-0000000738181672-0203-s_lc.fits
123742969,33,tess2020351194500-s0033-0000000123742969-0203-s_lc.fits
339962215,33,tess2020351194500-s0033-0000000339962215-0203-s_lc.fits
38709112,33,tess2020351194500-s0033-0000000038709112-0203-s_lc.fits
294869549,33,tess2020351194500-s0033-0000000294869549-0203-s_lc.fits
354770601,33,tess2020351194500-s0033-0000000354770601-0203-s_lc.fits
100529996,33,tess2020351194500-s0033-0000000100529996-0203-s_lc.fits
350295618,33,tess2020351194500-s0033-0000000350295618-0203-s_lc.fits
238926636,33,tess2020351194500-s0033-0000000238926636-0203-s_lc.fits
124081870,33,tess2020351194500-s0033-0000000124081870-0203-s_lc.fits
32556882,33,tess2020351194500-s0033-0000000032556882-0203-s_lc.fits
63800725,33,tess2020351194500-s0033-0000000063800725-0203-s_lc.fits
149177271,33,tess2020351194500-s0033-0000000149177271-0203-s_lc.fits
340216929,33,tess2020351194500-s0033-0000000340216929-0203-s_lc.fits
32072097,33,tess2020351194500-s0033-0000000032072097-0203-s_lc.fits
207277287,33,tess2020351194500-s0033-0000000207277287-0203-s_lc.fits
96796224,33,tess2020351194500-s0033-0000000096796224-0203-s_lc.fits
156885203,33,tess2020351194500-s0033-0000000156885203-0203-s_lc.fits
37877359,33,tess2020351194500-s0033-0000000037877359-0203-s_lc.fits
141868094,33,tess2020351194500-s0033-0000000141868094-0203-s_lc.fits
150166759,33,tess2020351194500-s0033-0000000150166759-0203-s_lc.fits
294398838,33,tess2020351194500-s0033-0000000294398838-0203-s_lc.fits
237362540,33,tess2020351194500-s0033-0000000237362540-0203-s_lc.fits
237955864,33,tess2020351194500-s0033-0000000237955864-0203-s_lc.fits
415590201,33,tess2020351194500-s0033-0000000415590201-0203-s_lc.fits
705648683,33,tess2020351194500-s0033-0000000705648683-0203-s_lc.fits
292841597,33,tess2020351194500-s0033-0000000292841597-0203-s_lc.fits
150358772,33,tess2020351194500-s0033-0000000150358772-0203-s_lc.fits
219392235,33,tess2020351194500-s0033-0000000219392235-0203-s_lc.fits
141826495,33,tess2020351194500-s0033-0000000141826495-0203-s_lc.fits
22939437,33,tess2020351194500-s0033-0000000022939437-0203-s_lc.fits
344173746,33,tess2020351194500-s0033-0000000344173746-0203-s_lc.fits
150148658,33,tess2020351194500-s0033-0000000150148658-0203-s_lc.fits
52452765,33,tess2020351194500-s0033-0000000052452765-0203-s_lc.fits
149059708,33,tess2020351194500-s0033-0000000149059708-0203-s_lc.fits
124779394,33,tess2020351194500-s0033-0000000124779394-0203-s_lc.fits
393455906,33,tess2020351194500-s0033-0000000393455906-0203-s_lc.fits
100591186,33,tess2020351194500-s0033-0000000100591186-0203-s_lc.fits
89102329,33,tess2020351194500-s0033-0000000089102329-0203-s_lc.fits
382068914,33,tess2020351194500-s0033-0000000382068914-0203-s_lc.fits
177388161,33,tess2020351194500-s0033-0000000177388161-0203-s_lc.fits
150391436,33,tess2020351194500-s0033-0000000150391436-0203-s_lc.fits
438365916,33,tess2020351194500-s0033-0000000438365916-0203-s_lc.fits
178575480,33,tess2020351194500-s0033-0000000178575480-0203-s_lc.fits
271808983,33,tess2020351194500-s0033-0000000271808983-0203-s_lc.fits
167966346,33,tess2020351194500-s0033-0000000167966346-0203-s_lc.fits
179038240,33,tess2020351194500-s0033-0000000179038240-0203-s_lc.fits
148000851,33,tess2020351194500-s0033-0000000148000851-0203-s_lc.fits
237383377,33,tess2020351194500-s0033-0000000237383377-0203-s_lc.fits
264567137,33,tess2020351194500-s0033-0000000264567137-0203-s_lc.fits
287405060,33,tess2020351194500-s0033-0000000287405060-0203-s_lc.fits
403729235,33,tess2020351194500-s0033-0000000403729235-0203-s_lc.fits
300085146,33,tess2020351194500-s0033-0000000300085146-0203-s_lc.fits
738103130,33,tess2020351194500-s0033-0000000738103130-0203-s_lc.fits
25155698,33,tess2020351194500-s0033-0000000025155698-0203-s_lc.fits
294330174,33,tess2020351194500-s0033-0000000294330174-0203-s_lc.fits
382029009,33,tess2020351194500-s0033-0000000382029009-0203-s_lc.fits
141680055,33,tess2020351194500-s0033-0000000141680055-0203-s_lc.fits
25080435,33,tess2020351194500-s0033-0000000025080435-0203-s_lc.fits
238194098,33,tess2020351194500-s0033-0000000238194098-0203-s_lc.fits
346431567,33,tess2020351194500-s0033-0000000346431567-0203-s_lc.fits
349409297,33,tess2020351194500-s0033-0000000349409297-0203-s_lc.fits
160349807,33,tess2020351194500-s0033-0000000160349807-0203-s_lc.fits
262759774,33,tess2020351194500-s0033-0000000262759774-0203-s_lc.fits
23728091,33,tess2020351194500-s0033-0000000023728091-0203-s_lc.fits
52283282,33,tess2020351194500-s0033-0000000052283282-0203-s_lc.fits
238072641,33,tess2020351194500-s0033-0000000238072641-0203-s_lc.fits
134475270,33,tess2020351194500-s0033-0000000134475270-0203-s_lc.fits
66918837,33,tess2020351194500-s0033-0000000066918837-0203-s_lc.fits
237449817,33,tess2020351194500-s0033-0000000237449817-0203-s_lc.fits
151355225,33,tess2020351194500-s0033-0000000151355225-0203-s_lc.fits
37199792,33,tess2020351194500-s0033-0000000037199792-0203-s_lc.fits
51933566,33,tess2020351194500-s0033-0000000051933566-0203-s_lc.fits
202225527,33,tess2020351194500-s0033-0000000202225527-0203-s_lc.fits
271806633,33,tess2020351194500-s0033-0000000271806633-0203-s_lc.fits
39296409,33,tess2020351194500-s0033-0000000039296409-0203-s_lc.fits
66525984,33,tess2020351194500-s0033-0000000066525984-0203-s_lc.fits
358110493,33,tess2020351194500-s0033-0000000358110493-0203-s_lc.fits
421835970,33,tess2020351194500-s0033-0000000421835970-0203-s_lc.fits
292944471,33,tess2020351194500-s0033-0000000292944471-0203-s_lc.fits
33287617,33,tess2020351194500-s0033-0000000033287617-0203-s_lc.fits
67038278,33,tess2020351194500-s0033-0000000067038278-0203-s_lc.fits
219184124,33,tess2020351194500-s0033-0000000219184124-0203-s_lc.fits
434325908,33,tess2020351194500-s0033-0000000434325908-0203-s_lc.fits
176522473,33,tess2020351194500-s0033-0000000176522473-0203-s_lc.fits
167525131,33,tess2020351194500-s0033-0000000167525131-0203-s_lc.fits
290777287,33,tess2020351194500-s0033-0000000290777287-0203-s_lc.fits
65138947,33,tess2020351194500-s0033-0000000065138947-0203-s_lc.fits
260268320,33,tess2020351194500-s0033-0000000260268320-0203-s_lc.fits
370228164,33,tess2020351194500-s0033-0000000370228164-0203-s_lc.fits
317719608,33,tess2020351194500-s0033-0000000317719608-0203-s_lc.fits
235070895,33,tess2020351194500-s0033-0000000235070895-0203-s_lc.fits
11760064,33,tess2020351194500-s0033-0000000011760064-0203-s_lc.fits
23552354,33,tess2020351194500-s0033-0000000023552354-0203-s_lc.fits
151582331,33,tess2020351194500-s0033-0000000151582331-0203-s_lc.fits
167121881,33,tess2020351194500-s0033-0000000167121881-0203-s_lc.fits
320540182,33,tess2020351194500-s0033-0000000320540182-0203-s_lc.fits
238071739,33,tess2020351194500-s0033-0000000238071739-0203-s_lc.fits
147857100,33,tess2020351194500-s0033-0000000147857100-0203-s_lc.fits
235342986,33,tess2020351194500-s0033-0000000235342986-0203-s_lc.fits
173133719,33,tess2020351194500-s0033-0000000173133719-0203-s_lc.fits
300147570,33,tess2020351194500-s0033-0000000300147570-0203-s_lc.fits
317866124,33,tess2020351194500-s0033-0000000317866124-0203-s_lc.fits
232389950,33,tess2020351194500-s0033-0000000232389950-0203-s_lc.fits
709066341,33,tess2020351194500-s0033-0000000709066341-0203-s_lc.fits
33877753,33,tess2020351194500-s0033-0000000033877753-0203-s_lc.fits
438338347,33,tess2020351194500-s0033-0000000438338347-0203-s_lc.fits
172630423,33,tess2020351194500-s0033-0000000172630423-0203-s_lc.fits
30275861,33,tess2020351194500-s0033-0000000030275861-0203-s_lc.fits
124815110,33,tess2020351194500-s0033-0000000124815110-0203-s_lc.fits
124333381,33,tess2020351194500-s0033-0000000124333381-0203-s_lc.fits
149970613,33,tess2020351194500-s0033-0000000149970613-0203-s_lc.fits
5282385,33,tess2020351194500-s0033-0000000005282385-0203-s_lc.fits
93103454,33,tess2020351194500-s0033-0000000093103454-0203-s_lc.fits
41533313,33,tess2020351194500-s0033-0000000041533313-0203-s_lc.fits
408908804,33,tess2020351194500-s0033-0000000408908804-0203-s_lc.fits
318548879,33,tess2020351194500-s0033-0000000318548879-0203-s_lc.fits
34141266,33,tess2020351194500-s0033-0000000034141266-0203-s_lc.fits
272127517,33,tess2020351194500-s0033-0000000272127517-0203-s_lc.fits
232421465,33,tess2020351194500-s0033-0000000232421465-0203-s_lc.fits
64136291,33,tess2020351194500-s0033-0000000064136291-0203-s_lc.fits
93420167,33,tess2020351194500-s0033-0000000093420167-0203-s_lc.fits
346571872,33,tess2020351194500-s0033-0000000346571872-0203-s_lc.fits
96580811,33,tess2020351194500-s0033-0000000096580811-0203-s_lc.fits
149178649,33,tess2020351194500-s0033-0000000149178649-0203-s_lc.fits
165148218,33,tess2020351194500-s0033-0000000165148218-0203-s_lc.fits
374859540,33,tess2020351194500-s0033-0000000374859540-0203-s_lc.fits
30402932,33,tess2020351194500-s0033-0000000030402932-0203-s_lc.fits
278861557,33,tess2020351194500-s0033-0000000278861557-0203-s_lc.fits
404852431,33,tess2020351194500-s0033-0000000404852431-0203-s_lc.fits
287636332,33,tess2020351194500-s0033-0000000287636332-0203-s_lc.fits
231944540,33,tess2020351194500-s0033-0000000231944540-0203-s_lc.fits
153166381,33,tess2020351194500-s0033-0000000153166381-0203-s_lc.fits
31999747,33,tess2020351194500-s0033-0000000031999747-0203-s_lc.fits
404970655,33,tess2020351194500-s0033-0000000404970655-0203-s_lc.fits
301597727,33,tess2020351194500-s0033-0000000301597727-0203-s_lc.fits
349480752,33,tess2020351194500-s0033-0000000349480752-0203-s_lc.fits
147129481,33,tess2020351194500-s0033-0000000147129481-0203-s_lc.fits
59974855,33,tess2020351194500-s0033-0000000059974855-0203-s_lc.fits
453123222,33,tess2020351194500-s0033-0000000453123222-0203-s_lc.fits
373843238,33,tess2020351194500-s0033-0000000373843238-0203-s_lc.fits
237980394,33,tess2020351194500-s0033-0000000237980394-0203-s_lc.fits
4981880,33,tess2020351194500-s0033-0000000004981880-0203-s_lc.fits
220453880,33,tess2020351194500-s0033-0000000220453880-0203-s_lc.fits
102285236,33,tess2020351194500-s0033-0000000102285236-0203-s_lc.fits
306471765,33,tess2020351194500-s0033-0000000306471765-0203-s_lc.fits
443539141,33,tess2020351194500-s0033-0000000443539141-0203-s_lc.fits
23731656,33,tess2020351194500-s0033-0000000023731656-0203-s_lc.fits
149450941,33,tess2020351194500-s0033-0000000149450941-0203-s_lc.fits
167721378,33,tess2020351194500-s0033-0000000167721378-0203-s_lc.fits
167207589,33,tess2020351194500-s0033-0000000167207589-0203-s_lc.fits
140455140,33,tess2020351194500-s0033-0000000140455140-0203-s_lc.fits
370227780,33,tess2020351194500-s0033-0000000370227780-0203-s_lc.fits
150394361,33,tess2020351194500-s0033-0000000150394361-0203-s_lc.fits
386426140,33,tess2020351194500-s0033-0000000386426140-0203-s_lc.fits
350934088,33,tess2020351194500-s0033-0000000350934088-0203-s_lc.fits
101268344,33,tess2020351194500-s0033-0000000101268344-0203-s_lc.fits
270623126,33,tess2020351194500-s0033-0000000270623126-0203-s_lc.fits
404798544,33,tess2020351194500-s0033-0000000404798544-0203-s_lc.fits
41081603,33,tess2020351194500-s0033-0000000041081603-0203-s_lc.fits
219379674,33,tess2020351194500-s0033-0000000219379674-0203-s_lc.fits
37496849,33,tess2020351194500-s0033-0000000037496849-0203-s_lc.fits
32951126,33,tess2020351194500-s0033-0000000032951126-0203-s_lc.fits
124228766,33,tess2020351194500-s0033-0000000124228766-0203-s_lc.fits
176518865,33,tess2020351194500-s0033-0000000176518865-0203-s_lc.fits
179583146,33,tess2020351194500-s0033-0000000179583146-0203-s_lc.fits
38570567,33,tess2020351194500-s0033-0000000038570567-0203-s_lc.fits
235077663,33,tess2020351194500-s0033-0000000235077663-0203-s_lc.fits
170275375,33,tess2020351194500-s0033-0000000170275375-0203-s_lc.fits
66232113,33,tess2020351194500-s0033-0000000066232113-0203-s_lc.fits
81583268,33,tess2020351194500-s0033-0000000081583268-0203-s_lc.fits
279571746,33,tess2020351194500-s0033-0000000279571746-0203-s_lc.fits
202057341,33,tess2020351194500-s0033-0000000202057341-0203-s_lc.fits
150323994,33,tess2020351194500-s0033-0000000150323994-0203-s_lc.fits
167745977,33,tess2020351194500-s0033-0000000167745977-0203-s_lc.fits
37004041,33,tess2020351194500-s0033-0000000037004041-0203-s_lc.fits
255759613,33,tess2020351194500-s0033-0000000255759613-0203-s_lc.fits
119369856,33,tess2020351194500-s0033-0000000119369856-0203-s_lc.fits
714203476,33,tess2020351194500-s0033-0000000714203476-0203-s_lc.fits
279475245,33,tess2020351194500-s0033-0000000279475245-0203-s_lc.fits
201421509,33,tess2020351194500-s0033-0000000201421509-0203-s_lc.fits
142669719,33,tess2020351194500-s0033-0000000142669719-0203-s_lc.fits
65131895,33,tess2020351194500-s0033-0000000065131895-0203-s_lc.fits
373840004,33,tess2020351194500-s0033-0000000373840004-0203-s_lc.fits
172120507,33,tess2020351194500-s0033-0000000172120507-0203-s_lc.fits
143316549,33,tess2020351194500-s0033-0000000143316549-0203-s_lc.fits
172401528,33,tess2020351194500-s0033-0000000172401528-0203-s_lc.fits
144520071,33,tess2020351194500-s0033-0000000144520071-0203-s_lc.fits
23029748,33,tess2020351194500-s0033-0000000023029748-0203-s_lc.fits
143147292,33,tess2020351194500-s0033-0000000143147292-0203-s_lc.fits
142018464,33,tess2020351194500-s0033-0000000142018464-0203-s_lc.fits
63359861,33,tess2020351194500-s0033-0000000063359861-0203-s_lc.fits
319617749,33,tess2020351194500-s0033-0000000319617749-0203-s_lc.fits
31962742,33,tess2020351194500-s0033-0000000031962742-0203-s_lc.fits
63357828,33,tess2020351194500-s0033-0000000063357828-0203-s_lc.fits
425084388,33,tess2020351194500-s0033-0000000425084388-0203-s_lc.fits
232480797,33,tess2020351194500-s0033-0000000232480797-0203-s_lc.fits
238192857,33,tess2020351194500-s0033-0000000238192857-0203-s_lc.fits
97704874,33,tess2020351194500-s0033-0000000097704874-0203-s_lc.fits
22764073,33,tess2020351194500-s0033-0000000022764073-0203-s_lc.fits
21626512,33,tess2020351194500-s0033-0000000021626512-0203-s_lc.fits
142142806,33,tess2020351194500-s0033-0000000142142806-0203-s_lc.fits
772187661,33,tess2020351194500-s0033-0000000772187661-0203-s_lc.fits
442991558,33,tess2020351194500-s0033-0000000442991558-0203-s_lc.fits
32032862,33,tess2020351194500-s0033-0000000032032862-0203-s_lc.fits
100611936,33,tess2020351194500-s0033-0000000100611936-0203-s_lc.fits
306819000,33,tess2020351194500-s0033-0000000306819000-0203-s_lc.fits
141184207,33,tess2020351194500-s0033-0000000141184207-0203-s_lc.fits
232495085,33,tess2020351194500-s0033-0000000232495085-0203-s_lc.fits
349408137,33,tess2020351194500-s0033-0000000349408137-0203-s_lc.fits
294399474,33,tess2020351194500-s0033-0000000294399474-0203-s_lc.fits
280296351,33,tess2020351194500-s0033-0000000280296351-0203-s_lc.fits
157457679,33,tess2020351194500-s0033-0000000157457679-0203-s_lc.fits
41256025,33,tess2020351194500-s0033-0000000041256025-0203-s_lc.fits
373916926,33,tess2020351194500-s0033-0000000373916926-0203-s_lc.fits
220620332,33,tess2020351194500-s0033-0000000220620332-0203-s_lc.fits
72095101,33,tess2020351194500-s0033-0000000072095101-0203-s_lc.fits
33101771,33,tess2020351194500-s0033-0000000033101771-0203-s_lc.fits
149248196,33,tess2020351194500-s0033-0000000149248196-0203-s_lc.fits
350843672,33,tess2020351194500-s0033-0000000350843672-0203-s_lc.fits
393092110,33,tess2020351194500-s0033-0000000393092110-0203-s_lc.fits
7321808,33,tess2020351194500-s0033-0000000007321808-0203-s_lc.fits
149154821,33,tess2020351194500-s0033-0000000149154821-0203-s_lc.fits
142086166,33,tess2020351194500-s0033-0000000142086166-0203-s_lc.fits
37304873,33,tess2020351194500-s0033-0000000037304873-0203-s_lc.fits
141809220,33,tess2020351194500-s0033-0000000141809220-0203-s_lc.fits
300939511,33,tess2020351194500-s0033-0000000300939511-0203-s_lc.fits
167600734,33,tess2020351194500-s0033-0000000167600734-0203-s_lc.fits
354572272,33,tess2020351194500-s0033-0000000354572272-0203-s_lc.fits
153404386,33,tess2020351194500-s0033-0000000153404386-0203-s_lc.fits
438163987,33,tess2020351194500-s0033-0000000438163987-0203-s_lc.fits
79630979,33,tess2020351194500-s0033-0000000079630979-0203-s_lc.fits
373985424,33,tess2020351194500-s0033-0000000373985424-0203-s_lc.fits
141865028,33,tess2020351194500-s0033-0000000141865028-0203-s_lc.fits
364539740,33,tess2020351194500-s0033-0000000364539740-0203-s_lc.fits
156634870,33,tess2020351194500-s0033-0000000156634870-0203-s_lc.fits
66973600,33,tess2020351194500-s0033-0000000066973600-0203-s_lc.fits
41361147,33,tess2020351194500-s0033-0000000041361147-0203-s_lc.fits
63952588,33,tess2020351194500-s0033-0000000063952588-0203-s_lc.fits
337088590,33,tess2020351194500-s0033-0000000337088590-0203-s_lc.fits
201430360,33,tess2020351194500-s0033-0000000201430360-0203-s_lc.fits
143107923,33,tess2020351194500-s0033-0000000143107923-0203-s_lc.fits
277022505,33,tess2020351194500-s0033-0000000277022505-0203-s_lc.fits
88928091,33,tess2020351194500-s0033-0000000088928091-0203-s_lc.fits
294099852,33,tess2020351194500-s0033-0000000294099852-0203-s_lc.fits
7421388,33,tess2020351194500-s0033-0000000007421388-0203-s_lc.fits
167603934,33,tess2020351194500-s0033-0000000167603934-0203-s_lc.fits
156919769,33,tess2020351194500-s0033-0000000156919769-0203-s_lc.fits
231945429,33,tess2020351194500-s0033-0000000231945429-0203-s_lc.fits
235276120,33,tess2020351194500-s0033-0000000235276120-0203-s_lc.fits
156709835,33,tess2020351194500-s0033-0000000156709835-0203-s_lc.fits
32034372,33,tess2020351194500-s0033-0000000032034372-0203-s_lc.fits
219166768,33,tess2020351194500-s0033-0000000219166768-0203-s_lc.fits
172078153,33,tess2020351194500-s0033-0000000172078153-0203-s_lc.fits
290715718,33,tess2020351194500-s0033-0000000290715718-0203-s_lc.fits
96384868,33,tess2020351194500-s0033-0000000096384868-0203-s_lc.fits
238058855,33,tess2020351194500-s0033-0000000238058855-0203-s_lc.fits
26594877,33,tess2020351194500-s0033-0000000026594877-0203-s_lc.fits
319564278,33,tess2020351194500-s0033-0000000319564278-0203-s_lc.fits
284424016,33,tess2020351194500-s0033-0000000284424016-0203-s_lc.fits
262610450,33,tess2020351194500-s0033-0000000262610450-0203-s_lc.fits
48620979,33,tess2020351194500-s0033-0000000048620979-0203-s_lc.fits
119300907,33,tess2020351194500-s0033-0000000119300907-0203-s_lc.fits
277300215,33,tess2020351194500-s0033-0000000277300215-0203-s_lc.fits
207328101,33,tess2020351194500-s0033-0000000207328101-0203-s_lc.fits
457044650,33,tess2020351194500-s0033-0000000457044650-0203-s_lc.fits
710826362,33,tess2020351194500-s0033-0000000710826362-0203-s_lc.fits
123577762,33,tess2020351194500-s0033-0000000123577762-0203-s_lc.fits
220328205,33,tess2020351194500-s0033-0000000220328205-0203-s_lc.fits
100593518,33,tess2020351194500-s0033-0000000100593518-0203-s_lc.fits
299802369,33,tess2020351194500-s0033-0000000299802369-0203-s_lc.fits
7419948,33,tess2020351194500-s0033-0000000007419948-0203-s_lc.fits
374911449,33,tess2020351194500-s0033-0000000374911449-0203-s_lc.fits
141436215,33,tess2020351194500-s0033-0000000141436215-0203-s_lc.fits
262576911,33,tess2020351194500-s0033-0000000262576911-0203-s_lc.fits
141029787,33,tess2020351194500-s0033-0000000141029787-0203-s_lc.fits
177649457,33,tess2020351194500-s0033-0000000177649457-0203-s_lc.fits
177126182,33,tess2020351194500-s0033-0000000177126182-0203-s_lc.fits
306895209,33,tess2020351194500-s0033-0000000306895209-0203-s_lc.fits
282710556,33,tess2020351194500-s0033-0000000282710556-0203-s_lc.fits
157459952,33,tess2020351194500-s0033-0000000157459952-0203-s_lc.fits
148475866,33,tess2020351194500-s0033-0000000148475866-0203-s_lc.fits
176981308,33,tess2020351194500-s0033-0000000176981308-0203-s_lc.fits
153097640,33,tess2020351194500-s0033-0000000153097640-0203-s_lc.fits
247912903,33,tess2020351194500-s0033-0000000247912903-0203-s_lc.fits
53906215,33,tess2020351194500-s0033-0000000053906215-0203-s_lc.fits
333503213,33,tess2020351194500-s0033-0000000333503213-0203-s_lc.fits
60292733,33,tess2020351194500-s0033-0000000060292733-0203-s_lc.fits
147979333,33,tess2020351194500-s0033-0000000147979333-0203-s_lc.fits
231811528,33,tess2020351194500-s0033-0000000231811528-0203-s_lc.fits
299733618,33,tess2020351194500-s0033-0000000299733618-0203-s_lc.fits
149630754,33,tess2020351194500-s0033-0000000149630754-0203-s_lc.fits
34651590,33,tess2020351194500-s0033-0000000034651590-0203-s_lc.fits
281575623,33,tess2020351194500-s0033-0000000281575623-0203-s_lc.fits
231089264,33,tess2020351194500-s0033-0000000231089264-0203-s_lc.fits
259701034,33,tess2020351194500-s0033-0000000259701034-0203-s_lc.fits
55500825,33,tess2020351194500-s0033-0000000055500825-0203-s_lc.fits
151582633,33,tess2020351194500-s0033-0000000151582633-0203-s_lc.fits
14367472,33,tess2020351194500-s0033-0000000014367472-0203-s_lc.fits
167338863,33,tess2020351194500-s0033-0000000167338863-0203-s_lc.fits
101197336,33,tess2020351194500-s0033-0000000101197336-0203-s_lc.fits
382030585,33,tess2020351194500-s0033-0000000382030585-0203-s_lc.fits
22535327,33,tess2020351194500-s0033-0000000022535327-0203-s_lc.fits
339960706,33,tess2020351194500-s0033-0000000339960706-0203-s_lc.fits
453080267,33,tess2020351194500-s0033-0000000453080267-0203-s_lc.fits
317687664,33,tess2020351194500-s0033-0000000317687664-0203-s_lc.fits
278866967,33,tess2020351194500-s0033-0000000278866967-0203-s_lc.fits
237948122,33,tess2020351194500-s0033-0000000237948122-0203-s_lc.fits
170225363,33,tess2020351194500-s0033-0000000170225363-0203-s_lc.fits
373594111,33,tess2020351194500-s0033-0000000373594111-0203-s_lc.fits
52963980,33,tess2020351194500-s0033-0000000052963980-0203-s_lc.fits
32643234,33,tess2020351194500-s0033-0000000032643234-0203-s_lc.fits
63423875,33,tess2020351194500-s0033-0000000063423875-0203-s_lc.fits
350183722,33,tess2020351194500-s0033-0000000350183722-0203-s_lc.fits
220435154,33,tess2020351194500-s0033-0000000220435154-0203-s_lc.fits
733116725,33,tess2020351194500-s0033-0000000733116725-0203-s_lc.fits
157529717,33,tess2020351194500-s0033-0000000157529717-0203-s_lc.fits
100779716,33,tess2020351194500-s0033-0000000100779716-0203-s_lc.fits
409321615,33,tess2020351194500-s0033-0000000409321615-0203-s_lc.fits
278988068,33,tess2020351194500-s0033-0000000278988068-0203-s_lc.fits
53586448,33,tess2020351194500-s0033-0000000053586448-0203-s_lc.fits
60380693,33,tess2020351194500-s0033-0000000060380693-0203-s_lc.fits
173034918,33,tess2020351194500-s0033-0000000173034918-0203-s_lc.fits
318287385,33,tess2020351194500-s0033-0000000318287385-0203-s_lc.fits
306631838,33,tess2020351194500-s0033-0000000306631838-0203-s_lc.fits
231917537,33,tess2020351194500-s0033-0000000231917537-0203-s_lc.fits
59887764,33,tess2020351194500-s0033-0000000059887764-0203-s_lc.fits
78824322,33,tess2020351194500-s0033-0000000078824322-0203-s_lc.fits
280704457,33,tess2020351194500-s0033-0000000280704457-0203-s_lc.fits
33198022,33,tess2020351194500-s0033-0000000033198022-0203-s_lc.fits
42633832,33,tess2020351194500-s0033-0000000042633832-0203-s_lc.fits
453188231,33,tess2020351194500-s0033-0000000453188231-0203-s_lc.fits
20141494,33,tess2020351194500-s0033-0000000020141494-0203-s_lc.fits
61684974,33,tess2020351194500-s0033-0000000061684974-0203-s_lc.fits
37603458,33,tess2020351194500-s0033-0000000037603458-0203-s_lc.fits
235441911,33,tess2020351194500-s0033-0000000235441911-0203-s_lc.fits
299906036,33,tess2020351194500-s0033-0000000299906036-0203-s_lc.fits
176454277,33,tess2020351194500-s0033-0000000176454277-0203-s_lc.fits
66739045,33,tess2020351194500-s0033-0000000066739045-0203-s_lc.fits
293973832,33,tess2020351194500-s0033-0000000293973832-0203-s_lc.fits
52541466,33,tess2020351194500-s0033-0000000052541466-0203-s_lc.fits
350520993,33,tess2020351194500-s0033-0000000350520993-0203-s_lc.fits
393384527,33,tess2020351194500-s0033-0000000393384527-0203-s_lc.fits
238025008,33,tess2020351194500-s0033-0000000238025008-0203-s_lc.fits
461839750,33,tess2020351194500-s0033-0000000461839750-0203-s_lc.fits
147030230,33,tess2020351194500-s0033-0000000147030230-0203-s_lc.fits
279573359,33,tess2020351194500-s0033-0000000279573359-0203-s_lc.fits
38942727,33,tess2020351194500-s0033-0000000038942727-0203-s_lc.fits
49776130,33,tess2020351194500-s0033-0000000049776130-0203-s_lc.fits
37198125,33,tess2020351194500-s0033-0000000037198125-0203-s_lc.fits
440779030,33,tess2020351194500-s0033-0000000440779030-0203-s_lc.fits
141621631,33,tess2020351194500-s0033-0000000141621631-0203-s_lc.fits
177252896,33,tess2020351194500-s0033-0000000177252896-0203-s_lc.fits
59535615,33,tess2020351194500-s0033-0000000059535615-0203-s_lc.fits
32000208,33,tess2020351194500-s0033-0000000032000208-0203-s_lc.fits
98547096,33,tess2020351194500-s0033-0000000098547096-0203-s_lc.fits
235102756,33,tess2020351194500-s0033-0000000235102756-0203-s_lc.fits
685552894,33,tess2020351194500-s0033-0000000685552894-0203-s_lc.fits
382101519,33,tess2020351194500-s0033-0000000382101519-0203-s_lc.fits
355359541,33,tess2020351194500-s0033-0000000355359541-0203-s_lc.fits
100531312,33,tess2020351194500-s0033-0000000100531312-0203-s_lc.fits
291309218,33,tess2020351194500-s0033-0000000291309218-0203-s_lc.fits
237756043,33,tess2020351194500-s0033-0000000237756043-0203-s_lc.fits
299940595,33,tess2020351194500-s0033-0000000299940595-0203-s_lc.fits
294276888,33,tess2020351194500-s0033-0000000294276888-0203-s_lc.fits
42230650,33,tess2020351194500-s0033-0000000042230650-0203-s_lc.fits
350933091,33,tess2020351194500-s0033-0000000350933091-0203-s_lc.fits
150245438,33,tess2020351194500-s0033-0000000150245438-0203-s_lc.fits
737396657,33,tess2020351194500-s0033-0000000737396657-0203-s_lc.fits
355404411,33,tess2020351194500-s0033-0000000355404411-0203-s_lc.fits
293320325,33,tess2020351194500-s0033-0000000293320325-0203-s_lc.fits
130577869,33,tess2020351194500-s0033-0000000130577869-0203-s_lc.fits
409533009,33,tess2020351194500-s0033-0000000409533009-0203-s_lc.fits
48324819,33,tess2020351194500-s0033-0000000048324819-0203-s_lc.fits
66914979,33,tess2020351194500-s0033-0000000066914979-0203-s_lc.fits
281900982,33,tess2020351194500-s0033-0000000281900982-0203-s_lc.fits
349306411,33,tess2020351194500-s0033-0000000349306411-0203-s_lc.fits
299469844,33,tess2020351194500-s0033-0000000299469844-0203-s_lc.fits
300813258,33,tess2020351194500-s0033-0000000300813258-0203-s_lc.fits
53598715,33,tess2020351194500-s0033-0000000053598715-0203-s_lc.fits
207249511,33,tess2020351194500-s0033-0000000207249511-0203-s_lc.fits
231729342,33,tess2020351194500-s0033-0000000231729342-0203-s_lc.fits
92013930,33,tess2020351194500-s0033-0000000092013930-0203-s_lc.fits
263290313,33,tess2020351194500-s0033-0000000263290313-0203-s_lc.fits
220598873,33,tess2020351194500-s0033-0000000220598873-0203-s_lc.fits
39542007,33,tess2020351194500-s0033-0000000039542007-0203-s_lc.fits
78738733,33,tess2020351194500-s0033-0000000078738733-0203-s_lc.fits
709668387,33,tess2020351194500-s0033-0000000709668387-0203-s_lc.fits
53408232,33,tess2020351194500-s0033-0000000053408232-0203-s_lc.fits
260609330,33,tess2020351194500-s0033-0000000260609330-0203-s_lc.fits
20233042,33,tess2020351194500-s0033-0000000020233042-0203-s_lc.fits
37198524,33,tess2020351194500-s0033-0000000037198524-0203-s_lc.fits
118868511,33,tess2020351194500-s0033-0000000118868511-0203-s_lc.fits
264689468,33,tess2020351194500-s0033-0000000264689468-0203-s_lc.fits
650221282,33,tess2020351194500-s0033-0000000650221282-0203-s_lc.fits
350031594,33,tess2020351194500-s0033-0000000350031594-0203-s_lc.fits
255760657,33,tess2020351194500-s0033-0000000255760657-0203-s_lc.fits
37546581,33,tess2020351194500-s0033-0000000037546581-0203-s_lc.fits
63572058,33,tess2020351194500-s0033-0000000063572058-0203-s_lc.fits
232485157,33,tess2020351194500-s0033-0000000232485157-0203-s_lc.fits
438532902,33,tess2020351194500-s0033-0000000438532902-0203-s_lc.fits
260709500,33,tess2020351194500-s0033-0000000260709500-0203-s_lc.fits
319859062,33,tess2020351194500-s0033-0000000319859062-0203-s_lc.fits
124691357,33,tess2020351194500-s0033-0000000124691357-0203-s_lc.fits
158031811,33,tess2020351194500-s0033-0000000158031811-0203-s_lc.fits
443316662,33,tess2020351194500-s0033-0000000443316662-0203-s_lc.fits
24624575,33,tess2020351194500-s0033-0000000024624575-0203-s_lc.fits
101212729,33,tess2020351194500-s0033-0000000101212729-0203-s_lc.fits
48952585,33,tess2020351194500-s0033-0000000048952585-0203-s_lc.fits
294750180,33,tess2020351194500-s0033-0000000294750180-0203-s_lc.fits
38468952,33,tess2020351194500-s0033-0000000038468952-0203-s_lc.fits
150391988,33,tess2020351194500-s0033-0000000150391988-0203-s_lc.fits
229395214,33,tess2020351194500-s0033-0000000229395214-0203-s_lc.fits
264566780,33,tess2020351194500-s0033-0000000264566780-0203-s_lc.fits
37349364,33,tess2020351194500-s0033-0000000037349364-0203-s_lc.fits
192784976,33,tess2020351194500-s0033-0000000192784976-0203-s_lc.fits
238194082,33,tess2020351194500-s0033-0000000238194082-0203-s_lc.fits
270891712,33,tess2020351194500-s0033-0000000270891712-0203-s_lc.fits
309659124,33,tess2020351194500-s0033-0000000309659124-0203-s_lc.fits
393296630,33,tess2020351194500-s0033-0000000393296630-0203-s_lc.fits
306778001,33,tess2020351194500-s0033-0000000306778001-0203-s_lc.fits
220389355,33,tess2020351194500-s0033-0000000220389355-0203-s_lc.fits
306470809,33,tess2020351194500-s0033-0000000306470809-0203-s_lc.fits
713621953,33,tess2020351194500-s0033-0000000713621953-0203-s_lc.fits
279157426,33,tess2020351194500-s0033-0000000279157426-0203-s_lc.fits
238227405,33,tess2020351194500-s0033-0000000238227405-0203-s_lc.fits
148476714,33,tess2020351194500-s0033-0000000148476714-0203-s_lc.fits
25080961,33,tess2020351194500-s0033-0000000025080961-0203-s_lc.fits
350824219,33,tess2020351194500-s0033-0000000350824219-0203-s_lc.fits
63808803,33,tess2020351194500-s0033-0000000063808803-0203-s_lc.fits
49245665,33,tess2020351194500-s0033-0000000049245665-0203-s_lc.fits
277026183,33,tess2020351194500-s0033-0000000277026183-0203-s_lc.fits
235505499,33,tess2020351194500-s0033-0000000235505499-0203-s_lc.fits
333339196,33,tess2020351194500-s0033-0000000333339196-0203-s_lc.fits
32032672,33,tess2020351194500-s0033-0000000032032672-0203-s_lc.fits
237731377,33,tess2020351194500-s0033-0000000237731377-0203-s_lc.fits
155093420,33,tess2020351194500-s0033-0000000155093420-0203-s_lc.fits
386150510,33,tess2020351194500-s0033-0000000386150510-0203-s_lc.fits
192852545,33,tess2020351194500-s0033-0000000192852545-0203-s_lc.fits
317798713,33,tess2020351194500-s0033-0000000317798713-0203-s_lc.fits
60349914,33,tess2020351194500-s0033-0000000060349914-0203-s_lc.fits
33472333,33,tess2020351194500-s0033-0000000033472333-0203-s_lc.fits
80670342,33,tess2020351194500-s0033-0000000080670342-0203-s_lc.fits
149600846,33,tess2020351194500-s0033-0000000149600846-0203-s_lc.fits
123884409,33,tess2020351194500-s0033-0000000123884409-0203-s_lc.fits
25155984,33,tess2020351194500-s0033-0000000025155984-0203-s_lc.fits
234806470,33,tess2020351194500-s0033-0000000234806470-0203-s_lc.fits
300709748,33,tess2020351194500-s0033-0000000300709748-0203-s_lc.fits
64549267,33,tess2020351194500-s0033-0000000064549267-0203-s_lc.fits
37502604,33,tess2020351194500-s0033-0000000037502604-0203-s_lc.fits
124936819,33,tess2020351194500-s0033-0000000124936819-0203-s_lc.fits
33996730,33,tess2020351194500-s0033-0000000033996730-0203-s_lc.fits
237742103,33,tess2020351194500-s0033-0000000237742103-0203-s_lc.fits
348795308,33,tess2020351194500-s0033-0000000348795308-0203-s_lc.fits
231720363,33,tess2020351194500-s0033-0000000231720363-0203-s_lc.fits
229280831,33,tess2020351194500-s0033-0000000229280831-0203-s_lc.fits
71964412,33,tess2020351194500-s0033-0000000071964412-0203-s_lc.fits
125415240,33,tess2020351194500-s0033-0000000125415240-0203-s_lc.fits
37350381,33,tess2020351194500-s0033-0000000037350381-0203-s_lc.fits
31471999,33,tess2020351194500-s0033-0000000031471999-0203-s_lc.fits
294275677,33,tess2020351194500-s0033-0000000294275677-0203-s_lc.fits
235542452,33,tess2020351194500-s0033-0000000235542452-0203-s_lc.fits
148047392,33,tess2020351194500-s0033-0000000148047392-0203-s_lc.fits
287492310,33,tess2020351194500-s0033-0000000287492310-0203-s_lc.fits
123847023,33,tess2020351194500-s0033-0000000123847023-0203-s_lc.fits
20296854,33,tess2020351194500-s0033-0000000020296854-0203-s_lc.fits
72091823,33,tess2020351194500-s0033-0000000072091823-0203-s_lc.fits
393296231,33,tess2020351194500-s0033-0000000393296231-0203-s_lc.fits
150143137,33,tess2020351194500-s0033-0000000150143137-0203-s_lc.fits
231717995,33,tess2020351194500-s0033-0000000231717995-0203-s_lc.fits
172703217,33,tess2020351194500-s0033-0000000172703217-0203-s_lc.fits
150105350,33,tess2020351194500-s0033-0000000150105350-0203-s_lc.fits
157751429,33,tess2020351194500-s0033-0000000157751429-0203-s_lc.fits
81935423,33,tess2020351194500-s0033-0000000081935423-0203-s_lc.fits
141708335,33,tess2020351194500-s0033-0000000141708335-0203-s_lc.fits
382199496,33,tess2020351194500-s0033-0000000382199496-0203-s_lc.fits
264166969,33,tess2020351194500-s0033-0000000264166969-0203-s_lc.fits
33881153,33,tess2020351194500-s0033-0000000033881153-0203-s_lc.fits
100723837,33,tess2020351194500-s0033-0000000100723837-0203-s_lc.fits
167695608,33,tess2020351194500-s0033-0000000167695608-0203-s_lc.fits
265904442,33,tess2020351194500-s0033-0000000265904442-0203-s_lc.fits
38583375,33,tess2020351194500-s0033-0000000038583375-0203-s_lc.fits
279951435,33,tess2020351194500-s0033-0000000279951435-0203-s_lc.fits
443154632,33,tess2020351194500-s0033-0000000443154632-0203-s_lc.fits
279156966,33,tess2020351194500-s0033-0000000279156966-0203-s_lc.fits
300809119,33,tess2020351194500-s0033-0000000300809119-0203-s_lc.fits
30316134,33,tess2020351194500-s0033-0000000030316134-0203-s_lc.fits
30113318,33,tess2020351194500-s0033-0000000030113318-0203-s_lc.fits
453139848,33,tess2020351194500-s0033-0000000453139848-0203-s_lc.fits
143203597,33,tess2020351194500-s0033-0000000143203597-0203-s_lc.fits
32542621,33,tess2020351194500-s0033-0000000032542621-0203-s_lc.fits
20093825,33,tess2020351194500-s0033-0000000020093825-0203-s_lc.fits
255614432,33,tess2020351194500-s0033-0000000255614432-0203-s_lc.fits
61760273,33,tess2020351194500-s0033-0000000061760273-0203-s_lc.fits
12345328,33,tess2020351194500-s0033-0000000012345328-0203-s_lc.fits
141185142,33,tess2020351194500-s0033-0000000141185142-0203-s_lc.fits
26338532,33,tess2020351194500-s0033-0000000026338532-0203-s_lc.fits
403731073,33,tess2020351194500-s0033-0000000403731073-0203-s_lc.fits
766350417,33,tess2020351194500-s0033-0000000766350417-0203-s_lc.fits
443174527,33,tess2020351194500-s0033-0000000443174527-0203-s_lc.fits
234890714,33,tess2020351194500-s0033-0000000234890714-0203-s_lc.fits
47763235,33,tess2020351194500-s0033-0000000047763235-0203-s_lc.fits
292181908,33,tess2020351194500-s0033-0000000292181908-0203-s_lc.fits
438335293,33,tess2020351194500-s0033-0000000438335293-0203-s_lc.fits
300448273,33,tess2020351194500-s0033-0000000300448273-0203-s_lc.fits
140282899,33,tess2020351194500-s0033-0000000140282899-0203-s_lc.fits
260240167,33,tess2020351194500-s0033-0000000260240167-0203-s_lc.fits
375147287,33,tess2020351194500-s0033-0000000375147287-0203-s_lc.fits
96591469,33,tess2020351194500-s0033-0000000096591469-0203-s_lc.fits
320338581,33,tess2020351194500-s0033-0000000320338581-0203-s_lc.fits
438320644,33,tess2020351194500-s0033-0000000438320644-0203-s_lc.fits
37090001,33,tess2020351194500-s0033-0000000037090001-0203-s_lc.fits
300444952,33,tess2020351194500-s0033-0000000300444952-0203-s_lc.fits
290753595,33,tess2020351194500-s0033-0000000290753595-0203-s_lc.fits
260003139,33,tess2020351194500-s0033-0000000260003139-0203-s_lc.fits
80044638,33,tess2020351194500-s0033-0000000080044638-0203-s_lc.fits
140599056,33,tess2020351194500-s0033-0000000140599056-0203-s_lc.fits
256984911,33,tess2020351194500-s0033-0000000256984911-0203-s_lc.fits
220425726,33,tess2020351194500-s0033-0000000220425726-0203-s_lc.fits
220478453,33,tess2020351194500-s0033-0000000220478453-0203-s_lc.fits
229395772,33,tess2020351194500-s0033-0000000229395772-0203-s_lc.fits
37151313,33,tess2020351194500-s0033-0000000037151313-0203-s_lc.fits
147705161,33,tess2020351194500-s0033-0000000147705161-0203-s_lc.fits
100776118,33,tess2020351194500-s0033-0000000100776118-0203-s_lc.fits
170270976,33,tess2020351194500-s0033-0000000170270976-0203-s_lc.fits
80665394,33,tess2020351194500-s0033-0000000080665394-0203-s_lc.fits
40897656,33,tess2020351194500-s0033-0000000040897656-0203-s_lc.fits
123894555,33,tess2020351194500-s0033-0000000123894555-0203-s_lc.fits
232046844,33,tess2020351194500-s0033-0000000232046844-0203-s_lc.fits
468959529,33,tess2020351194500-s0033-0000000468959529-0203-s_lc.fits
39413739,33,tess2020351194500-s0033-0000000039413739-0203-s_lc.fits
177253915,33,tess2020351194500-s0033-0000000177253915-0203-s_lc.fits
33091633,33,tess2020351194500-s0033-0000000033091633-0203-s_lc.fits
262493137,33,tess2020351194500-s0033-0000000262493137-0203-s_lc.fits
97058001,33,tess2020351194500-s0033-0000000097058001-0203-s_lc.fits
318128293,33,tess2020351194500-s0033-0000000318128293-0203-s_lc.fits
234163727,33,tess2020351194500-s0033-0000000234163727-0203-s_lc.fits
712406809,33,tess2020351194500-s0033-0000000712406809-0203-s_lc.fits
350933853,33,tess2020351194500-s0033-0000000350933853-0203-s_lc.fits
55743520,33,tess2020351194500-s0033-0000000055743520-0203-s_lc.fits
177124474,33,tess2020351194500-s0033-0000000177124474-0203-s_lc.fits
370236000,33,tess2020351194500-s0033-0000000370236000-0203-s_lc.fits
300039724,33,tess2020351194500-s0033-0000000300039724-0203-s_lc.fits
350657595,33,tess2020351194500-s0033-0000000350657595-0203-s_lc.fits
59761886,33,tess2020351194500-s0033-0000000059761886-0203-s_lc.fits
256992417,33,tess2020351194500-s0033-0000000256992417-0203-s_lc.fits
235334234,33,tess2020351194500-s0033-0000000235334234-0203-s_lc.fits
98481428,33,tess2020351194500-s0033-0000000098481428-0203-s_lc.fits
219398982,33,tess2020351194500-s0033-0000000219398982-0203-s_lc.fits
32811172,33,tess2020351194500-s0033-0000000032811172-0203-s_lc.fits
317805020,33,tess2020351194500-s0033-0000000317805020-0203-s_lc.fits
277023834,33,tess2020351194500-s0033-0000000277023834-0203-s_lc.fits
38469560,33,tess2020351194500-s0033-0000000038469560-0203-s_lc.fits
21576479,33,tess2020351194500-s0033-0000000021576479-0203-s_lc.fits
350580827,33,tess2020351194500-s0033-0000000350580827-0203-s_lc.fits
238082777,33,tess2020351194500-s0033-0000000238082777-0203-s_lc.fits
72217245,33,tess2020351194500-s0033-0000000072217245-0203-s_lc.fits
52917239,33,tess2020351194500-s0033-0000000052917239-0203-s_lc.fits
272194505,33,tess2020351194500-s0033-0000000272194505-0203-s_lc.fits
80924169,33,tess2020351194500-s0033-0000000080924169-0203-s_lc.fits
41483281,33,tess2020351194500-s0033-0000000041483281-0203-s_lc.fits
349647610,33,tess2020351194500-s0033-0000000349647610-0203-s_lc.fits
141335886,33,tess2020351194500-s0033-0000000141335886-0203-s_lc.fits
238185398,33,tess2020351194500-s0033-0000000238185398-0203-s_lc.fits
124639485,33,tess2020351194500-s0033-0000000124639485-0203-s_lc.fits
382437417,33,tess2020351194500-s0033-0000000382437417-0203-s_lc.fits
207302590,33,tess2020351194500-s0033-0000000207302590-0203-s_lc.fits
33861618,33,tess2020351194500-s0033-0000000033861618-0203-s_lc.fits
167308905,33,tess2020351194500-s0033-0000000167308905-0203-s_lc.fits
167720028,33,tess2020351194500-s0033-0000000167720028-0203-s_lc.fits
314828080,33,tess2020351194500-s0033-0000000314828080-0203-s_lc.fits
231915964,33,tess2020351194500-s0033-0000000231915964-0203-s_lc.fits
160348273,33,tess2020351194500-s0033-0000000160348273-0203-s_lc.fits
172028891,33,tess2020351194500-s0033-0000000172028891-0203-s_lc.fits
21538624,33,tess2020351194500-s0033-0000000021538624-0203-s_lc.fits
349371980,33,tess2020351194500-s0033-0000000349371980-0203-s_lc.fits
21540586,33,tess2020351194500-s0033-0000000021540586-0203-s_lc.fits
32833127,33,tess2020351194500-s0033-0000000032833127-0203-s_lc.fits
386531926,33,tess2020351194500-s0033-0000000386531926-0203-s_lc.fits
177447353,33,tess2020351194500-s0033-0000000177447353-0203-s_lc.fits
177648205,33,tess2020351194500-s0033-0000000177648205-0203-s_lc.fits
147587254,33,tess2020351194500-s0033-0000000147587254-0203-s_lc.fits
177349362,33,tess2020351194500-s0033-0000000177349362-0203-s_lc.fits
238026083,33,tess2020351194500-s0033-0000000238026083-0203-s_lc.fits
192789405,33,tess2020351194500-s0033-0000000192789405-0203-s_lc.fits
219199764,33,tess2020351194500-s0033-0000000219199764-0203-s_lc.fits
55850410,33,tess2020351194500-s0033-0000000055850410-0203-s_lc.fits
147853586,33,tess2020351194500-s0033-0000000147853586-0203-s_lc.fits
278988097,33,tess2020351194500-s0033-0000000278988097-0203-s_lc.fits
339668192,33,tess2020351194500-s0033-0000000339668192-0203-s_lc.fits
160328766,33,tess2020351194500-s0033-0000000160328766-0203-s_lc.fits
261877500,33,tess2020351194500-s0033-0000000261877500-0203-s_lc.fits
393296844,33,tess2020351194500-s0033-0000000393296844-0203-s_lc.fits
373916957,33,tess2020351194500-s0033-0000000373916957-0203-s_lc.fits
234933597,33,tess2020351194500-s0033-0000000234933597-0203-s_lc.fits
255586622,33,tess2020351194500-s0033-0000000255586622-0203-s_lc.fits
238159192,33,tess2020351194500-s0033-0000000238159192-0203-s_lc.fits
386203636,33,tess2020351194500-s0033-0000000386203636-0203-s_lc.fits
42234258,33,tess2020351194500-s0033-0000000042234258-0203-s_lc.fits
155088431,33,tess2020351194500-s0033-0000000155088431-0203-s_lc.fits
33092345,33,tess2020351194500-s0033-0000000033092345-0203-s_lc.fits
48517991,33,tess2020351194500-s0033-0000000048517991-0203-s_lc.fits
364324096,33,tess2020351194500-s0033-0000000364324096-0203-s_lc.fits
350764517,33,tess2020351194500-s0033-0000000350764517-0203-s_lc.fits
379952138,33,tess2020351194500-s0033-0000000379952138-0203-s_lc.fits
97797589,33,tess2020351194500-s0033-0000000097797589-0203-s_lc.fits
231739433,33,tess2020351194500-s0033-0000000231739433-0203-s_lc.fits
382160101,33,tess2020351194500-s0033-0000000382160101-0203-s_lc.fits
52963455,33,tess2020351194500-s0033-0000000052963455-0203-s_lc.fits
294627157,33,tess2020351194500-s0033-0000000294627157-0203-s_lc.fits
150185581,33,tess2020351194500-s0033-0000000150185581-0203-s_lc.fits
93239253,33,tess2020351194500-s0033-0000000093239253-0203-s_lc.fits
95328477,33,tess2020351194500-s0033-0000000095328477-0203-s_lc.fits
300812741,33,tess2020351194500-s0033-0000000300812741-0203-s_lc.fits
201513756,33,tess2020351194500-s0033-0000000201513756-0203-s_lc.fits
220600684,33,tess2020351194500-s0033-0000000220600684-0203-s_lc.fits
160350203,33,tess2020351194500-s0033-0000000160350203-0203-s_lc.fits
438461056,33,tess2020351194500-s0033-0000000438461056-0203-s_lc.fits
141871569,33,tess2020351194500-s0033-0000000141871569-0203-s_lc.fits
178424563,33,tess2020351194500-s0033-0000000178424563-0203-s_lc.fits
14561070,33,tess2020351194500-s0033-0000000014561070-0203-s_lc.fits
26461246,33,tess2020351194500-s0033-0000000026461246-0203-s_lc.fits
262601649,33,tess2020351194500-s0033-0000000262601649-0203-s_lc.fits
219409322,33,tess2020351194500-s0033-0000000219409322-0203-s_lc.fits
51336920,33,tess2020351194500-s0033-0000000051336920-0203-s_lc.fits
393230392,33,tess2020351194500-s0033-0000000393230392-0203-s_lc.fits
38023727,33,tess2020351194500-s0033-0000000038023727-0203-s_lc.fits
262695425,33,tess2020351194500-s0033-0000000262695425-0203-s_lc.fits
37349699,33,tess2020351194500-s0033-0000000037349699-0203-s_lc.fits
64549889,33,tess2020351194500-s0033-0000000064549889-0203-s_lc.fits
93167315,33,tess2020351194500-s0033-0000000093167315-0203-s_lc.fits
234556009,33,tess2020351194500-s0033-0000000234556009-0203-s_lc.fits
176471498,33,tess2020351194500-s0033-0000000176471498-0203-s_lc.fits
300932264,33,tess2020351194500-s0033-0000000300932264-0203-s_lc.fits
443445286,33,tess2020351194500-s0033-0000000443445286-0203-s_lc.fits
281612646,33,tess2020351194500-s0033-0000000281612646-0203-s_lc.fits
5132776,33,tess2020351194500-s0033-0000000005132776-0203-s_lc.fits
33839220,33,tess2020351194500-s0033-0000000033839220-0203-s_lc.fits
134200185,33,tess2020351194500-s0033-0000000134200185-0203-s_lc.fits
231798010,33,tess2020351194500-s0033-0000000231798010-0203-s_lc.fits
382258769,33,tess2020351194500-s0033-0000000382258769-0203-s_lc.fits
232025596,33,tess2020351194500-s0033-0000000232025596-0203-s_lc.fits
37876407,33,tess2020351194500-s0033-0000000037876407-0203-s_lc.fits
12090320,33,tess2020351194500-s0033-0000000012090320-0203-s_lc.fits
373846088,33,tess2020351194500-s0033-0000000373846088-0203-s_lc.fits
38610352,33,tess2020351194500-s0033-0000000038610352-0203-s_lc.fits
153169016,33,tess2020351194500-s0033-0000000153169016-0203-s_lc.fits
192800872,33,tess2020351194500-s0033-0000000192800872-0203-s_lc.fits
265085996,33,tess2020351194500-s0033-0000000265085996-0203-s_lc.fits
438041954,33,tess2020351194500-s0033-0000000438041954-0203-s_lc.fits
270720458,33,tess2020351194500-s0033-0000000270720458-0203-s_lc.fits
229253479,33,tess2020351194500-s0033-0000000229253479-0203-s_lc.fits
59975066,33,tess2020351194500-s0033-0000000059975066-0203-s_lc.fits
123890904,33,tess2020351194500-s0033-0000000123890904-0203-s_lc.fits
33687057,33,tess2020351194500-s0033-0000000033687057-0203-s_lc.fits
758131707,33,tess2020351194500-s0033-0000000758131707-0203-s_lc.fits
237508930,33,tess2020351194500-s0033-0000000237508930-0203-s_lc.fits
157079021,33,tess2020351194500-s0033-0000000157079021-0203-s_lc.fits
219374573,33,tess2020351194500-s0033-0000000219374573-0203-s_lc.fits
165212342,33,tess2020351194500-s0033-0000000165212342-0203-s_lc.fits
66774609,33,tess2020351194500-s0033-0000000066774609-0203-s_lc.fits
438427630,33,tess2020351194500-s0033-0000000438427630-0203-s_lc.fits
177923418,33,tess2020351194500-s0033-0000000177923418-0203-s_lc.fits
306368261,33,tess2020351194500-s0033-0000000306368261-0203-s_lc.fits
235074538,33,tess2020351194500-s0033-0000000235074538-0203-s_lc.fits
119518438,33,tess2020351194500-s0033-0000000119518438-0203-s_lc.fits
34659392,33,tess2020351194500-s0033-0000000034659392-0203-s_lc.fits
258981159,33,tess2020351194500-s0033-0000000258981159-0203-s_lc.fits
349096525,33,tess2020351194500-s0033-0000000349096525-0203-s_lc.fits
453099618,33,tess2020351194500-s0033-0000000453099618-0203-s_lc.fits
156999450,33,tess2020351194500-s0033-0000000156999450-0203-s_lc.fits
140998816,33,tess2020351194500-s0033-0000000140998816-0203-s_lc.fits
92013169,33,tess2020351194500-s0033-0000000092013169-0203-s_lc.fits
37997648,33,tess2020351194500-s0033-0000000037997648-0203-s_lc.fits
100757807,33,tess2020351194500-s0033-0000000100757807-0203-s_lc.fits
255619519,33,tess2020351194500-s0033-0000000255619519-0203-s_lc.fits
12037904,33,tess2020351194500-s0033-0000000012037904-0203-s_lc.fits
437905604,33,tess2020351194500-s0033-0000000437905604-0203-s_lc.fits
764556440,33,tess2020351194500-s0033-0000000764556440-0203-s_lc.fits
176724585,33,tess2020351194500-s0033-0000000176724585-0203-s_lc.fits
130374045,33,tess2020351194500-s0033-0000000130374045-0203-s_lc.fits
282028338,33,tess2020351194500-s0033-0000000282028338-0203-s_lc.fits
279215237,33,tess2020351194500-s0033-0000000279215237-0203-s_lc.fits
141278810,33,tess2020351194500-s0033-0000000141278810-0203-s_lc.fits
279987397,33,tess2020351194500-s0033-0000000279987397-0203-s_lc.fits
11964580,33,tess2020351194500-s0033-0000000011964580-0203-s_lc.fits
53818140,33,tess2020351194500-s0033-0000000053818140-0203-s_lc.fits
339772356,33,tess2020351194500-s0033-0000000339772356-0203-s_lc.fits
149423433,33,tess2020351194500-s0033-0000000149423433-0203-s_lc.fits
320658001,33,tess2020351194500-s0033-0000000320658001-0203-s_lc.fits
53174750,33,tess2020351194500-s0033-0000000053174750-0203-s_lc.fits
149038292,33,tess2020351194500-s0033-0000000149038292-0203-s_lc.fits
220392081,33,tess2020351194500-s0033-0000000220392081-0203-s_lc.fits
434408053,33,tess2020351194500-s0033-0000000434408053-0203-s_lc.fits
141755687,33,tess2020351194500-s0033-0000000141755687-0203-s_lc.fits
300657526,33,tess2020351194500-s0033-0000000300657526-0203-s_lc.fits
301492476,33,tess2020351194500-s0033-0000000301492476-0203-s_lc.fits
64136033,33,tess2020351194500-s0033-0000000064136033-0203-s_lc.fits
363913149,33,tess2020351194500-s0033-0000000363913149-0203-s_lc.fits
220278318,33,tess2020351194500-s0033-0000000220278318-0203-s_lc.fits
51932858,33,tess2020351194500-s0033-0000000051932858-0203-s_lc.fits
179437520,33,tess2020351194500-s0033-0000000179437520-0203-s_lc.fits
294464091,33,tess2020351194500-s0033-0000000294464091-0203-s_lc.fits
124952549,33,tess2020351194500-s0033-0000000124952549-0203-s_lc.fits
177349660,33,tess2020351194500-s0033-0000000177349660-0203-s_lc.fits
38461205,33,tess2020351194500-s0033-0000000038461205-0203-s_lc.fits
453095489,33,tess2020351194500-s0033-0000000453095489-0203-s_lc.fits
32501143,33,tess2020351194500-s0033-0000000032501143-0203-s_lc.fits
287403631,33,tess2020351194500-s0033-0000000287403631-0203-s_lc.fits
238058019,33,tess2020351194500-s0033-0000000238058019-0203-s_lc.fits
382098485,33,tess2020351194500-s0033-0000000382098485-0203-s_lc.fits
382066923,33,tess2020351194500-s0033-0000000382066923-0203-s_lc.fits
317548889,33,tess2020351194500-s0033-0000000317548889-0203-s_lc.fits
157009221,33,tess2020351194500-s0033-0000000157009221-0203-s_lc.fits
319733038,33,tess2020351194500-s0033-0000000319733038-0203-s_lc.fits
393272116,33,tess2020351194500-s0033-0000000393272116-0203-s_lc.fits
358109953,33,tess2020351194500-s0033-0000000358109953-0203-s_lc.fits
382244898,33,tess2020351194500-s0033-0000000382244898-0203-s_lc.fits
282509703,33,tess2020351194500-s0033-0000000282509703-0203-s_lc.fits
157339072,33,tess2020351194500-s0033-0000000157339072-0203-s_lc.fits
220457904,33,tess2020351194500-s0033-0000000220457904-0203-s_lc.fits
393385816,33,tess2020351194500-s0033-0000000393385816-0203-s_lc.fits
130420396,33,tess2020351194500-s0033-0000000130420396-0203-s_lc.fits
144486786,33,tess2020351194500-s0033-0000000144486786-0203-s_lc.fits
232132679,33,tess2020351194500-s0033-0000000232132679-0203-s_lc.fits
140280887,33,tess2020351194500-s0033-0000000140280887-0203-s_lc.fits
234070374,33,tess2020351194500-s0033-0000000234070374-0203-s_lc.fits
260300455,33,tess2020351194500-s0033-0000000260300455-0203-s_lc.fits
167717679,33,tess2020351194500-s0033-0000000167717679-0203-s_lc.fits
119294103,33,tess2020351194500-s0033-0000000119294103-0203-s_lc.fits
173180455,33,tess2020351194500-s0033-0000000173180455-0203-s_lc.fits
293271518,33,tess2020351194500-s0033-0000000293271518-0203-s_lc.fits
177258471,33,tess2020351194500-s0033-0000000177258471-0203-s_lc.fits
278955132,33,tess2020351194500-s0033-0000000278955132-0203-s_lc.fits
148124865,33,tess2020351194500-s0033-0000000148124865-0203-s_lc.fits
234233177,33,tess2020351194500-s0033-0000000234233177-0203-s_lc.fits
81056205,33,tess2020351194500-s0033-0000000081056205-0203-s_lc.fits
143170903,33,tess2020351194500-s0033-0000000143170903-0203-s_lc.fits
219400271,33,tess2020351194500-s0033-0000000219400271-0203-s_lc.fits
381949122,33,tess2020351194500-s0033-0000000381949122-0203-s_lc.fits
80284712,33,tess2020351194500-s0033-0000000080284712-0203-s_lc.fits
125499201,33,tess2020351194500-s0033-0000000125499201-0203-s_lc.fits
167085242,33,tess2020351194500-s0033-0000000167085242-0203-s_lc.fits
167698322,33,tess2020351194500-s0033-0000000167698322-0203-s_lc.fits
157745518,33,tess2020351194500-s0033-0000000157745518-0203-s_lc.fits
319434771,33,tess2020351194500-s0033-0000000319434771-0203-s_lc.fits
263999003,33,tess2020351194500-s0033-0000000263999003-0203-s_lc.fits
318057695,33,tess2020351194500-s0033-0000000318057695-0203-s_lc.fits
684767046,33,tess2020351194500-s0033-0000000684767046-0203-s_lc.fits
177285682,33,tess2020351194500-s0033-0000000177285682-0203-s_lc.fits
31741904,33,tess2020351194500-s0033-0000000031741904-0203-s_lc.fits
234947036,33,tess2020351194500-s0033-0000000234947036-0203-s_lc.fits
100527824,33,tess2020351194500-s0033-0000000100527824-0203-s_lc.fits
349829627,33,tess2020351194500-s0033-0000000349829627-0203-s_lc.fits
461695923,33,tess2020351194500-s0033-0000000461695923-0203-s_lc.fits
7446371,33,tess2020351194500-s0033-0000000007446371-0203-s_lc.fits
317799138,33,tess2020351194500-s0033-0000000317799138-0203-s_lc.fits
260351985,33,tess2020351194500-s0033-0000000260351985-0203-s_lc.fits
30403921,33,tess2020351194500-s0033-0000000030403921-0203-s_lc.fits
287400588,33,tess2020351194500-s0033-0000000287400588-0203-s_lc.fits
33368467,33,tess2020351194500-s0033-0000000033368467-0203-s_lc.fits
294668993,33,tess2020351194500-s0033-0000000294668993-0203-s_lc.fits
22863186,33,tess2020351194500-s0033-0000000022863186-0203-s_lc.fits
124852770,33,tess2020351194500-s0033-0000000124852770-0203-s_lc.fits
404768475,33,tess2020351194500-s0033-0000000404768475-0203-s_lc.fits
60175114,33,tess2020351194500-s0033-0000000060175114-0203-s_lc.fits
220039253,33,tess2020351194500-s0033-0000000220039253-0203-s_lc.fits
317874257,33,tess2020351194500-s0033-0000000317874257-0203-s_lc.fits
124185904,33,tess2020351194500-s0033-0000000124185904-0203-s_lc.fits
143077055,33,tess2020351194500-s0033-0000000143077055-0203-s_lc.fits
170206627,33,tess2020351194500-s0033-0000000170206627-0203-s_lc.fits
270974617,33,tess2020351194500-s0033-0000000270974617-0203-s_lc.fits
302803407,33,tess2020351194500-s0033-0000000302803407-0203-s_lc.fits
738223598,33,tess2020351194500-s0033-0000000738223598-0203-s_lc.fits
143094123,33,tess2020351194500-s0033-0000000143094123-0203-s_lc.fits
250545533,33,tess2020351194500-s0033-0000000250545533-0203-s_lc.fits
284348793,33,tess2020351194500-s0033-0000000284348793-0203-s_lc.fits
265450960,33,tess2020351194500-s0033-0000000265450960-0203-s_lc.fits
31852585,33,tess2020351194500-s0033-0000000031852585-0203-s_lc.fits
119287437,33,tess2020351194500-s0033-0000000119287437-0203-s_lc.fits
277022637,33,tess2020351194500-s0033-0000000277022637-0203-s_lc.fits
317190842,33,tess2020351194500-s0033-0000000317190842-0203-s_lc.fits
309658809,33,tess2020351194500-s0033-0000000309658809-0203-s_lc.fits
144519059,33,tess2020351194500-s0033-0000000144519059-0203-s_lc.fits
141479310,33,tess2020351194500-s0033-0000000141479310-0203-s_lc.fits
176617830,33,tess2020351194500-s0033-0000000176617830-0203-s_lc.fits
25786214,33,tess2020351194500-s0033-0000000025786214-0203-s_lc.fits
387688980,33,tess2020351194500-s0033-0000000387688980-0203-s_lc.fits
438306275,33,tess2020351194500-s0033-0000000438306275-0203-s_lc.fits
220429378,33,tess2020351194500-s0033-0000000220429378-0203-s_lc.fits
52813624,33,tess2020351194500-s0033-0000000052813624-0203-s_lc.fits
284130383,33,tess2020351194500-s0033-0000000284130383-0203-s_lc.fits
231735946,33,tess2020351194500-s0033-0000000231735946-0203-s_lc.fits
155465165,33,tess2020351194500-s0033-0000000155465165-0203-s_lc.fits
71470695,33,tess2020351194500-s0033-0000000071470695-0203-s_lc.fits
737845337,33,tess2020351194500-s0033-0000000737845337-0203-s_lc.fits
235494879,33,tess2020351194500-s0033-0000000235494879-0203-s_lc.fits
34847903,33,tess2020351194500-s0033-0000000034847903-0203-s_lc.fits
443418076,33,tess2020351194500-s0033-0000000443418076-0203-s_lc.fits
300866996,33,tess2020351194500-s0033-0000000300866996-0203-s_lc.fits
156735997,33,tess2020351194500-s0033-0000000156735997-0203-s_lc.fits
364589064,33,tess2020351194500-s0033-0000000364589064-0203-s_lc.fits
11905231,33,tess2020351194500-s0033-0000000011905231-0203-s_lc.fits
443510268,33,tess2020351194500-s0033-0000000443510268-0203-s_lc.fits
52323003,33,tess2020351194500-s0033-0000000052323003-0203-s_lc.fits
309756839,33,tess2020351194500-s0033-0000000309756839-0203-s_lc.fits
20294237,33,tess2020351194500-s0033-0000000020294237-0203-s_lc.fits
37072928,33,tess2020351194500-s0033-0000000037072928-0203-s_lc.fits
380026224,33,tess2020351194500-s0033-0000000380026224-0203-s_lc.fits
235074919,33,tess2020351194500-s0033-0000000235074919-0203-s_lc.fits
231804836,33,tess2020351194500-s0033-0000000231804836-0203-s_lc.fits
153279970,33,tess2020351194500-s0033-0000000153279970-0203-s_lc.fits
37996175,33,tess2020351194500-s0033-0000000037996175-0203-s_lc.fits
393297652,33,tess2020351194500-s0033-0000000393297652-0203-s_lc.fits
231339205,33,tess2020351194500-s0033-0000000231339205-0203-s_lc.fits
5046634,33,tess2020351194500-s0033-0000000005046634-0203-s_lc.fits
260476837,33,tess2020351194500-s0033-0000000260476837-0203-s_lc.fits
33863453,33,tess2020351194500-s0033-0000000033863453-0203-s_lc.fits
260239177,33,tess2020351194500-s0033-0000000260239177-0203-s_lc.fits
140687446,33,tess2020351194500-s0033-0000000140687446-0203-s_lc.fits
251235221,33,tess2020351194500-s0033-0000000251235221-0203-s_lc.fits
220131870,33,tess2020351194500-s0033-0000000220131870-0203-s_lc.fits
294092966,33,tess2020351194500-s0033-0000000294092966-0203-s_lc.fits
25183606,33,tess2020351194500-s0033-0000000025183606-0203-s_lc.fits
373849038,33,tess2020351194500-s0033-0000000373849038-0203-s_lc.fits
238181265,33,tess2020351194500-s0033-0000000238181265-0203-s_lc.fits
260297461,33,tess2020351194500-s0033-0000000260297461-0203-s_lc.fits
264750271,33,tess2020351194500-s0033-0000000264750271-0203-s_lc.fits
156832130,33,tess2020351194500-s0033-0000000156832130-0203-s_lc.fits
235052242,33,tess2020351194500-s0033-0000000235052242-0203-s_lc.fits
714353074,33,tess2020351194500-s0033-0000000714353074-0203-s_lc.fits
309658984,33,tess2020351194500-s0033-0000000309658984-0203-s_lc.fits
322898939,33,tess2020351194500-s0033-0000000322898939-0203-s_lc.fits
157631607,33,tess2020351194500-s0033-0000000157631607-0203-s_lc.fits
317282031,33,tess2020351194500-s0033-0000000317282031-0203-s_lc.fits
381925942,33,tess2020351194500-s0033-0000000381925942-0203-s_lc.fits
277298771,33,tess2020351194500-s0033-0000000277298771-0203-s_lc.fits
231948332,33,tess2020351194500-s0033-0000000231948332-0203-s_lc.fits
98547563,33,tess2020351194500-s0033-0000000098547563-0203-s_lc.fits
167654221,33,tess2020351194500-s0033-0000000167654221-0203-s_lc.fits
237560803,33,tess2020351194500-s0033-0000000237560803-0203-s_lc.fits
123459663,33,tess2020351194500-s0033-0000000123459663-0203-s_lc.fits
219391237,33,tess2020351194500-s0033-0000000219391237-0203-s_lc.fits
30531851,33,tess2020351194500-s0033-0000000030531851-0203-s_lc.fits
237722341,33,tess2020351194500-s0033-0000000237722341-0203-s_lc.fits
25133604,33,tess2020351194500-s0033-0000000025133604-0203-s_lc.fits
294780563,33,tess2020351194500-s0033-0000000294780563-0203-s_lc.fits
63048084,33,tess2020351194500-s0033-0000000063048084-0203-s_lc.fits
33833553,33,tess2020351194500-s0033-0000000033833553-0203-s_lc.fits
14560488,33,tess2020351194500-s0033-0000000014560488-0203-s_lc.fits
333247721,33,tess2020351194500-s0033-0000000333247721-0203-s_lc.fits
436528610,33,tess2020351194500-s0033-0000000436528610-0203-s_lc.fits
262593380,33,tess2020351194500-s0033-0000000262593380-0203-s_lc.fits
167572975,33,tess2020351194500-s0033-0000000167572975-0203-s_lc.fits
30035351,33,tess2020351194500-s0033-0000000030035351-0203-s_lc.fits
270576708,33,tess2020351194500-s0033-0000000270576708-0203-s_lc.fits
650285933,33,tess2020351194500-s0033-0000000650285933-0203-s_lc.fits
64787151,33,tess2020351194500-s0033-0000000064787151-0203-s_lc.fits
264597087,33,tess2020351194500-s0033-0000000264597087-0203-s_lc.fits
21540500,33,tess2020351194500-s0033-0000000021540500-0203-s_lc.fits
177590238,33,tess2020351194500-s0033-0000000177590238-0203-s_lc.fits
272467803,33,tess2020351194500-s0033-0000000272467803-0203-s_lc.fits
143103756,33,tess2020351194500-s0033-0000000143103756-0203-s_lc.fits
167745278,33,tess2020351194500-s0033-0000000167745278-0203-s_lc.fits
22934220,33,tess2020351194500-s0033-0000000022934220-0203-s_lc.fits
32069236,33,tess2020351194500-s0033-0000000032069236-0203-s_lc.fits
60296230,33,tess2020351194500-s0033-0000000060296230-0203-s_lc.fits
264086778,33,tess2020351194500-s0033-0000000264086778-0203-s_lc.fits
100291258,33,tess2020351194500-s0033-0000000100291258-0203-s_lc.fits
348839788,33,tess2020351194500-s0033-0000000348839788-0203-s_lc.fits
232274651,33,tess2020351194500-s0033-0000000232274651-0203-s_lc.fits
119446099,33,tess2020351194500-s0033-0000000119446099-0203-s_lc.fits
157115010,33,tess2020351194500-s0033-0000000157115010-0203-s_lc.fits
33989652,33,tess2020351194500-s0033-0000000033989652-0203-s_lc.fits
31273263,33,tess2020351194500-s0033-0000000031273263-0203-s_lc.fits
124877076,33,tess2020351194500-s0033-0000000124877076-0203-s_lc.fits
438296497,33,tess2020351194500-s0033-0000000438296497-0203-s_lc.fits
123730463,33,tess2020351194500-s0033-0000000123730463-0203-s_lc.fits
64700200,33,tess2020351194500-s0033-0000000064700200-0203-s_lc.fits
37741519,33,tess2020351194500-s0033-0000000037741519-0203-s_lc.fits
177034213,33,tess2020351194500-s0033-0000000177034213-0203-s_lc.fits
264580289,33,tess2020351194500-s0033-0000000264580289-0203-s_lc.fits
7493260,33,tess2020351194500-s0033-0000000007493260-0203-s_lc.fits
179438408,33,tess2020351194500-s0033-0000000179438408-0203-s_lc.fits
238091935,33,tess2020351194500-s0033-0000000238091935-0203-s_lc.fits
266007940,33,tess2020351194500-s0033-0000000266007940-0203-s_lc.fits
445945104,33,tess2020351194500-s0033-0000000445945104-0203-s_lc.fits
309658435,33,tess2020351194500-s0033-0000000309658435-0203-s_lc.fits
407621706,33,tess2020351194500-s0033-0000000407621706-0203-s_lc.fits
79867050,33,tess2020351194500-s0033-0000000079867050-0203-s_lc.fits
434367416,33,tess2020351194500-s0033-0000000434367416-0203-s_lc.fits
177858233,33,tess2020351194500-s0033-0000000177858233-0203-s_lc.fits
22728199,33,tess2020351194500-s0033-0000000022728199-0203-s_lc.fits
60522324,33,tess2020351194500-s0033-0000000060522324-0203-s_lc.fits
279425463,33,tess2020351194500-s0033-0000000279425463-0203-s_lc.fits
53177338,33,tess2020351194500-s0033-0000000053177338-0203-s_lc.fits
272433444,33,tess2020351194500-s0033-0000000272433444-0203-s_lc.fits
60585529,33,tess2020351194500-s0033-0000000060585529-0203-s_lc.fits
320651706,33,tess2020351194500-s0033-0000000320651706-0203-s_lc.fits
238188943,33,tess2020351194500-s0033-0000000238188943-0203-s_lc.fits
14714790,33,tess2020351194500-s0033-0000000014714790-0203-s_lc.fits
350742995,33,tess2020351194500-s0033-0000000350742995-0203-s_lc.fits
207043038,33,tess2020351194500-s0033-0000000207043038-0203-s_lc.fits
52167553,33,tess2020351194500-s0033-0000000052167553-0203-s_lc.fits
55754844,33,tess2020351194500-s0033-0000000055754844-0203-s_lc.fits
66530495,33,tess2020351194500-s0033-0000000066530495-0203-s_lc.fits
97709245,33,tess2020351194500-s0033-0000000097709245-0203-s_lc.fits
32152976,33,tess2020351194500-s0033-0000000032152976-0203-s_lc.fits
317018129,33,tess2020351194500-s0033-0000000317018129-0203-s_lc.fits
349408306,33,tess2020351194500-s0033-0000000349408306-0203-s_lc.fits
50899725,33,tess2020351194500-s0033-0000000050899725-0203-s_lc.fits
153209013,33,tess2020351194500-s0033-0000000153209013-0203-s_lc.fits
52051207,33,tess2020351194500-s0033-0000000052051207-0203-s_lc.fits
59757289,33,tess2020351194500-s0033-0000000059757289-0203-s_lc.fits
167009792,33,tess2020351194500-s0033-0000000167009792-0203-s_lc.fits
461695820,33,tess2020351194500-s0033-0000000461695820-0203-s_lc.fits
63579944,33,tess2020351194500-s0033-0000000063579944-0203-s_lc.fits
237646821,33,tess2020351194500-s0033-0000000237646821-0203-s_lc.fits
765561912,33,tess2020351194500-s0033-0000000765561912-0203-s_lc.fits
142104850,33,tess2020351194500-s0033-0000000142104850-0203-s_lc.fits
172782915,33,tess2020351194500-s0033-0000000172782915-0203-s_lc.fits
317433604,33,tess2020351194500-s0033-0000000317433604-0203-s_lc.fits
766043770,33,tess2020351194500-s0033-0000000766043770-0203-s_lc.fits
200390508,33,tess2020351194500-s0033-0000000200390508-0203-s_lc.fits
5051539,33,tess2020351194500-s0033-0000000005051539-0203-s_lc.fits
232018370,33,tess2020351194500-s0033-0000000232018370-0203-s_lc.fits
38423413,33,tess2020351194500-s0033-0000000038423413-0203-s_lc.fits
317138419,33,tess2020351194500-s0033-0000000317138419-0203-s_lc.fits
72553307,33,tess2020351194500-s0033-0000000072553307-0203-s_lc.fits
317330384,33,tess2020351194500-s0033-0000000317330384-0203-s_lc.fits
177311830,33,tess2020351194500-s0033-0000000177311830-0203-s_lc.fits
130473804,33,tess2020351194500-s0033-0000000130473804-0203-s_lc.fits
293649602,33,tess2020351194500-s0033-0000000293649602-0203-s_lc.fits
148109427,33,tess2020351194500-s0033-0000000148109427-0203-s_lc.fits
22863935,33,tess2020351194500-s0033-0000000022863935-0203-s_lc.fits
276865125,33,tess2020351194500-s0033-0000000276865125-0203-s_lc.fits
231727264,33,tess2020351194500-s0033-0000000231727264-0203-s_lc.fits
46688662,33,tess2020351194500-s0033-0000000046688662-0203-s_lc.fits
124918771,33,tess2020351194500-s0033-0000000124918771-0203-s_lc.fits
167721974,33,tess2020351194500-s0033-0000000167721974-0203-s_lc.fits
143170808,33,tess2020351194500-s0033-0000000143170808-0203-s_lc.fits
139587976,33,tess2020351194500-s0033-0000000139587976-0203-s_lc.fits
134198841,33,tess2020351194500-s0033-0000000134198841-0203-s_lc.fits
49313767,33,tess2020351194500-s0033-0000000049313767-0203-s_lc.fits
737165370,33,tess2020351194500-s0033-0000000737165370-0203-s_lc.fits
267252465,33,tess2020351194500-s0033-0000000267252465-0203-s_lc.fits
59621752,33,tess2020351194500-s0033-0000000059621752-0203-s_lc.fits
148131835,33,tess2020351194500-s0033-0000000148131835-0203-s_lc.fits
63574545,33,tess2020351194500-s0033-0000000063574545-0203-s_lc.fits
24671341,33,tess2020351194500-s0033-0000000024671341-0203-s_lc.fits
220294594,33,tess2020351194500-s0033-0000000220294594-0203-s_lc.fits
446000409,33,tess2020351194500-s0033-0000000446000409-0203-s_lc.fits
143206598,33,tess2020351194500-s0033-0000000143206598-0203-s_lc.fits
349309862,33,tess2020351194500-s0033-0000000349309862-0203-s_lc.fits
59466263,33,tess2020351194500-s0033-0000000059466263-0203-s_lc.fits
300039564,33,tess2020351194500-s0033-0000000300039564-0203-s_lc.fits
380025482,33,tess2020351194500-s0033-0000000380025482-0203-s_lc.fits
709267847,33,tess2020351194500-s0033-0000000709267847-0203-s_lc.fits
140946237,33,tess2020351194500-s0033-0000000140946237-0203-s_lc.fits
130618098,33,tess2020351194500-s0033-0000000130618098-0203-s_lc.fits
42826212,33,tess2020351194500-s0033-0000000042826212-0203-s_lc.fits
172230271,33,tess2020351194500-s0033-0000000172230271-0203-s_lc.fits
300810086,33,tess2020351194500-s0033-0000000300810086-0203-s_lc.fits
337329449,33,tess2020351194500-s0033-0000000337329449-0203-s_lc.fits
737685387,33,tess2020351194500-s0033-0000000737685387-0203-s_lc.fits
97500128,33,tess2020351194500-s0033-0000000097500128-0203-s_lc.fits
100508573,33,tess2020351194500-s0033-0000000100508573-0203-s_lc.fits
290754356,33,tess2020351194500-s0033-0000000290754356-0203-s_lc.fits
278865869,33,tess2020351194500-s0033-0000000278865869-0203-s_lc.fits
39844948,33,tess2020351194500-s0033-0000000039844948-0203-s_lc.fits
67167508,33,tess2020351194500-s0033-0000000067167508-0203-s_lc.fits
24951610,33,tess2020351194500-s0033-0000000024951610-0203-s_lc.fits
434294152,33,tess2020351194500-s0033-0000000434294152-0203-s_lc.fits
453855981,33,tess2020351194500-s0033-0000000453855981-0203-s_lc.fits
41529304,33,tess2020351194500-s0033-0000000041529304-0203-s_lc.fits
59749605,33,tess2020351194500-s0033-0000000059749605-0203-s_lc.fits
24588243,33,tess2020351194500-s0033-0000000024588243-0203-s_lc.fits
340314088,33,tess2020351194500-s0033-0000000340314088-0203-s_lc.fits
156836699,33,tess2020351194500-s0033-0000000156836699-0203-s_lc.fits
382160187,33,tess2020351194500-s0033-0000000382160187-0203-s_lc.fits
32541415,33,tess2020351194500-s0033-0000000032541415-0203-s_lc.fits
64784996,33,tess2020351194500-s0033-0000000064784996-0203-s_lc.fits
153336303,33,tess2020351194500-s0033-0000000153336303-0203-s_lc.fits
364424220,33,tess2020351194500-s0033-0000000364424220-0203-s_lc.fits
281428790,33,tess2020351194500-s0033-0000000281428790-0203-s_lc.fits
382188882,33,tess2020351194500-s0033-0000000382188882-0203-s_lc.fits
373600055,33,tess2020351194500-s0033-0000000373600055-0203-s_lc.fits
219419898,33,tess2020351194500-s0033-0000000219419898-0203-s_lc.fits
24613501,33,tess2020351194500-s0033-0000000024613501-0203-s_lc.fits
453172852,33,tess2020351194500-s0033-0000000453172852-0203-s_lc.fits
393091085,33,tess2020351194500-s0033-0000000393091085-0203-s_lc.fits
238189099,33,tess2020351194500-s0033-0000000238189099-0203-s_lc.fits
250545031,33,tess2020351194500-s0033-0000000250545031-0203-s_lc.fits
37004038,33,tess2020351194500-s0033-0000000037004038-0203-s_lc.fits
745089593,33,tess2020351194500-s0033-0000000745089593-0203-s_lc.fits
220313579,33,tess2020351194500-s0033-0000000220313579-0203-s_lc.fits
765341472,33,tess2020351194500-s0033-0000000765341472-0203-s_lc.fits
201495820,33,tess2020351194500-s0033-0000000201495820-0203-s_lc.fits
34855841,33,tess2020351194500-s0033-0000000034855841-0203-s_lc.fits
34786106,33,tess2020351194500-s0033-0000000034786106-0203-s_lc.fits
293225221,33,tess2020351194500-s0033-0000000293225221-0203-s_lc.fits
219185138,33,tess2020351194500-s0033-0000000219185138-0203-s_lc.fits
36102304,33,tess2020351194500-s0033-0000000036102304-0203-s_lc.fits
64456992,33,tess2020351194500-s0033-0000000064456992-0203-s_lc.fits
220426507,33,tess2020351194500-s0033-0000000220426507-0203-s_lc.fits
30855727,33,tess2020351194500-s0033-0000000030855727-0203-s_lc.fits
67284464,33,tess2020351194500-s0033-0000000067284464-0203-s_lc.fits
33087714,33,tess2020351194500-s0033-0000000033087714-0203-s_lc.fits
349679418,33,tess2020351194500-s0033-0000000349679418-0203-s_lc.fits
177924835,33,tess2020351194500-s0033-0000000177924835-0203-s_lc.fits
380032549,33,tess2020351194500-s0033-0000000380032549-0203-s_lc.fits
307465019,33,tess2020351194500-s0033-0000000307465019-0203-s_lc.fits
149573208,33,tess2020351194500-s0033-0000000149573208-0203-s_lc.fits
156918679,33,tess2020351194500-s0033-0000000156918679-0203-s_lc.fits
49253492,33,tess2020351194500-s0033-0000000049253492-0203-s_lc.fits
176931664,33,tess2020351194500-s0033-0000000176931664-0203-s_lc.fits
234704735,33,tess2020351194500-s0033-0000000234704735-0203-s_lc.fits
151413972,33,tess2020351194500-s0033-0000000151413972-0203-s_lc.fits
220421191,33,tess2020351194500-s0033-0000000220421191-0203-s_lc.fits
300867605,33,tess2020351194500-s0033-0000000300867605-0203-s_lc.fits
260075743,33,tess2020351194500-s0033-0000000260075743-0203-s_lc.fits
265715242,33,tess2020351194500-s0033-0000000265715242-0203-s_lc.fits
391948473,33,tess2020351194500-s0033-0000000391948473-0203-s_lc.fits
80963982,33,tess2020351194500-s0033-0000000080963982-0203-s_lc.fits
32681795,33,tess2020351194500-s0033-0000000032681795-0203-s_lc.fits
737758489,33,tess2020351194500-s0033-0000000737758489-0203-s_lc.fits
47502223,33,tess2020351194500-s0033-0000000047502223-0203-s_lc.fits
151239909,33,tess2020351194500-s0033-0000000151239909-0203-s_lc.fits
307018196,33,tess2020351194500-s0033-0000000307018196-0203-s_lc.fits
30268695,33,tess2020351194500-s0033-0000000030268695-0203-s_lc.fits
34143703,33,tess2020351194500-s0033-0000000034143703-0203-s_lc.fits
25046325,33,tess2020351194500-s0033-0000000025046325-0203-s_lc.fits
277099881,33,tess2020351194500-s0033-0000000277099881-0203-s_lc.fits
287589266,33,tess2020351194500-s0033-0000000287589266-0203-s_lc.fits
178118127,33,tess2020351194500-s0033-0000000178118127-0203-s_lc.fits
39421239,33,tess2020351194500-s0033-0000000039421239-0203-s_lc.fits
279053888,33,tess2020351194500-s0033-0000000279053888-0203-s_lc.fits
156836701,33,tess2020351194500-s0033-0000000156836701-0203-s_lc.fits
153498031,33,tess2020351194500-s0033-0000000153498031-0203-s_lc.fits
294154245,33,tess2020351194500-s0033-0000000294154245-0203-s_lc.fits
66772764,33,tess2020351194500-s0033-0000000066772764-0203-s_lc.fits
408969429,33,tess2020351194500-s0033-0000000408969429-0203-s_lc.fits
232190579,33,tess2020351194500-s0033-0000000232190579-0203-s_lc.fits
61835364,33,tess2020351194500-s0033-0000000061835364-0203-s_lc.fits
235345684,33,tess2020351194500-s0033-0000000235345684-0203-s_lc.fits
309699014,33,tess2020351194500-s0033-0000000309699014-0203-s_lc.fits
443246275,33,tess2020351194500-s0033-0000000443246275-0203-s_lc.fits
437994564,33,tess2020351194500-s0033-0000000437994564-0203-s_lc.fits
37437272,33,tess2020351194500-s0033-0000000037437272-0203-s_lc.fits
255568529,33,tess2020351194500-s0033-0000000255568529-0203-s_lc.fits
260369118,33,tess2020351194500-s0033-0000000260369118-0203-s_lc.fits
387235953,33,tess2020351194500-s0033-0000000387235953-0203-s_lc.fits
173088921,33,tess2020351194500-s0033-0000000173088921-0203-s_lc.fits
270674280,33,tess2020351194500-s0033-0000000270674280-0203-s_lc.fits
130611797,33,tess2020351194500-s0033-0000000130611797-0203-s_lc.fits
98074583,33,tess2020351194500-s0033-0000000098074583-0203-s_lc.fits
232057219,33,tess2020351194500-s0033-0000000232057219-0203-s_lc.fits
130616149,33,tess2020351194500-s0033-0000000130616149-0203-s_lc.fits
710377393,33,tess2020351194500-s0033-0000000710377393-0203-s_lc.fits
177284911,33,tess2020351194500-s0033-0000000177284911-0203-s_lc.fits
262419253,33,tess2020351194500-s0033-0000000262419253-0203-s_lc.fits
415563103,33,tess2020351194500-s0033-0000000415563103-0203-s_lc.fits
349827919,33,tess2020351194500-s0033-0000000349827919-0203-s_lc.fits
279160134,33,tess2020351194500-s0033-0000000279160134-0203-s_lc.fits
177175199,33,tess2020351194500-s0033-0000000177175199-0203-s_lc.fits
220027419,33,tess2020351194500-s0033-0000000220027419-0203-s_lc.fits
21446240,33,tess2020351194500-s0033-0000000021446240-0203-s_lc.fits
354571992,33,tess2020351194500-s0033-0000000354571992-0203-s_lc.fits
49610685,33,tess2020351194500-s0033-0000000049610685-0203-s_lc.fits
31105740,33,tess2020351194500-s0033-0000000031105740-0203-s_lc.fits
59715651,33,tess2020351194500-s0033-0000000059715651-0203-s_lc.fits
350714385,33,tess2020351194500-s0033-0000000350714385-0203-s_lc.fits
737666884,33,tess2020351194500-s0033-0000000737666884-0203-s_lc.fits
445329537,33,tess2020351194500-s0033-0000000445329537-0203-s_lc.fits
231742789,33,tess2020351194500-s0033-0000000231742789-0203-s_lc.fits
294125876,33,tess2020351194500-s0033-0000000294125876-0203-s_lc.fits
52753611,33,tess2020351194500-s0033-0000000052753611-0203-s_lc.fits
159033047,33,tess2020351194500-s0033-0000000159033047-0203-s_lc.fits
293647739,33,tess2020351194500-s0033-0000000293647739-0203-s_lc.fits
300741820,33,tess2020351194500-s0033-0000000300741820-0203-s_lc.fits
260475252,33,tess2020351194500-s0033-0000000260475252-0203-s_lc.fits
260127241,33,tess2020351194500-s0033-0000000260127241-0203-s_lc.fits
272470241,33,tess2020351194500-s0033-0000000272470241-0203-s_lc.fits
72308167,33,tess2020351194500-s0033-0000000072308167-0203-s_lc.fits
381976232,33,tess2020351194500-s0033-0000000381976232-0203-s_lc.fits
66913043,33,tess2020351194500-s0033-0000000066913043-0203-s_lc.fits
148487759,33,tess2020351194500-s0033-0000000148487759-0203-s_lc.fits
144462042,33,tess2020351194500-s0033-0000000144462042-0203-s_lc.fits
21574656,33,tess2020351194500-s0033-0000000021574656-0203-s_lc.fits
425092234,33,tess2020351194500-s0033-0000000425092234-0203-s_lc.fits
26463942,33,tess2020351194500-s0033-0000000026463942-0203-s_lc.fits
317024482,33,tess2020351194500-s0033-0000000317024482-0203-s_lc.fits
124712119,33,tess2020351194500-s0033-0000000124712119-0203-s_lc.fits
176670072,33,tess2020351194500-s0033-0000000176670072-0203-s_lc.fits
159059628,33,tess2020351194500-s0033-0000000159059628-0203-s_lc.fits
287717428,33,tess2020351194500-s0033-0000000287717428-0203-s_lc.fits
278825952,33,tess2020351194500-s0033-0000000278825952-0203-s_lc.fits
55298744,33,tess2020351194500-s0033-0000000055298744-0203-s_lc.fits
5275596,33,tess2020351194500-s0033-0000000005275596-0203-s_lc.fits
147427790,33,tess2020351194500-s0033-0000000147427790-0203-s_lc.fits
192849911,33,tess2020351194500-s0033-0000000192849911-0203-s_lc.fits
434298329,33,tess2020351194500-s0033-0000000434298329-0203-s_lc.fits
21628044,33,tess2020351194500-s0033-0000000021628044-0203-s_lc.fits
41232141,33,tess2020351194500-s0033-0000000041232141-0203-s_lc.fits
177034802,33,tess2020351194500-s0033-0000000177034802-0203-s_lc.fits
149101838,33,tess2020351194500-s0033-0000000149101838-0203-s_lc.fits
93208922,33,tess2020351194500-s0033-0000000093208922-0203-s_lc.fits
124228678,33,tess2020351194500-s0033-0000000124228678-0203-s_lc.fits
167201721,33,tess2020351194500-s0033-0000000167201721-0203-s_lc.fits
53598309,33,tess2020351194500-s0033-0000000053598309-0203-s_lc.fits
72309582,33,tess2020351194500-s0033-0000000072309582-0203-s_lc.fits
220599773,33,tess2020351194500-s0033-0000000220599773-0203-s_lc.fits
355278088,33,tess2020351194500-s0033-0000000355278088-0203-s_lc.fits
237658627,33,tess2020351194500-s0033-0000000237658627-0203-s_lc.fits
32599603,33,tess2020351194500-s0033-0000000032599603-0203-s_lc.fits
306931401,33,tess2020351194500-s0033-0000000306931401-0203-s_lc.fits
123799836,33,tess2020351194500-s0033-0000000123799836-0203-s_lc.fits
97061660,33,tess2020351194500-s0033-0000000097061660-0203-s_lc.fits
119363397,33,tess2020351194500-s0033-0000000119363397-0203-s_lc.fits
155538444,33,tess2020351194500-s0033-0000000155538444-0203-s_lc.fits
257721005,33,tess2020351194500-s0033-0000000257721005-0203-s_lc.fits
278824412,33,tess2020351194500-s0033-0000000278824412-0203-s_lc.fits
29778225,33,tess2020351194500-s0033-0000000029778225-0203-s_lc.fits
66917764,33,tess2020351194500-s0033-0000000066917764-0203-s_lc.fits
37880397,33,tess2020351194500-s0033-0000000037880397-0203-s_lc.fits
301597858,33,tess2020351194500-s0033-0000000301597858-0203-s_lc.fits
177387396,33,tess2020351194500-s0033-0000000177387396-0203-s_lc.fits
12234693,33,tess2020351194500-s0033-0000000012234693-0203-s_lc.fits
141979696,33,tess2020351194500-s0033-0000000141979696-0203-s_lc.fits
38828538,33,tess2020351194500-s0033-0000000038828538-0203-s_lc.fits
281578603,33,tess2020351194500-s0033-0000000281578603-0203-s_lc.fits
31817437,33,tess2020351194500-s0033-0000000031817437-0203-s_lc.fits
206839805,33,tess2020351194500-s0033-0000000206839805-0203-s_lc.fits
291343537,33,tess2020351194500-s0033-0000000291343537-0203-s_lc.fits
160306309,33,tess2020351194500-s0033-0000000160306309-0203-s_lc.fits
172308091,33,tess2020351194500-s0033-0000000172308091-0203-s_lc.fits
66831626,33,tess2020351194500-s0033-0000000066831626-0203-s_lc.fits
150245430,33,tess2020351194500-s0033-0000000150245430-0203-s_lc.fits
231948487,33,tess2020351194500-s0033-0000000231948487-0203-s_lc.fits
167548586,33,tess2020351194500-s0033-0000000167548586-0203-s_lc.fits
177391720,33,tess2020351194500-s0033-0000000177391720-0203-s_lc.fits
59607546,33,tess2020351194500-s0033-0000000059607546-0203-s_lc.fits
143076689,33,tess2020351194500-s0033-0000000143076689-0203-s_lc.fits
438170014,33,tess2020351194500-s0033-0000000438170014-0203-s_lc.fits
49615034,33,tess2020351194500-s0033-0000000049615034-0203-s_lc.fits
157633137,33,tess2020351194500-s0033-0000000157633137-0203-s_lc.fits
234217900,33,tess2020351194500-s0033-0000000234217900-0203-s_lc.fits
300088321,33,tess2020351194500-s0033-0000000300088321-0203-s_lc.fits
148232101,33,tess2020351194500-s0033-0000000148232101-0203-s_lc.fits
255562335,33,tess2020351194500-s0033-0000000255562335-0203-s_lc.fits
192848878,33,tess2020351194500-s0033-0000000192848878-0203-s_lc.fits
300739852,33,tess2020351194500-s0033-0000000300739852-0203-s_lc.fits
123850756,33,tess2020351194500-s0033-0000000123850756-0203-s_lc.fits
408907406,33,tess2020351194500-s0033-0000000408907406-0203-s_lc.fits
34590771,33,tess2020351194500-s0033-0000000034590771-0203-s_lc.fits
20177162,33,tess2020351194500-s0033-0000000020177162-0203-s_lc.fits
234853418,33,tess2020351194500-s0033-0000000234853418-0203-s_lc.fits
158820071,33,tess2020351194500-s0033-0000000158820071-0203-s_lc.fits
25079777,33,tess2020351194500-s0033-0000000025079777-0203-s_lc.fits
237842475,33,tess2020351194500-s0033-0000000237842475-0203-s_lc.fits
167343794,33,tess2020351194500-s0033-0000000167343794-0203-s_lc.fits
350767497,33,tess2020351194500-s0033-0000000350767497-0203-s_lc.fits
300136707,33,tess2020351194500-s0033-0000000300136707-0203-s_lc.fits
37074102,33,tess2020351194500-s0033-0000000037074102-0203-s_lc.fits
155453166,33,tess2020351194500-s0033-0000000155453166-0203-s_lc.fits
737578301,33,tess2020351194500-s0033-0000000737578301-0203-s_lc.fits
176985427,33,tess2020351194500-s0033-0000000176985427-0203-s_lc.fits
59607297,33,tess2020351194500-s0033-0000000059607297-0203-s_lc.fits
37389732,33,tess2020351194500-s0033-0000000037389732-0203-s_lc.fits
167088607,33,tess2020351194500-s0033-0000000167088607-0203-s_lc.fits
63106929,33,tess2020351194500-s0033-0000000063106929-0203-s_lc.fits
147901929,33,tess2020351194500-s0033-0000000147901929-0203-s_lc.fits
201424011,33,tess2020351194500-s0033-0000000201424011-0203-s_lc.fits
143078111,33,tess2020351194500-s0033-0000000143078111-0203-s_lc.fits
100724237,33,tess2020351194500-s0033-0000000100724237-0203-s_lc.fits
307214617,33,tess2020351194500-s0033-0000000307214617-0203-s_lc.fits
34320767,33,tess2020351194500-s0033-0000000034320767-0203-s_lc.fits
219159654,33,tess2020351194500-s0033-0000000219159654-0203-s_lc.fits
238181448,33,tess2020351194500-s0033-0000000238181448-0203-s_lc.fits
238947589,33,tess2020351194500-s0033-0000000238947589-0203-s_lc.fits
33692729,33,tess2020351194500-s0033-0000000033692729-0203-s_lc.fits
388130597,33,tess2020351194500-s0033-0000000388130597-0203-s_lc.fits
262132074,33,tess2020351194500-s0033-0000000262132074-0203-s_lc.fits
33045950,33,tess2020351194500-s0033-0000000033045950-0203-s_lc.fits
232140354,33,tess2020351194500-s0033-0000000232140354-0203-s_lc.fits
453099275,33,tess2020351194500-s0033-0000000453099275-0203-s_lc.fits
393417068,33,tess2020351194500-s0033-0000000393417068-0203-s_lc.fits
96734661,33,tess2020351194500-s0033-0000000096734661-0203-s_lc.fits
49311690,33,tess2020351194500-s0033-0000000049311690-0203-s_lc.fits
238196252,33,tess2020351194500-s0033-0000000238196252-0203-s_lc.fits
33522950,33,tess2020351194500-s0033-0000000033522950-0203-s_lc.fits
38601557,33,tess2020351194500-s0033-0000000038601557-0203-s_lc.fits
140444637,33,tess2020351194500-s0033-0000000140444637-0203-s_lc.fits
66979858,33,tess2020351194500-s0033-0000000066979858-0203-s_lc.fits
140893238,33,tess2020351194500-s0033-0000000140893238-0203-s_lc.fits
147902328,33,tess2020351194500-s0033-0000000147902328-0203-s_lc.fits
272362995,33,tess2020351194500-s0033-0000000272362995-0203-s_lc.fits
301189506,33,tess2020351194500-s0033-0000000301189506-0203-s_lc.fits
106617052,33,tess2020351194500-s0033-0000000106617052-0203-s_lc.fits
231313396,33,tess2020351194500-s0033-0000000231313396-0203-s_lc.fits
167694397,33,tess2020351194500-s0033-0000000167694397-0203-s_lc.fits
408975282,33,tess2020351194500-s0033-0000000408975282-0203-s_lc.fits
150320712,33,tess2020351194500-s0033-0000000150320712-0203-s_lc.fits
262292779,33,tess2020351194500-s0033-0000000262292779-0203-s_lc.fits
52043321,33,tess2020351194500-s0033-0000000052043321-0203-s_lc.fits
149972211,33,tess2020351194500-s0033-0000000149972211-0203-s_lc.fits
238073166,33,tess2020351194500-s0033-0000000238073166-0203-s_lc.fits
271903417,33,tess2020351194500-s0033-0000000271903417-0203-s_lc.fits
60109630,33,tess2020351194500-s0033-0000000060109630-0203-s_lc.fits
270578179,33,tess2020351194500-s0033-0000000270578179-0203-s_lc.fits
49702657,33,tess2020351194500-s0033-0000000049702657-0203-s_lc.fits
260244471,33,tess2020351194500-s0033-0000000260244471-0203-s_lc.fits
37254377,33,tess2020351194500-s0033-0000000037254377-0203-s_lc.fits
55605752,33,tess2020351194500-s0033-0000000055605752-0203-s_lc.fits
140214221,33,tess2020351194500-s0033-0000000140214221-0203-s_lc.fits
38828272,33,tess2020351194500-s0033-0000000038828272-0203-s_lc.fits
46740383,33,tess2020351194500-s0033-0000000046740383-0203-s_lc.fits
52225732,33,tess2020351194500-s0033-0000000052225732-0203-s_lc.fits
153210624,33,tess2020351194500-s0033-0000000153210624-0203-s_lc.fits
284417955,33,tess2020351194500-s0033-0000000284417955-0203-s_lc.fits
235383935,33,tess2020351194500-s0033-0000000235383935-0203-s_lc.fits
302932070,33,tess2020351194500-s0033-0000000302932070-0203-s_lc.fits
375035002,33,tess2020351194500-s0033-0000000375035002-0203-s_lc.fits
130295771,33,tess2020351194500-s0033-0000000130295771-0203-s_lc.fits
260080137,33,tess2020351194500-s0033-0000000260080137-0203-s_lc.fits
61686716,33,tess2020351194500-s0033-0000000061686716-0203-s_lc.fits
232515733,33,tess2020351194500-s0033-0000000232515733-0203-s_lc.fits
124184892,33,tess2020351194500-s0033-0000000124184892-0203-s_lc.fits
292646239,33,tess2020351194500-s0033-0000000292646239-0203-s_lc.fits
55399086,33,tess2020351194500-s0033-0000000055399086-0203-s_lc.fits
71872374,33,tess2020351194500-s0033-0000000071872374-0203-s_lc.fits
37385904,33,tess2020351194500-s0033-0000000037385904-0203-s_lc.fits
247924783,33,tess2020351194500-s0033-0000000247924783-0203-s_lc.fits
805813843,33,tess2020351194500-s0033-0000000805813843-0203-s_lc.fits
231929474,33,tess2020351194500-s0033-0000000231929474-0203-s_lc.fits
237605045,33,tess2020351194500-s0033-0000000237605045-0203-s_lc.fits
271574619,33,tess2020351194500-s0033-0000000271574619-0203-s_lc.fits
309704722,33,tess2020351194500-s0033-0000000309704722-0203-s_lc.fits
167089430,33,tess2020351194500-s0033-0000000167089430-0203-s_lc.fits
255594396,33,tess2020351194500-s0033-0000000255594396-0203-s_lc.fits
32757760,33,tess2020351194500-s0033-0000000032757760-0203-s_lc.fits
147426677,33,tess2020351194500-s0033-0000000147426677-0203-s_lc.fits
234708389,33,tess2020351194500-s0033-0000000234708389-0203-s_lc.fits
349964939,33,tess2020351194500-s0033-0000000349964939-0203-s_lc.fits
124180211,33,tess2020351194500-s0033-0000000124180211-0203-s_lc.fits
119756135,33,tess2020351194500-s0033-0000000119756135-0203-s_lc.fits
59732672,33,tess2020351194500-s0033-0000000059732672-0203-s_lc.fits
306816900,33,tess2020351194500-s0033-0000000306816900-0203-s_lc.fits
100777591,33,tess2020351194500-s0033-0000000100777591-0203-s_lc.fits
301776333,33,tess2020351194500-s0033-0000000301776333-0203-s_lc.fits
354518648,33,tess2020351194500-s0033-0000000354518648-0203-s_lc.fits
219427488,33,tess2020351194500-s0033-0000000219427488-0203-s_lc.fits
147948930,33,tess2020351194500-s0033-0000000147948930-0203-s_lc.fits
219195015,33,tess2020351194500-s0033-0000000219195015-0203-s_lc.fits
150066631,33,tess2020351194500-s0033-0000000150066631-0203-s_lc.fits
354516601,33,tess2020351194500-s0033-0000000354516601-0203-s_lc.fits
276936458,33,tess2020351194500-s0033-0000000276936458-0203-s_lc.fits
279788069,33,tess2020351194500-s0033-0000000279788069-0203-s_lc.fits
123727692,33,tess2020351194500-s0033-0000000123727692-0203-s_lc.fits
178374561,33,tess2020351194500-s0033-0000000178374561-0203-s_lc.fits
30267198,33,tess2020351194500-s0033-0000000030267198-0203-s_lc.fits
72488593,33,tess2020351194500-s0033-0000000072488593-0203-s_lc.fits
146982492,33,tess2020351194500-s0033-0000000146982492-0203-s_lc.fits
294399068,33,tess2020351194500-s0033-0000000294399068-0203-s_lc.fits
140346195,33,tess2020351194500-s0033-0000000140346195-0203-s_lc.fits
192790473,33,tess2020351194500-s0033-0000000192790473-0203-s_lc.fits
300969581,33,tess2020351194500-s0033-0000000300969581-0203-s_lc.fits
241921061,33,tess2020351194500-s0033-0000000241921061-0203-s_lc.fits
271810795,33,tess2020351194500-s0033-0000000271810795-0203-s_lc.fits
437996191,33,tess2020351194500-s0033-0000000437996191-0203-s_lc.fits
59864978,33,tess2020351194500-s0033-0000000059864978-0203-s_lc.fits
48320384,33,tess2020351194500-s0033-0000000048320384-0203-s_lc.fits
232025160,33,tess2020351194500-s0033-0000000232025160-0203-s_lc.fits
63427664,33,tess2020351194500-s0033-0000000063427664-0203-s_lc.fits
333496239,33,tess2020351194500-s0033-0000000333496239-0203-s_lc.fits
24461446,33,tess2020351194500-s0033-0000000024461446-0203-s_lc.fits
39223091,33,tess2020351194500-s0033-0000000039223091-0203-s_lc.fits
201427173,33,tess2020351194500-s0033-0000000201427173-0203-s_lc.fits
99861813,33,tess2020351194500-s0033-0000000099861813-0203-s_lc.fits
37303301,33,tess2020351194500-s0033-0000000037303301-0203-s_lc.fits
148340373,33,tess2020351194500-s0033-0000000148340373-0203-s_lc.fits
301389473,33,tess2020351194500-s0033-0000000301389473-0203-s_lc.fits
287327548,33,tess2020351194500-s0033-0000000287327548-0203-s_lc.fits
282505570,33,tess2020351194500-s0033-0000000282505570-0203-s_lc.fits
307373377,33,tess2020351194500-s0033-0000000307373377-0203-s_lc.fits
65903780,33,tess2020351194500-s0033-0000000065903780-0203-s_lc.fits
59945741,33,tess2020351194500-s0033-0000000059945741-0203-s_lc.fits
176760384,33,tess2020351194500-s0033-0000000176760384-0203-s_lc.fits
37606140,33,tess2020351194500-s0033-0000000037606140-0203-s_lc.fits
272236131,33,tess2020351194500-s0033-0000000272236131-0203-s_lc.fits
207020262,33,tess2020351194500-s0033-0000000207020262-0203-s_lc.fits
393384671,33,tess2020351194500-s0033-0000000393384671-0203-s_lc.fits
268700241,33,tess2020351194500-s0033-0000000268700241-0203-s_lc.fits
102320293,33,tess2020351194500-s0033-0000000102320293-0203-s_lc.fits
260003140,33,tess2020351194500-s0033-0000000260003140-0203-s_lc.fits
41463262,33,tess2020351194500-s0033-0000000041463262-0203-s_lc.fits
306368697,33,tess2020351194500-s0033-0000000306368697-0203-s_lc.fits
22767596,33,tess2020351194500-s0033-0000000022767596-0203-s_lc.fits
200366140,33,tess2020351194500-s0033-0000000200366140-0203-s_lc.fits
299901027,33,tess2020351194500-s0033-0000000299901027-0203-s_lc.fits
281924357,33,tess2020351194500-s0033-0000000281924357-0203-s_lc.fits
278777620,33,tess2020351194500-s0033-0000000278777620-0203-s_lc.fits
47587186,33,tess2020351194500-s0033-0000000047587186-0203-s_lc.fits
765024923,33,tess2020351194500-s0033-0000000765024923-0203-s_lc.fits
279214844,33,tess2020351194500-s0033-0000000279214844-0203-s_lc.fits
93506810,33,tess2020351194500-s0033-0000000093506810-0203-s_lc.fits
300039099,33,tess2020351194500-s0033-0000000300039099-0203-s_lc.fits
307939052,33,tess2020351194500-s0033-0000000307939052-0203-s_lc.fits
33194621,33,tess2020351194500-s0033-0000000033194621-0203-s_lc.fits
140502762,33,tess2020351194500-s0033-0000000140502762-0203-s_lc.fits
300290733,33,tess2020351194500-s0033-0000000300290733-0203-s_lc.fits
63475995,33,tess2020351194500-s0033-0000000063475995-0203-s_lc.fits
60036436,33,tess2020351194500-s0033-0000000060036436-0203-s_lc.fits
707878105,33,tess2020351194500-s0033-0000000707878105-0203-s_lc.fits
235215200,33,tess2020351194500-s0033-0000000235215200-0203-s_lc.fits
375056177,33,tess2020351194500-s0033-0000000375056177-0203-s_lc.fits
265082797,33,tess2020351194500-s0033-0000000265082797-0203-s_lc.fits
219420836,33,tess2020351194500-s0033-0000000219420836-0203-s_lc.fits
282390661,33,tess2020351194500-s0033-0000000282390661-0203-s_lc.fits
140938247,33,tess2020351194500-s0033-0000000140938247-0203-s_lc.fits
125202437,33,tess2020351194500-s0033-0000000125202437-0203-s_lc.fits
143206639,33,tess2020351194500-s0033-0000000143206639-0203-s_lc.fits
150322544,33,tess2020351194500-s0033-0000000150322544-0203-s_lc.fits
26405346,33,tess2020351194500-s0033-0000000026405346-0203-s_lc.fits
272362527,33,tess2020351194500-s0033-0000000272362527-0203-s_lc.fits
39414407,33,tess2020351194500-s0033-0000000039414407-0203-s_lc.fits
141542585,33,tess2020351194500-s0033-0000000141542585-0203-s_lc.fits
295272986,33,tess2020351194500-s0033-0000000295272986-0203-s_lc.fits
176584206,33,tess2020351194500-s0033-0000000176584206-0203-s_lc.fits
38814733,33,tess2020351194500-s0033-0000000038814733-0203-s_lc.fits
279250316,33,tess2020351194500-s0033-0000000279250316-0203-s_lc.fits
237741926,33,tess2020351194500-s0033-0000000237741926-0203-s_lc.fits
52166974,33,tess2020351194500-s0033-0000000052166974-0203-s_lc.fits
93374951,33,tess2020351194500-s0033-0000000093374951-0203-s_lc.fits
438365666,33,tess2020351194500-s0033-0000000438365666-0203-s_lc.fits
53742010,33,tess2020351194500-s0033-0000000053742010-0203-s_lc.fits
150147985,33,tess2020351194500-s0033-0000000150147985-0203-s_lc.fits
53401436,33,tess2020351194500-s0033-0000000053401436-0203-s_lc.fits
231725691,33,tess2020351194500-s0033-0000000231725691-0203-s_lc.fits
39675245,33,tess2020351194500-s0033-0000000039675245-0203-s_lc.fits
233970100,33,tess2020351194500-s0033-0000000233970100-0203-s_lc.fits
300383677,33,tess2020351194500-s0033-0000000300383677-0203-s_lc.fits
23807855,33,tess2020351194500-s0033-0000000023807855-0203-s_lc.fits
51997447,33,tess2020351194500-s0033-0000000051997447-0203-s_lc.fits
300443831,33,tess2020351194500-s0033-0000000300443831-0203-s_lc.fits
119071357,33,tess2020351194500-s0033-0000000119071357-0203-s_lc.fits
268772301,33,tess2020351194500-s0033-0000000268772301-0203-s_lc.fits
150102853,33,tess2020351194500-s0033-0000000150102853-0203-s_lc.fits
350619228,33,tess2020351194500-s0033-0000000350619228-0203-s_lc.fits
33840009,33,tess2020351194500-s0033-0000000033840009-0203-s_lc.fits
257720227,33,tess2020351194500-s0033-0000000257720227-0203-s_lc.fits
234774681,33,tess2020351194500-s0033-0000000234774681-0203-s_lc.fits
24952049,33,tess2020351194500-s0033-0000000024952049-0203-s_lc.fits
759851783,33,tess2020351194500-s0033-0000000759851783-0203-s_lc.fits
306577373,33,tess2020351194500-s0033-0000000306577373-0203-s_lc.fits
26242399,33,tess2020351194500-s0033-0000000026242399-0203-s_lc.fits
37997333,33,tess2020351194500-s0033-0000000037997333-0203-s_lc.fits
438223630,33,tess2020351194500-s0033-0000000438223630-0203-s_lc.fits
219405718,33,tess2020351194500-s0033-0000000219405718-0203-s_lc.fits
55270123,33,tess2020351194500-s0033-0000000055270123-0203-s_lc.fits
206703838,33,tess2020351194500-s0033-0000000206703838-0203-s_lc.fits
281425195,33,tess2020351194500-s0033-0000000281425195-0203-s_lc.fits
771937827,33,tess2020351194500-s0033-0000000771937827-0203-s_lc.fits
55650590,33,tess2020351194500-s0033-0000000055650590-0203-s_lc.fits
60001765,33,tess2020351194500-s0033-0000000060001765-0203-s_lc.fits
5459111,33,tess2020351194500-s0033-0000000005459111-0203-s_lc.fits
340140730,33,tess2020351194500-s0033-0000000340140730-0203-s_lc.fits
41029133,33,tess2020351194500-s0033-0000000041029133-0203-s_lc.fits
37502435,33,tess2020351194500-s0033-0000000037502435-0203-s_lc.fits
53745922,33,tess2020351194500-s0033-0000000053745922-0203-s_lc.fits
278776514,33,tess2020351194500-s0033-0000000278776514-0203-s_lc.fits
425149617,33,tess2020351194500-s0033-0000000425149617-0203-s_lc.fits
59884783,33,tess2020351194500-s0033-0000000059884783-0203-s_lc.fits
300143416,33,tess2020351194500-s0033-0000000300143416-0203-s_lc.fits
280430674,33,tess2020351194500-s0033-0000000280430674-0203-s_lc.fits
78959225,33,tess2020351194500-s0033-0000000078959225-0203-s_lc.fits
7421451,33,tess2020351194500-s0033-0000000007421451-0203-s_lc.fits
805106374,33,tess2020351194500-s0033-0000000805106374-0203-s_lc.fits
143141770,33,tess2020351194500-s0033-0000000143141770-0203-s_lc.fits
238160891,33,tess2020351194500-s0033-0000000238160891-0203-s_lc.fits
167417551,33,tess2020351194500-s0033-0000000167417551-0203-s_lc.fits
12096074,33,tess2020351194500-s0033-0000000012096074-0203-s_lc.fits
272466980,33,tess2020351194500-s0033-0000000272466980-0203-s_lc.fits
270471978,33,tess2020351194500-s0033-0000000270471978-0203-s_lc.fits
52549293,33,tess2020351194500-s0033-0000000052549293-0203-s_lc.fits
282356189,33,tess2020351194500-s0033-0000000282356189-0203-s_lc.fits
765419968,33,tess2020351194500-s0033-0000000765419968-0203-s_lc.fits
255589897,33,tess2020351194500-s0033-0000000255589897-0203-s_lc.fits
234844715,33,tess2020351194500-s0033-0000000234844715-0203-s_lc.fits
156712563,33,tess2020351194500-s0033-0000000156712563-0203-s_lc.fits
349374677,33,tess2020351194500-s0033-0000000349374677-0203-s_lc.fits
167005517,33,tess2020351194500-s0033-0000000167005517-0203-s_lc.fits
364326480,33,tess2020351194500-s0033-0000000364326480-0203-s_lc.fits
167029357,33,tess2020351194500-s0033-0000000167029357-0203-s_lc.fits
348899659,33,tess2020351194500-s0033-0000000348899659-0203-s_lc.fits
119519867,33,tess2020351194500-s0033-0000000119519867-0203-s_lc.fits
349311905,33,tess2020351194500-s0033-0000000349311905-0203-s_lc.fits
231146618,33,tess2020351194500-s0033-0000000231146618-0203-s_lc.fits
231123287,33,tess2020351194500-s0033-0000000231123287-0203-s_lc.fits
461678522,33,tess2020351194500-s0033-0000000461678522-0203-s_lc.fits
263280568,33,tess2020351194500-s0033-0000000263280568-0203-s_lc.fits
382257922,33,tess2020351194500-s0033-0000000382257922-0203-s_lc.fits
79437218,33,tess2020351194500-s0033-0000000079437218-0203-s_lc.fits
255635196,33,tess2020351194500-s0033-0000000255635196-0203-s_lc.fits
235274380,33,tess2020351194500-s0033-0000000235274380-0203-s_lc.fits
234848230,33,tess2020351194500-s0033-0000000234848230-0203-s_lc.fits
350030187,33,tess2020351194500-s0033-0000000350030187-0203-s_lc.fits
33474500,33,tess2020351194500-s0033-0000000033474500-0203-s_lc.fits
290753404,33,tess2020351194500-s0033-0000000290753404-0203-s_lc.fits
306461835,33,tess2020351194500-s0033-0000000306461835-0203-s_lc.fits
234595360,33,tess2020351194500-s0033-0000000234595360-0203-s_lc.fits
711267194,33,tess2020351194500-s0033-0000000711267194-0203-s_lc.fits
270884946,33,tess2020351194500-s0033-0000000270884946-0203-s_lc.fits
271999509,33,tess2020351194500-s0033-0000000271999509-0203-s_lc.fits
317418302,33,tess2020351194500-s0033-0000000317418302-0203-s_lc.fits
61243348,33,tess2020351194500-s0033-0000000061243348-0203-s_lc.fits
147708554,33,tess2020351194500-s0033-0000000147708554-0203-s_lc.fits
39677160,33,tess2020351194500-s0033-0000000039677160-0203-s_lc.fits
37160812,33,tess2020351194500-s0033-0000000037160812-0203-s_lc.fits
354553477,33,tess2020351194500-s0033-0000000354553477-0203-s_lc.fits
300932883,33,tess2020351194500-s0033-0000000300932883-0203-s_lc.fits
78668330,33,tess2020351194500-s0033-0000000078668330-0203-s_lc.fits
266007857,33,tess2020351194500-s0033-0000000266007857-0203-s_lc.fits
49014807,33,tess2020351194500-s0033-0000000049014807-0203-s_lc.fits
434329100,33,tess2020351194500-s0033-0000000434329100-0203-s_lc.fits
177311244,33,tess2020351194500-s0033-0000000177311244-0203-s_lc.fits
348839966,33,tess2020351194500-s0033-0000000348839966-0203-s_lc.fits
260418055,33,tess2020351194500-s0033-0000000260418055-0203-s_lc.fits
150145711,33,tess2020351194500-s0033-0000000150145711-0203-s_lc.fits
457040244,33,tess2020351194500-s0033-0000000457040244-0203-s_lc.fits
98798020,33,tess2020351194500-s0033-0000000098798020-0203-s_lc.fits
177116574,33,tess2020351194500-s0033-0000000177116574-0203-s_lc.fits
37199523,33,tess2020351194500-s0033-0000000037199523-0203-s_lc.fits
202180104,33,tess2020351194500-s0033-0000000202180104-0203-s_lc.fits
41226414,33,tess2020351194500-s0033-0000000041226414-0203-s_lc.fits
72212417,33,tess2020351194500-s0033-0000000072212417-0203-s_lc.fits
445457261,33,tess2020351194500-s0033-0000000445457261-0203-s_lc.fits
55664116,33,tess2020351194500-s0033-0000000055664116-0203-s_lc.fits
142523214,33,tess2020351194500-s0033-0000000142523214-0203-s_lc.fits
124318766,33,tess2020351194500-s0033-0000000124318766-0203-s_lc.fits
167040689,33,tess2020351194500-s0033-0000000167040689-0203-s_lc.fits
393298264,33,tess2020351194500-s0033-0000000393298264-0203-s_lc.fits
124183449,33,tess2020351194500-s0033-0000000124183449-0203-s_lc.fits
61907799,33,tess2020351194500-s0033-0000000061907799-0203-s_lc.fits
156882995,33,tess2020351194500-s0033-0000000156882995-0203-s_lc.fits
201425836,33,tess2020351194500-s0033-0000000201425836-0203-s_lc.fits
123763014,33,tess2020351194500-s0033-0000000123763014-0203-s_lc.fits
404850155,33,tess2020351194500-s0033-0000000404850155-0203-s_lc.fits
358070507,33,tess2020351194500-s0033-0000000358070507-0203-s_lc.fits
5457529,33,tess2020351194500-s0033-0000000005457529-0203-s_lc.fits
219205521,33,tess2020351194500-s0033-0000000219205521-0203-s_lc.fits
32644591,33,tess2020351194500-s0033-0000000032644591-0203-s_lc.fits
156882030,33,tess2020351194500-s0033-0000000156882030-0203-s_lc.fits
150433579,33,tess2020351194500-s0033-0000000150433579-0203-s_lc.fits
93277111,33,tess2020351194500-s0033-0000000093277111-0203-s_lc.fits
38570936,33,tess2020351194500-s0033-0000000038570936-0203-s_lc.fits
234608619,33,tess2020351194500-s0033-0000000234608619-0203-s_lc.fits
80130132,33,tess2020351194500-s0033-0000000080130132-0203-s_lc.fits
237972957,33,tess2020351194500-s0033-0000000237972957-0203-s_lc.fits
220036989,33,tess2020351194500-s0033-0000000220036989-0203-s_lc.fits
287956652,33,tess2020351194500-s0033-0000000287956652-0203-s_lc.fits
231315283,33,tess2020351194500-s0033-0000000231315283-0203-s_lc.fits
148101190,33,tess2020351194500-s0033-0000000148101190-0203-s_lc.fits
66777916,33,tess2020351194500-s0033-0000000066777916-0203-s_lc.fits
350334336,33,tess2020351194500-s0033-0000000350334336-0203-s_lc.fits
434375685,33,tess2020351194500-s0033-0000000434375685-0203-s_lc.fits
284741465,33,tess2020351194500-s0033-0000000284741465-0203-s_lc.fits
24588593,33,tess2020351194500-s0033-0000000024588593-0203-s_lc.fits
119302974,33,tess2020351194500-s0033-0000000119302974-0203-s_lc.fits
124845840,33,tess2020351194500-s0033-0000000124845840-0203-s_lc.fits
292949364,33,tess2020351194500-s0033-0000000292949364-0203-s_lc.fits
167415800,33,tess2020351194500-s0033-0000000167415800-0203-s_lc.fits
140281685,33,tess2020351194500-s0033-0000000140281685-0203-s_lc.fits
63301356,33,tess2020351194500-s0033-0000000063301356-0203-s_lc.fits
318063884,33,tess2020351194500-s0033-0000000318063884-0203-s_lc.fits
387338903,33,tess2020351194500-s0033-0000000387338903-0203-s_lc.fits
158112413,33,tess2020351194500-s0033-0000000158112413-0203-s_lc.fits
124848385,33,tess2020351194500-s0033-0000000124848385-0203-s_lc.fits
260130129,33,tess2020351194500-s0033-0000000260130129-0203-s_lc.fits
64354296,33,tess2020351194500-s0033-0000000064354296-0203-s_lc.fits
157012071,33,tess2020351194500-s0033-0000000157012071-0203-s_lc.fits
166972537,33,tess2020351194500-s0033-0000000166972537-0203-s_lc.fits
229202497,33,tess2020351194500-s0033-0000000229202497-0203-s_lc.fits
124520115,33,tess2020351194500-s0033-0000000124520115-0203-s_lc.fits
97057915,33,tess2020351194500-s0033-0000000097057915-0203-s_lc.fits
350481517,33,tess2020351194500-s0033-0000000350481517-0203-s_lc.fits
425170941,33,tess2020351194500-s0033-0000000425170941-0203-s_lc.fits
23161173,33,tess2020351194500-s0033-0000000023161173-0203-s_lc.fits
309613894,33,tess2020351194500-s0033-0000000309613894-0203-s_lc.fits
261881895,33,tess2020351194500-s0033-0000000261881895-0203-s_lc.fits
238158736,33,tess2020351194500-s0033-0000000238158736-0203-s_lc.fits
26522554,33,tess2020351194500-s0033-0000000026522554-0203-s_lc.fits
271806353,33,tess2020351194500-s0033-0000000271806353-0203-s_lc.fits
364588832,33,tess2020351194500-s0033-0000000364588832-0203-s_lc.fits
124519453,33,tess2020351194500-s0033-0000000124519453-0203-s_lc.fits
172996332,33,tess2020351194500-s0033-0000000172996332-0203-s_lc.fits
453106549,33,tess2020351194500-s0033-0000000453106549-0203-s_lc.fits
7494431,33,tess2020351194500-s0033-0000000007494431-0203-s_lc.fits
12086305,33,tess2020351194500-s0033-0000000012086305-0203-s_lc.fits
25063986,33,tess2020351194500-s0033-0000000025063986-0203-s_lc.fits
179245957,33,tess2020351194500-s0033-0000000179245957-0203-s_lc.fits
93371482,33,tess2020351194500-s0033-0000000093371482-0203-s_lc.fits
278960677,33,tess2020351194500-s0033-0000000278960677-0203-s_lc.fits
350477767,33,tess2020351194500-s0033-0000000350477767-0203-s_lc.fits
176522106,33,tess2020351194500-s0033-0000000176522106-0203-s_lc.fits
306692209,33,tess2020351194500-s0033-0000000306692209-0203-s_lc.fits
150166465,33,tess2020351194500-s0033-0000000150166465-0203-s_lc.fits
167206099,33,tess2020351194500-s0033-0000000167206099-0203-s_lc.fits
235102465,33,tess2020351194500-s0033-0000000235102465-0203-s_lc.fits
375034482,33,tess2020351194500-s0033-0000000375034482-0203-s_lc.fits
65550157,33,tess2020351194500-s0033-0000000065550157-0203-s_lc.fits
759284880,33,tess2020351194500-s0033-0000000759284880-0203-s_lc.fits
382245976,33,tess2020351194500-s0033-0000000382245976-0203-s_lc.fits
295738527,33,tess2020351194500-s0033-0000000295738527-0203-s_lc.fits
64542469,33,tess2020351194500-s0033-0000000064542469-0203-s_lc.fits
96318880,33,tess2020351194500-s0033-0000000096318880-0203-s_lc.fits
382259542,33,tess2020351194500-s0033-0000000382259542-0203-s_lc.fits
318188400,33,tess2020351194500-s0033-0000000318188400-0203-s_lc.fits
123679417,33,tess2020351194500-s0033-0000000123679417-0203-s_lc.fits
124494015,33,tess2020351194500-s0033-0000000124494015-0203-s_lc.fits
150299115,33,tess2020351194500-s0033-0000000150299115-0203-s_lc.fits
52915165,33,tess2020351194500-s0033-0000000052915165-0203-s_lc.fits
354554725,33,tess2020351194500-s0033-0000000354554725-0203-s_lc.fits
307178563,33,tess2020351194500-s0033-0000000307178563-0203-s_lc.fits
410446058,33,tess2020351194500-s0033-0000000410446058-0203-s_lc.fits
30399823,33,tess2020351194500-s0033-0000000030399823-0203-s_lc.fits
124809328,33,tess2020351194500-s0033-0000000124809328-0203-s_lc.fits
179309196,33,tess2020351194500-s0033-0000000179309196-0203-s_lc.fits
350562418,33,tess2020351194500-s0033-0000000350562418-0203-s_lc.fits
160330390,33,tess2020351194500-s0033-0000000160330390-0203-s_lc.fits
389570429,33,tess2020351194500-s0033-0000000389570429-0203-s_lc.fits
149628100,33,tess2020351194500-s0033-0000000149628100-0203-s_lc.fits
170205930,33,tess2020351194500-s0033-0000000170205930-0203-s_lc.fits
31779649,33,tess2020351194500-s0033-0000000031779649-0203-s_lc.fits
317874108,33,tess2020351194500-s0033-0000000317874108-0203-s_lc.fits
147699746,33,tess2020351194500-s0033-0000000147699746-0203-s_lc.fits
280120922,33,tess2020351194500-s0033-0000000280120922-0203-s_lc.fits
7419647,33,tess2020351194500-s0033-0000000007419647-0203-s_lc.fits
160330868,33,tess2020351194500-s0033-0000000160330868-0203-s_lc.fits
317551261,33,tess2020351194500-s0033-0000000317551261-0203-s_lc.fits
24529674,33,tess2020351194500-s0033-0000000024529674-0203-s_lc.fits
231811783,33,tess2020351194500-s0033-0000000231811783-0203-s_lc.fits
350559457,33,tess2020351194500-s0033-0000000350559457-0203-s_lc.fits
317026948,33,tess2020351194500-s0033-0000000317026948-0203-s_lc.fits
443055162,33,tess2020351194500-s0033-0000000443055162-0203-s_lc.fits
67202014,33,tess2020351194500-s0033-0000000067202014-0203-s_lc.fits
410447919,33,tess2020351194500-s0033-0000000410447919-0203-s_lc.fits
144542414,33,tess2020351194500-s0033-0000000144542414-0203-s_lc.fits
237950776,33,tess2020351194500-s0033-0000000237950776-0203-s_lc.fits
317546951,33,tess2020351194500-s0033-0000000317546951-0203-s_lc.fits
318058845,33,tess2020351194500-s0033-0000000318058845-0203-s_lc.fits
24587261,33,tess2020351194500-s0033-0000000024587261-0203-s_lc.fits
374988801,33,tess2020351194500-s0033-0000000374988801-0203-s_lc.fits
177307808,33,tess2020351194500-s0033-0000000177307808-0203-s_lc.fits
231945296,33,tess2020351194500-s0033-0000000231945296-0203-s_lc.fits
119442846,33,tess2020351194500-s0033-0000000119442846-0203-s_lc.fits
201424475,33,tess2020351194500-s0033-0000000201424475-0203-s_lc.fits
234889459,33,tess2020351194500-s0033-0000000234889459-0203-s_lc.fits
220022491,33,tess2020351194500-s0033-0000000220022491-0203-s_lc.fits
320347232,33,tess2020351194500-s0033-0000000320347232-0203-s_lc.fits
229366652,33,tess2020351194500-s0033-0000000229366652-0203-s_lc.fits
11690138,33,tess2020351194500-s0033-0000000011690138-0203-s_lc.fits
350332253,33,tess2020351194500-s0033-0000000350332253-0203-s_lc.fits
48749503,33,tess2020351194500-s0033-0000000048749503-0203-s_lc.fits
279360385,33,tess2020351194500-s0033-0000000279360385-0203-s_lc.fits
63303499,33,tess2020351194500-s0033-0000000063303499-0203-s_lc.fits
300444070,33,tess2020351194500-s0033-0000000300444070-0203-s_lc.fits
300162681,33,tess2020351194500-s0033-0000000300162681-0203-s_lc.fits
206675535,33,tess2020351194500-s0033-0000000206675535-0203-s_lc.fits
344175086,33,tess2020351194500-s0033-0000000344175086-0203-s_lc.fits
179305059,33,tess2020351194500-s0033-0000000179305059-0203-s_lc.fits
306829726,33,tess2020351194500-s0033-0000000306829726-0203-s_lc.fits
277301964,33,tess2020351194500-s0033-0000000277301964-0203-s_lc.fits
349574361,33,tess2020351194500-s0033-0000000349574361-0203-s_lc.fits
139647650,33,tess2020351194500-s0033-0000000139647650-0203-s_lc.fits
143077785,33,tess2020351194500-s0033-0000000143077785-0203-s_lc.fits
387337920,33,tess2020351194500-s0033-0000000387337920-0203-s_lc.fits
192799047,33,tess2020351194500-s0033-0000000192799047-0203-s_lc.fits
160267135,33,tess2020351194500-s0033-0000000160267135-0203-s_lc.fits
48325908,33,tess2020351194500-s0033-0000000048325908-0203-s_lc.fits
25131718,33,tess2020351194500-s0033-0000000025131718-0203-s_lc.fits
130334589,33,tess2020351194500-s0033-0000000130334589-0203-s_lc.fits
738258407,33,tess2020351194500-s0033-0000000738258407-0203-s_lc.fits
141871560,33,tess2020351194500-s0033-0000000141871560-0203-s_lc.fits
307083641,33,tess2020351194500-s0033-0000000307083641-0203-s_lc.fits
291793032,33,tess2020351194500-s0033-0000000291793032-0203-s_lc.fits
438430036,33,tess2020351194500-s0033-0000000438430036-0203-s_lc.fits
393294632,33,tess2020351194500-s0033-0000000393294632-0203-s_lc.fits
382159212,33,tess2020351194500-s0033-0000000382159212-0203-s_lc.fits
363913691,33,tess2020351194500-s0033-0000000363913691-0203-s_lc.fits
124278555,33,tess2020351194500-s0033-0000000124278555-0203-s_lc.fits
177860391,33,tess2020351194500-s0033-0000000177860391-0203-s_lc.fits
270672809,33,tess2020351194500-s0033-0000000270672809-0203-s_lc.fits
192824848,33,tess2020351194500-s0033-0000000192824848-0203-s_lc.fits
66978735,33,tess2020351194500-s0033-0000000066978735-0203-s_lc.fits
438073620,33,tess2020351194500-s0033-0000000438073620-0203-s_lc.fits
231094769,33,tess2020351194500-s0033-0000000231094769-0203-s_lc.fits
231944666,33,tess2020351194500-s0033-0000000231944666-0203-s_lc.fits
63295390,33,tess2020351194500-s0033-0000000063295390-0203-s_lc.fits
124128607,33,tess2020351194500-s0033-0000000124128607-0203-s_lc.fits
408928593,33,tess2020351194500-s0033-0000000408928593-0203-s_lc.fits
237566788,33,tess2020351194500-s0033-0000000237566788-0203-s_lc.fits
21728789,33,tess2020351194500-s0033-0000000021728789-0203-s_lc.fits
292643105,33,tess2020351194500-s0033-0000000292643105-0203-s_lc.fits
294396667,33,tess2020351194500-s0033-0000000294396667-0203-s_lc.fits
158111564,33,tess2020351194500-s0033-0000000158111564-0203-s_lc.fits
124377825,33,tess2020351194500-s0033-0000000124377825-0203-s_lc.fits
294750075,33,tess2020351194500-s0033-0000000294750075-0203-s_lc.fits
61685058,33,tess2020351194500-s0033-0000000061685058-0203-s_lc.fits
650285932,33,tess2020351194500-s0033-0000000650285932-0203-s_lc.fits
219418557,33,tess2020351194500-s0033-0000000219418557-0203-s_lc.fits
235103246,33,tess2020351194500-s0033-0000000235103246-0203-s_lc.fits
219196506,33,tess2020351194500-s0033-0000000219196506-0203-s_lc.fits
206764724,33,tess2020351194500-s0033-0000000206764724-0203-s_lc.fits
176871743,33,tess2020351194500-s0033-0000000176871743-0203-s_lc.fits
349273863,33,tess2020351194500-s0033-0000000349273863-0203-s_lc.fits
281923176,33,tess2020351194500-s0033-0000000281923176-0203-s_lc.fits
157658591,33,tess2020351194500-s0033-0000000157658591-0203-s_lc.fits
219171756,33,tess2020351194500-s0033-0000000219171756-0203-s_lc.fits
172699708,33,tess2020351194500-s0033-0000000172699708-0203-s_lc.fits
155087931,33,tess2020351194500-s0033-0000000155087931-0203-s_lc.fits
49314893,33,tess2020351194500-s0033-0000000049314893-0203-s_lc.fits
155454595,33,tess2020351194500-s0033-0000000155454595-0203-s_lc.fits
170102346,33,tess2020351194500-s0033-0000000170102346-0203-s_lc.fits
11966519,33,tess2020351194500-s0033-0000000011966519-0203-s_lc.fits
26402172,33,tess2020351194500-s0033-0000000026402172-0203-s_lc.fits
235438606,33,tess2020351194500-s0033-0000000235438606-0203-s_lc.fits
140689653,33,tess2020351194500-s0033-0000000140689653-0203-s_lc.fits
440855605,33,tess2020351194500-s0033-0000000440855605-0203-s_lc.fits
294395613,33,tess2020351194500-s0033-0000000294395613-0203-s_lc.fits
124408108,33,tess2020351194500-s0033-0000000124408108-0203-s_lc.fits
167046661,33,tess2020351194500-s0033-0000000167046661-0203-s_lc.fits
293688636,33,tess2020351194500-s0033-0000000293688636-0203-s_lc.fits
47512990,33,tess2020351194500-s0033-0000000047512990-0203-s_lc.fits
712951302,33,tess2020351194500-s0033-0000000712951302-0203-s_lc.fits
260503815,33,tess2020351194500-s0033-0000000260503815-0203-s_lc.fits
167792260,33,tess2020351194500-s0033-0000000167792260-0203-s_lc.fits
149497543,33,tess2020351194500-s0033-0000000149497543-0203-s_lc.fits
281582156,33,tess2020351194500-s0033-0000000281582156-0203-s_lc.fits
33043732,33,tess2020351194500-s0033-0000000033043732-0203-s_lc.fits
140288359,33,tess2020351194500-s0033-0000000140288359-0203-s_lc.fits
333622830,33,tess2020351194500-s0033-0000000333622830-0203-s_lc.fits
231461096,33,tess2020351194500-s0033-0000000231461096-0203-s_lc.fits
177079273,33,tess2020351194500-s0033-0000000177079273-0203-s_lc.fits
78825632,33,tess2020351194500-s0033-0000000078825632-0203-s_lc.fits
20093506,33,tess2020351194500-s0033-0000000020093506-0203-s_lc.fits
39292359,33,tess2020351194500-s0033-0000000039292359-0203-s_lc.fits
139476513,33,tess2020351194500-s0033-0000000139476513-0203-s_lc.fits
72047465,33,tess2020351194500-s0033-0000000072047465-0203-s_lc.fits
60348962,33,tess2020351194500-s0033-0000000060348962-0203-s_lc.fits
294785164,33,tess2020351194500-s0033-0000000294785164-0203-s_lc.fits
42569616,33,tess2020351194500-s0033-0000000042569616-0203-s_lc.fits
180974744,33,tess2020351194500-s0033-0000000180974744-0203-s_lc.fits
150438035,33,tess2020351194500-s0033-0000000150438035-0203-s_lc.fits
260471505,33,tess2020351194500-s0033-0000000260471505-0203-s_lc.fits
299942954,33,tess2020351194500-s0033-0000000299942954-0203-s_lc.fits
453855883,33,tess2020351194500-s0033-0000000453855883-0203-s_lc.fits
251130461,33,tess2020351194500-s0033-0000000251130461-0203-s_lc.fits
710713289,33,tess2020351194500-s0033-0000000710713289-0203-s_lc.fits
284418772,33,tess2020351194500-s0033-0000000284418772-0203-s_lc.fits
235543679,33,tess2020351194500-s0033-0000000235543679-0203-s_lc.fits
294115673,33,tess2020351194500-s0033-0000000294115673-0203-s_lc.fits
278898521,33,tess2020351194500-s0033-0000000278898521-0203-s_lc.fits
151370968,33,tess2020351194500-s0033-0000000151370968-0203-s_lc.fits
140338337,33,tess2020351194500-s0033-0000000140338337-0203-s_lc.fits
192849961,33,tess2020351194500-s0033-0000000192849961-0203-s_lc.fits
151241795,33,tess2020351194500-s0033-0000000151241795-0203-s_lc.fits
130421883,33,tess2020351194500-s0033-0000000130421883-0203-s_lc.fits
284591012,33,tess2020351194500-s0033-0000000284591012-0203-s_lc.fits
40802388,33,tess2020351194500-s0033-0000000040802388-0203-s_lc.fits
149600738,33,tess2020351194500-s0033-0000000149600738-0203-s_lc.fits
425089343,33,tess2020351194500-s0033-0000000425089343-0203-s_lc.fits
234765016,33,tess2020351194500-s0033-0000000234765016-0203-s_lc.fits
440779601,33,tess2020351194500-s0033-0000000440779601-0203-s_lc.fits
232195068,33,tess2020351194500-s0033-0000000232195068-0203-s_lc.fits
270627532,33,tess2020351194500-s0033-0000000270627532-0203-s_lc.fits
349477778,33,tess2020351194500-s0033-0000000349477778-0203-s_lc.fits
349304574,33,tess2020351194500-s0033-0000000349304574-0203-s_lc.fits
151240764,33,tess2020351194500-s0033-0000000151240764-0203-s_lc.fits
55295968,33,tess2020351194500-s0033-0000000055295968-0203-s_lc.fits
65132802,33,tess2020351194500-s0033-0000000065132802-0203-s_lc.fits
350841048,33,tess2020351194500-s0033-0000000350841048-0203-s_lc.fits
309617715,33,tess2020351194500-s0033-0000000309617715-0203-s_lc.fits
255783511,33,tess2020351194500-s0033-0000000255783511-0203-s_lc.fits
235341139,33,tess2020351194500-s0033-0000000235341139-0203-s_lc.fits
141867607,33,tess2020351194500-s0033-0000000141867607-0203-s_lc.fits
177388502,33,tess2020351194500-s0033-0000000177388502-0203-s_lc.fits
219401289,33,tess2020351194500-s0033-0000000219401289-0203-s_lc.fits
179381768,33,tess2020351194500-s0033-0000000179381768-0203-s_lc.fits
271806644,33,tess2020351194500-s0033-0000000271806644-0203-s_lc.fits
106750355,33,tess2020351194500-s0033-0000000106750355-0203-s_lc.fits
60245752,33,tess2020351194500-s0033-0000000060245752-0203-s_lc.fits
4983692,33,tess2020351194500-s0033-0000000004983692-0203-s_lc.fits
59622850,33,tess2020351194500-s0033-0000000059622850-0203-s_lc.fits
166985959,33,tess2020351194500-s0033-0000000166985959-0203-s_lc.fits
153497412,33,tess2020351194500-s0033-0000000153497412-0203-s_lc.fits
238947228,33,tess2020351194500-s0033-0000000238947228-0203-s_lc.fits
266006599,33,tess2020351194500-s0033-0000000266006599-0203-s_lc.fits
99828446,33,tess2020351194500-s0033-0000000099828446-0203-s_lc.fits
350477270,33,tess2020351194500-s0033-0000000350477270-0203-s_lc.fits
35644532,33,tess2020351194500-s0033-0000000035644532-0203-s_lc.fits
61998053,33,tess2020351194500-s0033-0000000061998053-0203-s_lc.fits
232504966,33,tess2020351194500-s0033-0000000232504966-0203-s_lc.fits
43080181,33,tess2020351194500-s0033-0000000043080181-0203-s_lc.fits
32763047,33,tess2020351194500-s0033-0000000032763047-0203-s_lc.fits
393412950,33,tess2020351194500-s0033-0000000393412950-0203-s_lc.fits
804791406,33,tess2020351194500-s0033-0000000804791406-0203-s_lc.fits
30031510,33,tess2020351194500-s0033-0000000030031510-0203-s_lc.fits
32498058,33,tess2020351194500-s0033-0000000032498058-0203-s_lc.fits
60040830,33,tess2020351194500-s0033-0000000060040830-0203-s_lc.fits
391745863,33,tess2020351194500-s0033-0000000391745863-0203-s_lc.fits
282103728,33,tess2020351194500-s0033-0000000282103728-0203-s_lc.fits
453074248,33,tess2020351194500-s0033-0000000453074248-0203-s_lc.fits
177309083,33,tess2020351194500-s0033-0000000177309083-0203-s_lc.fits
768012051,33,tess2020351194500-s0033-0000000768012051-0203-s_lc.fits
49242966,33,tess2020351194500-s0033-0000000049242966-0203-s_lc.fits
59608571,33,tess2020351194500-s0033-0000000059608571-0203-s_lc.fits
232193954,33,tess2020351194500-s0033-0000000232193954-0203-s_lc.fits
80923243,33,tess2020351194500-s0033-0000000080923243-0203-s_lc.fits
219417089,33,tess2020351194500-s0033-0000000219417089-0203-s_lc.fits
219151378,33,tess2020351194500-s0033-0000000219151378-0203-s_lc.fits
250551073,33,tess2020351194500-s0033-0000000250551073-0203-s_lc.fits
765419969,33,tess2020351194500-s0033-0000000765419969-0203-s_lc.fits
141155264,33,tess2020351194500-s0033-0000000141155264-0203-s_lc.fits
22638443,33,tess2020351194500-s0033-0000000022638443-0203-s_lc.fits
272357134,33,tess2020351194500-s0033-0000000272357134-0203-s_lc.fits
375093373,33,tess2020351194500-s0033-0000000375093373-0203-s_lc.fits
391901095,33,tess2020351194500-s0033-0000000391901095-0203-s_lc.fits
307128407,33,tess2020351194500-s0033-0000000307128407-0203-s_lc.fits
288158059,33,tess2020351194500-s0033-0000000288158059-0203-s_lc.fits
201466446,33,tess2020351194500-s0033-0000000201466446-0203-s_lc.fits
124018695,33,tess2020351194500-s0033-0000000124018695-0203-s_lc.fits
408909304,33,tess2020351194500-s0033-0000000408909304-0203-s_lc.fits
734531490,33,tess2020351194500-s0033-0000000734531490-0203-s_lc.fits
156934615,33,tess2020351194500-s0033-0000000156934615-0203-s_lc.fits
354571052,33,tess2020351194500-s0033-0000000354571052-0203-s_lc.fits
238196350,33,tess2020351194500-s0033-0000000238196350-0203-s_lc.fits
234057000,33,tess2020351194500-s0033-0000000234057000-0203-s_lc.fits
39472160,33,tess2020351194500-s0033-0000000039472160-0203-s_lc.fits
167888364,33,tess2020351194500-s0033-0000000167888364-0203-s_lc.fits
260075733,33,tess2020351194500-s0033-0000000260075733-0203-s_lc.fits
319614734,33,tess2020351194500-s0033-0000000319614734-0203-s_lc.fits
141626634,33,tess2020351194500-s0033-0000000141626634-0203-s_lc.fits
219418430,33,tess2020351194500-s0033-0000000219418430-0203-s_lc.fits
65133819,33,tess2020351194500-s0033-0000000065133819-0203-s_lc.fits
51242538,33,tess2020351194500-s0033-0000000051242538-0203-s_lc.fits
229194399,33,tess2020351194500-s0033-0000000229194399-0203-s_lc.fits
302864732,33,tess2020351194500-s0033-0000000302864732-0203-s_lc.fits
124919420,33,tess2020351194500-s0033-0000000124919420-0203-s_lc.fits
219420822,33,tess2020351194500-s0033-0000000219420822-0203-s_lc.fits
339962310,33,tess2020351194500-s0033-0000000339962310-0203-s_lc.fits
140859822,33,tess2020351194500-s0033-0000000140859822-0203-s_lc.fits
149423299,33,tess2020351194500-s0033-0000000149423299-0203-s_lc.fits
346567334,33,tess2020351194500-s0033-0000000346567334-0203-s_lc.fits
232148981,33,tess2020351194500-s0033-0000000232148981-0203-s_lc.fits
284617922,33,tess2020351194500-s0033-0000000284617922-0203-s_lc.fits
271553016,33,tess2020351194500-s0033-0000000271553016-0203-s_lc.fits
52909508,33,tess2020351194500-s0033-0000000052909508-0203-s_lc.fits
242064626,33,tess2020351194500-s0033-0000000242064626-0203-s_lc.fits
307060650,33,tess2020351194500-s0033-0000000307060650-0203-s_lc.fits
55272262,33,tess2020351194500-s0033-0000000055272262-0203-s_lc.fits
370117386,33,tess2020351194500-s0033-0000000370117386-0203-s_lc.fits
220300268,33,tess2020351194500-s0033-0000000220300268-0203-s_lc.fits
35831340,33,tess2020351194500-s0033-0000000035831340-0203-s_lc.fits
52821416,33,tess2020351194500-s0033-0000000052821416-0203-s_lc.fits
100593013,33,tess2020351194500-s0033-0000000100593013-0203-s_lc.fits
279570232,33,tess2020351194500-s0033-0000000279570232-0203-s_lc.fits
60380799,33,tess2020351194500-s0033-0000000060380799-0203-s_lc.fits
201372651,33,tess2020351194500-s0033-0000000201372651-0203-s_lc.fits
200376190,33,tess2020351194500-s0033-0000000200376190-0203-s_lc.fits
67284198,33,tess2020351194500-s0033-0000000067284198-0203-s_lc.fits
279788621,33,tess2020351194500-s0033-0000000279788621-0203-s_lc.fits
147637841,33,tess2020351194500-s0033-0000000147637841-0203-s_lc.fits
4923327,33,tess2020351194500-s0033-0000000004923327-0203-s_lc.fits
178060715,33,tess2020351194500-s0033-0000000178060715-0203-s_lc.fits
33713959,33,tess2020351194500-s0033-0000000033713959-0203-s_lc.fits
270676429,33,tess2020351194500-s0033-0000000270676429-0203-s_lc.fits
219163665,33,tess2020351194500-s0033-0000000219163665-0203-s_lc.fits
14667177,33,tess2020351194500-s0033-0000000014667177-0203-s_lc.fits
149390282,33,tess2020351194500-s0033-0000000149390282-0203-s_lc.fits
299202275,33,tess2020351194500-s0033-0000000299202275-0203-s_lc.fits
268457591,33,tess2020351194500-s0033-0000000268457591-0203-s_lc.fits
735026663,33,tess2020351194500-s0033-0000000735026663-0203-s_lc.fits
279160979,33,tess2020351194500-s0033-0000000279160979-0203-s_lc.fits
355407953,33,tess2020351194500-s0033-0000000355407953-0203-s_lc.fits
177350315,33,tess2020351194500-s0033-0000000177350315-0203-s_lc.fits
220622233,33,tess2020351194500-s0033-0000000220622233-0203-s_lc.fits
167893803,33,tess2020351194500-s0033-0000000167893803-0203-s_lc.fits
234947719,33,tess2020351194500-s0033-0000000234947719-0203-s_lc.fits
167417695,33,tess2020351194500-s0033-0000000167417695-0203-s_lc.fits
140943185,33,tess2020351194500-s0033-0000000140943185-0203-s_lc.fits
278959355,33,tess2020351194500-s0033-0000000278959355-0203-s_lc.fits
177079149,33,tess2020351194500-s0033-0000000177079149-0203-s_lc.fits
150102227,33,tess2020351194500-s0033-0000000150102227-0203-s_lc.fits
231725141,33,tess2020351194500-s0033-0000000231725141-0203-s_lc.fits
151061008,33,tess2020351194500-s0033-0000000151061008-0203-s_lc.fits
22730598,33,tess2020351194500-s0033-0000000022730598-0203-s_lc.fits
63041914,33,tess2020351194500-s0033-0000000063041914-0203-s_lc.fits
155460839,33,tess2020351194500-s0033-0000000155460839-0203-s_lc.fits
445987885,33,tess2020351194500-s0033-0000000445987885-0203-s_lc.fits
358459933,33,tess2020351194500-s0033-0000000358459933-0203-s_lc.fits
130297425,33,tess2020351194500-s0033-0000000130297425-0203-s_lc.fits
124494465,33,tess2020351194500-s0033-0000000124494465-0203-s_lc.fits
262700223,33,tess2020351194500-s0033-0000000262700223-0203-s_lc.fits
231339777,33,tess2020351194500-s0033-0000000231339777-0203-s_lc.fits
238197638,33,tess2020351194500-s0033-0000000238197638-0203-s_lc.fits
294157254,33,tess2020351194500-s0033-0000000294157254-0203-s_lc.fits
151174377,33,tess2020351194500-s0033-0000000151174377-0203-s_lc.fits
264470419,33,tess2020351194500-s0033-0000000264470419-0203-s_lc.fits
7422431,33,tess2020351194500-s0033-0000000007422431-0203-s_lc.fits
5464911,33,tess2020351194500-s0033-0000000005464911-0203-s_lc.fits
93053378,33,tess2020351194500-s0033-0000000093053378-0203-s_lc.fits
445990173,33,tess2020351194500-s0033-0000000445990173-0203-s_lc.fits
158070407,33,tess2020351194500-s0033-0000000158070407-0203-s_lc.fits
93207761,33,tess2020351194500-s0033-0000000093207761-0203-s_lc.fits
72557044,33,tess2020351194500-s0033-0000000072557044-0203-s_lc.fits
382145521,33,tess2020351194500-s0033-0000000382145521-0203-s_lc.fits
141865269,33,tess2020351194500-s0033-0000000141865269-0203-s_lc.fits
7322614,33,tess2020351194500-s0033-0000000007322614-0203-s_lc.fits
232420111,33,tess2020351194500-s0033-0000000232420111-0203-s_lc.fits
234164595,33,tess2020351194500-s0033-0000000234164595-0203-s_lc.fits
31816875,33,tess2020351194500-s0033-0000000031816875-0203-s_lc.fits
97722953,33,tess2020351194500-s0033-0000000097722953-0203-s_lc.fits
350716888,33,tess2020351194500-s0033-0000000350716888-0203-s_lc.fits
155019335,33,tess2020351194500-s0033-0000000155019335-0203-s_lc.fits
220424856,33,tess2020351194500-s0033-0000000220424856-0203-s_lc.fits
268694055,33,tess2020351194500-s0033-0000000268694055-0203-s_lc.fits
167794129,33,tess2020351194500-s0033-0000000167794129-0203-s_lc.fits
291871152,33,tess2020351194500-s0033-0000000291871152-0203-s_lc.fits
66740440,33,tess2020351194500-s0033-0000000066740440-0203-s_lc.fits
232422645,33,tess2020351194500-s0033-0000000232422645-0203-s_lc.fits
167246904,33,tess2020351194500-s0033-0000000167246904-0203-s_lc.fits
172410348,33,tess2020351194500-s0033-0000000172410348-0203-s_lc.fits
219427489,33,tess2020351194500-s0033-0000000219427489-0203-s_lc.fits
49610894,33,tess2020351194500-s0033-0000000049610894-0203-s_lc.fits
140758953,33,tess2020351194500-s0033-0000000140758953-0203-s_lc.fits
281913005,33,tess2020351194500-s0033-0000000281913005-0203-s_lc.fits
202011766,33,tess2020351194500-s0033-0000000202011766-0203-s_lc.fits
143108992,33,tess2020351194500-s0033-0000000143108992-0203-s_lc.fits
232020070,33,tess2020351194500-s0033-0000000232020070-0203-s_lc.fits
294217558,33,tess2020351194500-s0033-0000000294217558-0203-s_lc.fits
124810820,33,tess2020351194500-s0033-0000000124810820-0203-s_lc.fits
31745426,33,tess2020351194500-s0033-0000000031745426-0203-s_lc.fits
300327924,33,tess2020351194500-s0033-0000000300327924-0203-s_lc.fits
32830028,33,tess2020351194500-s0033-0000000032830028-0203-s_lc.fits
317477595,33,tess2020351194500-s0033-0000000317477595-0203-s_lc.fits
282893379,33,tess2020351194500-s0033-0000000282893379-0203-s_lc.fits
91600474,33,tess2020351194500-s0033-0000000091600474-0203-s_lc.fits
220617943,33,tess2020351194500-s0033-0000000220617943-0203-s_lc.fits
237532447,33,tess2020351194500-s0033-0000000237532447-0203-s_lc.fits
235078414,33,tess2020351194500-s0033-0000000235078414-0203-s_lc.fits
167010763,33,tess2020351194500-s0033-0000000167010763-0203-s_lc.fits
21747654,33,tess2020351194500-s0033-0000000021747654-0203-s_lc.fits
157093854,33,tess2020351194500-s0033-0000000157093854-0203-s_lc.fits
93208343,33,tess2020351194500-s0033-0000000093208343-0203-s_lc.fits
375038128,33,tess2020351194500-s0033-0000000375038128-0203-s_lc.fits
235064190,33,tess2020351194500-s0033-0000000235064190-0203-s_lc.fits
33864370,33,tess2020351194500-s0033-0000000033864370-0203-s_lc.fits
141625486,33,tess2020351194500-s0033-0000000141625486-0203-s_lc.fits
294159692,33,tess2020351194500-s0033-0000000294159692-0203-s_lc.fits
350622888,33,tess2020351194500-s0033-0000000350622888-0203-s_lc.fits
393121649,33,tess2020351194500-s0033-0000000393121649-0203-s_lc.fits
262710991,33,tess2020351194500-s0033-0000000262710991-0203-s_lc.fits
157090409,33,tess2020351194500-s0033-0000000157090409-0203-s_lc.fits
262324770,33,tess2020351194500-s0033-0000000262324770-0203-s_lc.fits
291408300,33,tess2020351194500-s0033-0000000291408300-0203-s_lc.fits
60242471,33,tess2020351194500-s0033-0000000060242471-0203-s_lc.fits
291408315,33,tess2020351194500-s0033-0000000291408315-0203-s_lc.fits
300139852,33,tess2020351194500-s0033-0000000300139852-0203-s_lc.fits
157210634,33,tess2020351194500-s0033-0000000157210634-0203-s_lc.fits
52750671,33,tess2020351194500-s0033-0000000052750671-0203-s_lc.fits
220621745,33,tess2020351194500-s0033-0000000220621745-0203-s_lc.fits
140215017,33,tess2020351194500-s0033-0000000140215017-0203-s_lc.fits
176954865,33,tess2020351194500-s0033-0000000176954865-0203-s_lc.fits
410902462,33,tess2020351194500-s0033-0000000410902462-0203-s_lc.fits
165207274,33,tess2020351194500-s0033-0000000165207274-0203-s_lc.fits
78447415,33,tess2020351194500-s0033-0000000078447415-0203-s_lc.fits
176955379,33,tess2020351194500-s0033-0000000176955379-0203-s_lc.fits
279904048,33,tess2020351194500-s0033-0000000279904048-0203-s_lc.fits
260538402,33,tess2020351194500-s0033-0000000260538402-0203-s_lc.fits
4827953,33,tess2020351194500-s0033-0000000004827953-0203-s_lc.fits
376938321,33,tess2020351194500-s0033-0000000376938321-0203-s_lc.fits
119238570,33,tess2020351194500-s0033-0000000119238570-0203-s_lc.fits
172116622,33,tess2020351194500-s0033-0000000172116622-0203-s_lc.fits
260709484,33,tess2020351194500-s0033-0000000260709484-0203-s_lc.fits
388180830,33,tess2020351194500-s0033-0000000388180830-0203-s_lc.fits
339858488,33,tess2020351194500-s0033-0000000339858488-0203-s_lc.fits
55557836,33,tess2020351194500-s0033-0000000055557836-0203-s_lc.fits
242066071,33,tess2020351194500-s0033-0000000242066071-0203-s_lc.fits
260351380,33,tess2020351194500-s0033-0000000260351380-0203-s_lc.fits
119442593,33,tess2020351194500-s0033-0000000119442593-0203-s_lc.fits
32052608,33,tess2020351194500-s0033-0000000032052608-0203-s_lc.fits
167439153,33,tess2020351194500-s0033-0000000167439153-0203-s_lc.fits
124539855,33,tess2020351194500-s0033-0000000124539855-0203-s_lc.fits
300656986,33,tess2020351194500-s0033-0000000300656986-0203-s_lc.fits
389364321,33,tess2020351194500-s0033-0000000389364321-0203-s_lc.fits
278730265,33,tess2020351194500-s0033-0000000278730265-0203-s_lc.fits
234265069,33,tess2020351194500-s0033-0000000234265069-0203-s_lc.fits
348995212,33,tess2020351194500-s0033-0000000348995212-0203-s_lc.fits
141625087,33,tess2020351194500-s0033-0000000141625087-0203-s_lc.fits
386201824,33,tess2020351194500-s0033-0000000386201824-0203-s_lc.fits
80455549,33,tess2020351194500-s0033-0000000080455549-0203-s_lc.fits
176516752,33,tess2020351194500-s0033-0000000176516752-0203-s_lc.fits
425169014,33,tess2020351194500-s0033-0000000425169014-0203-s_lc.fits
266163482,33,tess2020351194500-s0033-0000000266163482-0203-s_lc.fits
148935060,33,tess2020351194500-s0033-0000000148935060-0203-s_lc.fits
139541829,33,tess2020351194500-s0033-0000000139541829-0203-s_lc.fits
167651836,33,tess2020351194500-s0033-0000000167651836-0203-s_lc.fits
64702378,33,tess2020351194500-s0033-0000000064702378-0203-s_lc.fits
219144734,33,tess2020351194500-s0033-0000000219144734-0203-s_lc.fits
102571428,33,tess2020351194500-s0033-0000000102571428-0203-s_lc.fits
322685849,33,tess2020351194500-s0033-0000000322685849-0203-s_lc.fits
20232122,33,tess2020351194500-s0033-0000000020232122-0203-s_lc.fits
55497265,33,tess2020351194500-s0033-0000000055497265-0203-s_lc.fits
147958296,33,tess2020351194500-s0033-0000000147958296-0203-s_lc.fits
30314282,33,tess2020351194500-s0033-0000000030314282-0203-s_lc.fits
201372752,33,tess2020351194500-s0033-0000000201372752-0203-s_lc.fits
176518282,33,tess2020351194500-s0033-0000000176518282-0203-s_lc.fits
124127357,33,tess2020351194500-s0033-0000000124127357-0203-s_lc.fits
306670904,33,tess2020351194500-s0033-0000000306670904-0203-s_lc.fits
32071721,33,tess2020351194500-s0033-0000000032071721-0203-s_lc.fits
60099976,33,tess2020351194500-s0033-0000000060099976-0203-s_lc.fits
120088837,33,tess2020351194500-s0033-0000000120088837-0203-s_lc.fits
350431472,33,tess2020351194500-s0033-0000000350431472-0203-s_lc.fits
151588969,33,tess2020351194500-s0033-0000000151588969-0203-s_lc.fits
234075687,33,tess2020351194500-s0033-0000000234075687-0203-s_lc.fits
52908163,33,tess2020351194500-s0033-0000000052908163-0203-s_lc.fits
295522204,33,tess2020351194500-s0033-0000000295522204-0203-s_lc.fits
373595638,33,tess2020351194500-s0033-0000000373595638-0203-s_lc.fits
31960109,33,tess2020351194500-s0033-0000000031960109-0203-s_lc.fits
11958884,33,tess2020351194500-s0033-0000000011958884-0203-s_lc.fits
251206625,33,tess2020351194500-s0033-0000000251206625-0203-s_lc.fits
4613848,33,tess2020351194500-s0033-0000000004613848-0203-s_lc.fits
124643741,33,tess2020351194500-s0033-0000000124643741-0203-s_lc.fits
4616072,33,tess2020351194500-s0033-0000000004616072-0203-s_lc.fits
294979637,33,tess2020351194500-s0033-0000000294979637-0203-s_lc.fits
277300384,33,tess2020351194500-s0033-0000000277300384-0203-s_lc.fits
260654610,33,tess2020351194500-s0033-0000000260654610-0203-s_lc.fits
220436129,33,tess2020351194500-s0033-0000000220436129-0203-s_lc.fits
48544905,33,tess2020351194500-s0033-0000000048544905-0203-s_lc.fits
219164808,33,tess2020351194500-s0033-0000000219164808-0203-s_lc.fits
52982382,33,tess2020351194500-s0033-0000000052982382-0203-s_lc.fits
141428309,33,tess2020351194500-s0033-0000000141428309-0203-s_lc.fits
7464109,33,tess2020351194500-s0033-0000000007464109-0203-s_lc.fits
149902411,33,tess2020351194500-s0033-0000000149902411-0203-s_lc.fits
231823428,33,tess2020351194500-s0033-0000000231823428-0203-s_lc.fits
38635270,33,tess2020351194500-s0033-0000000038635270-0203-s_lc.fits
231091557,33,tess2020351194500-s0033-0000000231091557-0203-s_lc.fits
100833808,33,tess2020351194500-s0033-0000000100833808-0203-s_lc.fits
150146216,33,tess2020351194500-s0033-0000000150146216-0203-s_lc.fits
309658394,33,tess2020351194500-s0033-0000000309658394-0203-s_lc.fits
770761728,33,tess2020351194500-s0033-0000000770761728-0203-s_lc.fits
207006013,33,tess2020351194500-s0033-0000000207006013-0203-s_lc.fits
124228278,33,tess2020351194500-s0033-0000000124228278-0203-s_lc.fits
21628045,33,tess2020351194500-s0033-0000000021628045-0203-s_lc.fits
93372641,33,tess2020351194500-s0033-0000000093372641-0203-s_lc.fits
117669186,33,tess2020351194500-s0033-0000000117669186-0203-s_lc.fits
287638811,33,tess2020351194500-s0033-0000000287638811-0203-s_lc.fits
149503727,33,tess2020351194500-s0033-0000000149503727-0203-s_lc.fits
374911869,33,tess2020351194500-s0033-0000000374911869-0203-s_lc.fits
147948827,33,tess2020351194500-s0033-0000000147948827-0203-s_lc.fits
100832149,33,tess2020351194500-s0033-0000000100832149-0203-s_lc.fits
339860917,33,tess2020351194500-s0033-0000000339860917-0203-s_lc.fits
52665783,33,tess2020351194500-s0033-0000000052665783-0203-s_lc.fits
277173642,33,tess2020351194500-s0033-0000000277173642-0203-s_lc.fits
30322368,33,tess2020351194500-s0033-0000000030322368-0203-s_lc.fits
382146387,33,tess2020351194500-s0033-0000000382146387-0203-s_lc.fits
238019291,33,tess2020351194500-s0033-0000000238019291-0203-s_lc.fits
59936993,33,tess2020351194500-s0033-0000000059936993-0203-s_lc.fits
369522810,33,tess2020351194500-s0033-0000000369522810-0203-s_lc.fits
96441229,33,tess2020351194500-s0033-0000000096441229-0203-s_lc.fits
234844386,33,tess2020351194500-s0033-0000000234844386-0203-s_lc.fits
415564177,33,tess2020351194500-s0033-0000000415564177-0203-s_lc.fits
177254154,33,tess2020351194500-s0033-0000000177254154-0203-s_lc.fits
141611845,33,tess2020351194500-s0033-0000000141611845-0203-s_lc.fits
232045323,33,tess2020351194500-s0033-0000000232045323-0203-s_lc.fits
445936684,33,tess2020351194500-s0033-0000000445936684-0203-s_lc.fits
438212183,33,tess2020351194500-s0033-0000000438212183-0203-s_lc.fits
271975279,33,tess2020351194500-s0033-0000000271975279-0203-s_lc.fits
123846039,33,tess2020351194500-s0033-0000000123846039-0203-s_lc.fits
220435968,33,tess2020351194500-s0033-0000000220435968-0203-s_lc.fits
51831651,33,tess2020351194500-s0033-0000000051831651-0203-s_lc.fits
350335178,33,tess2020351194500-s0033-0000000350335178-0203-s_lc.fits
102412365,33,tess2020351194500-s0033-0000000102412365-0203-s_lc.fits
317803368,33,tess2020351194500-s0033-0000000317803368-0203-s_lc.fits
382188615,33,tess2020351194500-s0033-0000000382188615-0203-s_lc.fits
260302371,33,tess2020351194500-s0033-0000000260302371-0203-s_lc.fits
61911185,33,tess2020351194500-s0033-0000000061911185-0203-s_lc.fits
255759158,33,tess2020351194500-s0033-0000000255759158-0203-s_lc.fits
445990230,33,tess2020351194500-s0033-0000000445990230-0203-s_lc.fits
231162080,33,tess2020351194500-s0033-0000000231162080-0203-s_lc.fits
706215607,33,tess2020351194500-s0033-0000000706215607-0203-s_lc.fits
111156946,33,tess2020351194500-s0033-0000000111156946-0203-s_lc.fits
11902096,33,tess2020351194500-s0033-0000000011902096-0203-s_lc.fits
98166964,33,tess2020351194500-s0033-0000000098166964-0203-s_lc.fits
375034849,33,tess2020351194500-s0033-0000000375034849-0203-s_lc.fits
172365675,33,tess2020351194500-s0033-0000000172365675-0203-s_lc.fits
281724061,33,tess2020351194500-s0033-0000000281724061-0203-s_lc.fits
410903516,33,tess2020351194500-s0033-0000000410903516-0203-s_lc.fits
63422908,33,tess2020351194500-s0033-0000000063422908-0203-s_lc.fits
279511750,33,tess2020351194500-s0033-0000000279511750-0203-s_lc.fits
177354771,33,tess2020351194500-s0033-0000000177354771-0203-s_lc.fits
231925276,33,tess2020351194500-s0033-0000000231925276-0203-s_lc.fits
232036142,33,tess2020351194500-s0033-0000000232036142-0203-s_lc.fits
350335330,33,tess2020351194500-s0033-0000000350335330-0203-s_lc.fits
141120940,33,tess2020351194500-s0033-0000000141120940-0203-s_lc.fits
382098944,33,tess2020351194500-s0033-0000000382098944-0203-s_lc.fits
142148587,33,tess2020351194500-s0033-0000000142148587-0203-s_lc.fits
167367237,33,tess2020351194500-s0033-0000000167367237-0203-s_lc.fits
260473060,33,tess2020351194500-s0033-0000000260473060-0203-s_lc.fits
272361604,33,tess2020351194500-s0033-0000000272361604-0203-s_lc.fits
508780751,33,tess2020351194500-s0033-0000000508780751-0203-s_lc.fits
339771483,33,tess2020351194500-s0033-0000000339771483-0203-s_lc.fits
55476866,33,tess2020351194500-s0033-0000000055476866-0203-s_lc.fits
407700327,33,tess2020351194500-s0033-0000000407700327-0203-s_lc.fits
382042960,33,tess2020351194500-s0033-0000000382042960-0203-s_lc.fits
234923991,33,tess2020351194500-s0033-0000000234923991-0203-s_lc.fits
26525908,33,tess2020351194500-s0033-0000000026525908-0203-s_lc.fits
29778064,33,tess2020351194500-s0033-0000000029778064-0203-s_lc.fits
24608568,33,tess2020351194500-s0033-0000000024608568-0203-s_lc.fits
95410045,33,tess2020351194500-s0033-0000000095410045-0203-s_lc.fits
404966425,33,tess2020351194500-s0033-0000000404966425-0203-s_lc.fits
55745991,33,tess2020351194500-s0033-0000000055745991-0203-s_lc.fits
231072998,33,tess2020351194500-s0033-0000000231072998-0203-s_lc.fits
20208418,33,tess2020351194500-s0033-0000000020208418-0203-s_lc.fits
350295877,33,tess2020351194500-s0033-0000000350295877-0203-s_lc.fits
37547170,33,tess2020351194500-s0033-0000000037547170-0203-s_lc.fits
234217768,33,tess2020351194500-s0033-0000000234217768-0203-s_lc.fits
80962669,33,tess2020351194500-s0033-0000000080962669-0203-s_lc.fits
119630121,33,tess2020351194500-s0033-0000000119630121-0203-s_lc.fits
404768019,33,tess2020351194500-s0033-0000000404768019-0203-s_lc.fits
20298547,33,tess2020351194500-s0033-0000000020298547-0203-s_lc.fits
168527265,33,tess2020351194500-s0033-0000000168527265-0203-s_lc.fits
350933090,33,tess2020351194500-s0033-0000000350933090-0203-s_lc.fits
142049346,33,tess2020351194500-s0033-0000000142049346-0203-s_lc.fits
124088504,33,tess2020351194500-s0033-0000000124088504-0203-s_lc.fits
380031453,33,tess2020351194500-s0033-0000000380031453-0203-s_lc.fits
219200215,33,tess2020351194500-s0033-0000000219200215-0203-s_lc.fits
219154261,33,tess2020351194500-s0033-0000000219154261-0203-s_lc.fits
25132314,33,tess2020351194500-s0033-0000000025132314-0203-s_lc.fits
100829447,33,tess2020351194500-s0033-0000000100829447-0203-s_lc.fits
349411267,33,tess2020351194500-s0033-0000000349411267-0203-s_lc.fits
143104235,33,tess2020351194500-s0033-0000000143104235-0203-s_lc.fits
29778239,33,tess2020351194500-s0033-0000000029778239-0203-s_lc.fits
66824761,33,tess2020351194500-s0033-0000000066824761-0203-s_lc.fits
264236761,33,tess2020351194500-s0033-0000000264236761-0203-s_lc.fits
389564948,33,tess2020351194500-s0033-0000000389564948-0203-s_lc.fits
260044924,33,tess2020351194500-s0033-0000000260044924-0203-s_lc.fits
14713537,33,tess2020351194500-s0033-0000000014713537-0203-s_lc.fits
7493444,33,tess2020351194500-s0033-0000000007493444-0203-s_lc.fits
232446955,33,tess2020351194500-s0033-0000000232446955-0203-s_lc.fits
38954454,33,tess2020351194500-s0033-0000000038954454-0203-s_lc.fits
349677777,33,tess2020351194500-s0033-0000000349677777-0203-s_lc.fits
318283907,33,tess2020351194500-s0033-0000000318283907-0203-s_lc.fits
33361310,33,tess2020351194500-s0033-0000000033361310-0203-s_lc.fits
93211119,33,tess2020351194500-s0033-0000000093211119-0203-s_lc.fits
124012940,33,tess2020351194500-s0033-0000000124012940-0203-s_lc.fits
37392474,33,tess2020351194500-s0033-0000000037392474-0203-s_lc.fits
278865766,33,tess2020351194500-s0033-0000000278865766-0203-s_lc.fits
306577678,33,tess2020351194500-s0033-0000000306577678-0203-s_lc.fits
300142849,33,tess2020351194500-s0033-0000000300142849-0203-s_lc.fits
33601793,33,tess2020351194500-s0033-0000000033601793-0203-s_lc.fits
30759304,33,tess2020351194500-s0033-0000000030759304-0203-s_lc.fits
111152015,33,tess2020351194500-s0033-0000000111152015-0203-s_lc.fits
300708926,33,tess2020351194500-s0033-0000000300708926-0203-s_lc.fits
25704773,33,tess2020351194500-s0033-0000000025704773-0203-s_lc.fits
98393577,33,tess2020351194500-s0033-0000000098393577-0203-s_lc.fits
60413010,33,tess2020351194500-s0033-0000000060413010-0203-s_lc.fits
349767833,33,tess2020351194500-s0033-0000000349767833-0203-s_lc.fits
255590987,33,tess2020351194500-s0033-0000000255590987-0203-s_lc.fits
381924233,33,tess2020351194500-s0033-0000000381924233-0203-s_lc.fits
443317557,33,tess2020351194500-s0033-0000000443317557-0203-s_lc.fits
134500828,33,tess2020351194500-s0033-0000000134500828-0203-s_lc.fits
293347563,33,tess2020351194500-s0033-0000000293347563-0203-s_lc.fits
177979866,33,tess2020351194500-s0033-0000000177979866-0203-s_lc.fits
143275547,33,tess2020351194500-s0033-0000000143275547-0203-s_lc.fits
80466120,33,tess2020351194500-s0033-0000000080466120-0203-s_lc.fits
300444408,33,tess2020351194500-s0033-0000000300444408-0203-s_lc.fits
159088002,33,tess2020351194500-s0033-0000000159088002-0203-s_lc.fits
373431424,33,tess2020351194500-s0033-0000000373431424-0203-s_lc.fits
279361150,33,tess2020351194500-s0033-0000000279361150-0203-s_lc.fits
262599483,33,tess2020351194500-s0033-0000000262599483-0203-s_lc.fits
124179602,33,tess2020351194500-s0033-0000000124179602-0203-s_lc.fits
52276938,33,tess2020351194500-s0033-0000000052276938-0203-s_lc.fits
300328279,33,tess2020351194500-s0033-0000000300328279-0203-s_lc.fits
106626883,33,tess2020351194500-s0033-0000000106626883-0203-s_lc.fits
31816542,33,tess2020351194500-s0033-0000000031816542-0203-s_lc.fits
100386042,33,tess2020351194500-s0033-0000000100386042-0203-s_lc.fits
231207405,33,tess2020351194500-s0033-0000000231207405-0203-s_lc.fits
140445487,33,tess2020351194500-s0033-0000000140445487-0203-s_lc.fits
760818689,33,tess2020351194500-s0033-0000000760818689-0203-s_lc.fits
320816838,33,tess2020351194500-s0033-0000000320816838-0203-s_lc.fits
207248225,33,tess2020351194500-s0033-0000000207248225-0203-s_lc.fits
65139591,33,tess2020351194500-s0033-0000000065139591-0203-s_lc.fits
234185725,33,tess2020351194500-s0033-0000000234185725-0203-s_lc.fits
156934543,33,tess2020351194500-s0033-0000000156934543-0203-s_lc.fits
251237480,33,tess2020351194500-s0033-0000000251237480-0203-s_lc.fits
33770927,33,tess2020351194500-s0033-0000000033770927-0203-s_lc.fits
202143441,33,tess2020351194500-s0033-0000000202143441-0203-s_lc.fits
20141931,33,tess2020351194500-s0033-0000000020141931-0203-s_lc.fits
21651692,33,tess2020351194500-s0033-0000000021651692-0203-s_lc.fits
235387730,33,tess2020351194500-s0033-0000000235387730-0203-s_lc.fits
388106228,33,tess2020351194500-s0033-0000000388106228-0203-s_lc.fits
287636631,33,tess2020351194500-s0033-0000000287636631-0203-s_lc.fits
219418372,33,tess2020351194500-s0033-0000000219418372-0203-s_lc.fits
293272754,33,tess2020351194500-s0033-0000000293272754-0203-s_lc.fits
55525557,33,tess2020351194500-s0033-0000000055525557-0203-s_lc.fits
443328062,33,tess2020351194500-s0033-0000000443328062-0203-s_lc.fits
219365137,33,tess2020351194500-s0033-0000000219365137-0203-s_lc.fits
232187050,33,tess2020351194500-s0033-0000000232187050-0203-s_lc.fits
96926598,33,tess2020351194500-s0033-0000000096926598-0203-s_lc.fits
299943844,33,tess2020351194500-s0033-0000000299943844-0203-s_lc.fits
270576139,33,tess2020351194500-s0033-0000000270576139-0203-s_lc.fits
33104028,33,tess2020351194500-s0033-0000000033104028-0203-s_lc.fits
32090923,33,tess2020351194500-s0033-0000000032090923-0203-s_lc.fits
37440013,33,tess2020351194500-s0033-0000000037440013-0203-s_lc.fits
123956341,33,tess2020351194500-s0033-0000000123956341-0203-s_lc.fits
10069883,33,tess2020351194500-s0033-0000000010069883-0203-s_lc.fits
220323515,33,tess2020351194500-s0033-0000000220323515-0203-s_lc.fits
262610283,33,tess2020351194500-s0033-0000000262610283-0203-s_lc.fits
64600977,33,tess2020351194500-s0033-0000000064600977-0203-s_lc.fits
66655323,33,tess2020351194500-s0033-0000000066655323-0203-s_lc.fits
363913673,33,tess2020351194500-s0033-0000000363913673-0203-s_lc.fits
294398491,33,tess2020351194500-s0033-0000000294398491-0203-s_lc.fits
142145534,33,tess2020351194500-s0033-0000000142145534-0203-s_lc.fits
168594970,33,tess2020351194500-s0033-0000000168594970-0203-s_lc.fits
177655700,33,tess2020351194500-s0033-0000000177655700-0203-s_lc.fits
32070937,33,tess2020351194500-s0033-0000000032070937-0203-s_lc.fits
443121879,33,tess2020351194500-s0033-0000000443121879-0203-s_lc.fits
31742422,33,tess2020351194500-s0033-0000000031742422-0203-s_lc.fits
172592847,33,tess2020351194500-s0033-0000000172592847-0203-s_lc.fits
60521063,33,tess2020351194500-s0033-0000000060521063-0203-s_lc.fits
317551218,33,tess2020351194500-s0033-0000000317551218-0203-s_lc.fits
150432634,33,tess2020351194500-s0033-0000000150432634-0203-s_lc.fits
438119688,33,tess2020351194500-s0033-0000000438119688-0203-s_lc.fits
176727752,33,tess2020351194500-s0033-0000000176727752-0203-s_lc.fits
49084740,33,tess2020351194500-s0033-0000000049084740-0203-s_lc.fits
229175676,33,tess2020351194500-s0033-0000000229175676-0203-s_lc.fits
141610012,33,tess2020351194500-s0033-0000000141610012-0203-s_lc.fits
22975033,33,tess2020351194500-s0033-0000000022975033-0203-s_lc.fits
393385288,33,tess2020351194500-s0033-0000000393385288-0203-s_lc.fits
349269962,33,tess2020351194500-s0033-0000000349269962-0203-s_lc.fits
443551853,33,tess2020351194500-s0033-0000000443551853-0203-s_lc.fits
235272207,33,tess2020351194500-s0033-0000000235272207-0203-s_lc.fits
202148345,33,tess2020351194500-s0033-0000000202148345-0203-s_lc.fits
300739338,33,tess2020351194500-s0033-0000000300739338-0203-s_lc.fits
287328848,33,tess2020351194500-s0033-0000000287328848-0203-s_lc.fits
48611772,33,tess2020351194500-s0033-0000000048611772-0203-s_lc.fits
59707435,33,tess2020351194500-s0033-0000000059707435-0203-s_lc.fits
287774787,33,tess2020351194500-s0033-0000000287774787-0203-s_lc.fits
7322454,33,tess2020351194500-s0033-0000000007322454-0203-s_lc.fits
231947121,33,tess2020351194500-s0033-0000000231947121-0203-s_lc.fits
443119623,33,tess2020351194500-s0033-0000000443119623-0203-s_lc.fits
281343752,33,tess2020351194500-s0033-0000000281343752-0203-s_lc.fits
60118283,33,tess2020351194500-s0033-0000000060118283-0203-s_lc.fits
350841132,33,tess2020351194500-s0033-0000000350841132-0203-s_lc.fits
375064476,33,tess2020351194500-s0033-0000000375064476-0203-s_lc.fits
41364284,33,tess2020351194500-s0033-0000000041364284-0203-s_lc.fits
734768919,33,tess2020351194500-s0033-0000000734768919-0203-s_lc.fits
99826728,33,tess2020351194500-s0033-0000000099826728-0203-s_lc.fits
238095355,33,tess2020351194500-s0033-0000000238095355-0203-s_lc.fits
49081926,33,tess2020351194500-s0033-0000000049081926-0203-s_lc.fits
179308757,33,tess2020351194500-s0033-0000000179308757-0203-s_lc.fits
255642378,33,tess2020351194500-s0033-0000000255642378-0203-s_lc.fits
306397279,33,tess2020351194500-s0033-0000000306397279-0203-s_lc.fits
251160827,33,tess2020351194500-s0033-0000000251160827-0203-s_lc.fits
167797285,33,tess2020351194500-s0033-0000000167797285-0203-s_lc.fits
270676434,33,tess2020351194500-s0033-0000000270676434-0203-s_lc.fits
24397647,33,tess2020351194500-s0033-0000000024397647-0203-s_lc.fits
93243413,33,tess2020351194500-s0033-0000000093243413-0203-s_lc.fits
260297096,33,tess2020351194500-s0033-0000000260297096-0203-s_lc.fits
272235688,33,tess2020351194500-s0033-0000000272235688-0203-s_lc.fits
234923892,33,tess2020351194500-s0033-0000000234923892-0203-s_lc.fits
293228989,33,tess2020351194500-s0033-0000000293228989-0203-s_lc.fits
277099961,33,tess2020351194500-s0033-0000000277099961-0203-s_lc.fits
374858999,33,tess2020351194500-s0033-0000000374858999-0203-s_lc.fits
23088523,33,tess2020351194500-s0033-0000000023088523-0203-s_lc.fits
100531058,33,tess2020351194500-s0033-0000000100531058-0203-s_lc.fits
684844181,33,tess2020351194500-s0033-0000000684844181-0203-s_lc.fits
364424010,33,tess2020351194500-s0033-0000000364424010-0203-s_lc.fits
41458079,33,tess2020351194500-s0033-0000000041458079-0203-s_lc.fits
318790937,33,tess2020351194500-s0033-0000000318790937-0203-s_lc.fits
279321596,33,tess2020351194500-s0033-0000000279321596-0203-s_lc.fits
281923580,33,tess2020351194500-s0033-0000000281923580-0203-s_lc.fits
149274312,33,tess2020351194500-s0033-0000000149274312-0203-s_lc.fits
150185722,33,tess2020351194500-s0033-0000000150185722-0203-s_lc.fits
206678073,33,tess2020351194500-s0033-0000000206678073-0203-s_lc.fits
124950883,33,tess2020351194500-s0033-0000000124950883-0203-s_lc.fits
53596002,33,tess2020351194500-s0033-0000000053596002-0203-s_lc.fits
344139179,33,tess2020351194500-s0033-0000000344139179-0203-s_lc.fits
363964335,33,tess2020351194500-s0033-0000000363964335-0203-s_lc.fits
167811761,33,tess2020351194500-s0033-0000000167811761-0203-s_lc.fits
176874062,33,tess2020351194500-s0033-0000000176874062-0203-s_lc.fits
37352775,33,tess2020351194500-s0033-0000000037352775-0203-s_lc.fits
318799458,33,tess2020351194500-s0033-0000000318799458-0203-s_lc.fits
299557962,33,tess2020351194500-s0033-0000000299557962-0203-s_lc.fits
265999294,33,tess2020351194500-s0033-0000000265999294-0203-s_lc.fits
350717211,33,tess2020351194500-s0033-0000000350717211-0203-s_lc.fits
34527902,33,tess2020351194500-s0033-0000000034527902-0203-s_lc.fits
319439063,33,tess2020351194500-s0033-0000000319439063-0203-s_lc.fits
234073672,33,tess2020351194500-s0033-0000000234073672-0203-s_lc.fits
306335072,33,tess2020351194500-s0033-0000000306335072-0203-s_lc.fits
176955267,33,tess2020351194500-s0033-0000000176955267-0203-s_lc.fits
20181050,33,tess2020351194500-s0033-0000000020181050-0203-s_lc.fits
307291318,33,tess2020351194500-s0033-0000000307291318-0203-s_lc.fits
48745770,33,tess2020351194500-s0033-0000000048745770-0203-s_lc.fits
143078253,33,tess2020351194500-s0033-0000000143078253-0203-s_lc.fits
7421204,33,tess2020351194500-s0033-0000000007421204-0203-s_lc.fits
438543755,33,tess2020351194500-s0033-0000000438543755-0203-s_lc.fits
37998783,33,tess2020351194500-s0033-0000000037998783-0203-s_lc.fits
268778473,33,tess2020351194500-s0033-0000000268778473-0203-s_lc.fits
150142806,33,tess2020351194500-s0033-0000000150142806-0203-s_lc.fits
201373179,33,tess2020351194500-s0033-0000000201373179-0203-s_lc.fits
350619635,33,tess2020351194500-s0033-0000000350619635-0203-s_lc.fits
32150672,33,tess2020351194500-s0033-0000000032150672-0203-s_lc.fits
350842552,33,tess2020351194500-s0033-0000000350842552-0203-s_lc.fits
156564143,33,tess2020351194500-s0033-0000000156564143-0203-s_lc.fits
97421355,33,tess2020351194500-s0033-0000000097421355-0203-s_lc.fits
234208876,33,tess2020351194500-s0033-0000000234208876-0203-s_lc.fits
234038814,33,tess2020351194500-s0033-0000000234038814-0203-s_lc.fits
219152289,33,tess2020351194500-s0033-0000000219152289-0203-s_lc.fits
22730254,33,tess2020351194500-s0033-0000000022730254-0203-s_lc.fits
30185650,33,tess2020351194500-s0033-0000000030185650-0203-s_lc.fits
39543079,33,tess2020351194500-s0033-0000000039543079-0203-s_lc.fits
232425343,33,tess2020351194500-s0033-0000000232425343-0203-s_lc.fits
150442268,33,tess2020351194500-s0033-0000000150442268-0203-s_lc.fits
219181266,33,tess2020351194500-s0033-0000000219181266-0203-s_lc.fits
276864021,33,tess2020351194500-s0033-0000000276864021-0203-s_lc.fits
235067177,33,tess2020351194500-s0033-0000000235067177-0203-s_lc.fits
33089730,33,tess2020351194500-s0033-0000000033089730-0203-s_lc.fits
124181139,33,tess2020351194500-s0033-0000000124181139-0203-s_lc.fits
130513139,33,tess2020351194500-s0033-0000000130513139-0203-s_lc.fits
434368864,33,tess2020351194500-s0033-0000000434368864-0203-s_lc.fits
235485743,33,tess2020351194500-s0033-0000000235485743-0203-s_lc.fits
33740419,33,tess2020351194500-s0033-0000000033740419-0203-s_lc.fits
179308923,33,tess2020351194500-s0033-0000000179308923-0203-s_lc.fits
220411238,33,tess2020351194500-s0033-0000000220411238-0203-s_lc.fits
220614014,33,tess2020351194500-s0033-0000000220614014-0203-s_lc.fits
294394049,33,tess2020351194500-s0033-0000000294394049-0203-s_lc.fits
260131665,33,tess2020351194500-s0033-0000000260131665-0203-s_lc.fits
279214471,33,tess2020351194500-s0033-0000000279214471-0203-s_lc.fits
220293947,33,tess2020351194500-s0033-0000000220293947-0203-s_lc.fits
238227061,33,tess2020351194500-s0033-0000000238227061-0203-s_lc.fits
319436293,33,tess2020351194500-s0033-0000000319436293-0203-s_lc.fits
291967418,33,tess2020351194500-s0033-0000000291967418-0203-s_lc.fits
319472859,33,tess2020351194500-s0033-0000000319472859-0203-s_lc.fits
39222841,33,tess2020351194500-s0033-0000000039222841-0203-s_lc.fits
124746068,33,tess2020351194500-s0033-0000000124746068-0203-s_lc.fits
302803940,33,tess2020351194500-s0033-0000000302803940-0203-s_lc.fits
231493137,33,tess2020351194500-s0033-0000000231493137-0203-s_lc.fits
270710903,33,tess2020351194500-s0033-0000000270710903-0203-s_lc.fits
55755223,33,tess2020351194500-s0033-0000000055755223-0203-s_lc.fits
279053140,33,tess2020351194500-s0033-0000000279053140-0203-s_lc.fits
220457603,33,tess2020351194500-s0033-0000000220457603-0203-s_lc.fits
159030371,33,tess2020351194500-s0033-0000000159030371-0203-s_lc.fits
81587972,33,tess2020351194500-s0033-0000000081587972-0203-s_lc.fits
443217665,33,tess2020351194500-s0033-0000000443217665-0203-s_lc.fits
158092259,33,tess2020351194500-s0033-0000000158092259-0203-s_lc.fits
729292215,33,tess2020351194500-s0033-0000000729292215-0203-s_lc.fits
235545911,33,tess2020351194500-s0033-0000000235545911-0203-s_lc.fits
339885131,33,tess2020351194500-s0033-0000000339885131-0203-s_lc.fits
391904102,33,tess2020351194500-s0033-0000000391904102-0203-s_lc.fits
78486675,33,tess2020351194500-s0033-0000000078486675-0203-s_lc.fits
150168785,33,tess2020351194500-s0033-0000000150168785-0203-s_lc.fits
307722375,33,tess2020351194500-s0033-0000000307722375-0203-s_lc.fits
123901010,33,tess2020351194500-s0033-0000000123901010-0203-s_lc.fits
55664733,33,tess2020351194500-s0033-0000000055664733-0203-s_lc.fits
30312676,33,tess2020351194500-s0033-0000000030312676-0203-s_lc.fits
350332161,33,tess2020351194500-s0033-0000000350332161-0203-s_lc.fits
38812501,33,tess2020351194500-s0033-0000000038812501-0203-s_lc.fits
12228385,33,tess2020351194500-s0033-0000000012228385-0203-s_lc.fits
149106599,33,tess2020351194500-s0033-0000000149106599-0203-s_lc.fits
167341796,33,tess2020351194500-s0033-0000000167341796-0203-s_lc.fits
287771394,33,tess2020351194500-s0033-0000000287771394-0203-s_lc.fits
234119071,33,tess2020351194500-s0033-0000000234119071-0203-s_lc.fits
317332379,33,tess2020351194500-s0033-0000000317332379-0203-s_lc.fits
382268382,33,tess2020351194500-s0033-0000000382268382-0203-s_lc.fits
119301151,33,tess2020351194500-s0033-0000000119301151-0203-s_lc.fits
43241550,33,tess2020351194500-s0033-0000000043241550-0203-s_lc.fits
4834288,33,tess2020351194500-s0033-0000000004834288-0203-s_lc.fits
48324133,33,tess2020351194500-s0033-0000000048324133-0203-s_lc.fits
350715144,33,tess2020351194500-s0033-0000000350715144-0203-s_lc.fits
141945095,33,tess2020351194500-s0033-0000000141945095-0203-s_lc.fits
156916014,33,tess2020351194500-s0033-0000000156916014-0203-s_lc.fits
220424477,33,tess2020351194500-s0033-0000000220424477-0203-s_lc.fits
150166584,33,tess2020351194500-s0033-0000000150166584-0203-s_lc.fits
200390959,33,tess2020351194500-s0033-0000000200390959-0203-s_lc.fits
167654506,33,tess2020351194500-s0033-0000000167654506-0203-s_lc.fits
149302744,33,tess2020351194500-s0033-0000000149302744-0203-s_lc.fits
172233421,33,tess2020351194500-s0033-0000000172233421-0203-s_lc.fits
317804139,33,tess2020351194500-s0033-0000000317804139-0203-s_lc.fits
43079354,33,tess2020351194500-s0033-0000000043079354-0203-s_lc.fits
272086159,33,tess2020351194500-s0033-0000000272086159-0203-s_lc.fits
124248701,33,tess2020351194500-s0033-0000000124248701-0203-s_lc.fits
151517553,33,tess2020351194500-s0033-0000000151517553-0203-s_lc.fits
766092864,33,tess2020351194500-s0033-0000000766092864-0203-s_lc.fits
270677813,33,tess2020351194500-s0033-0000000270677813-0203-s_lc.fits
177598393,33,tess2020351194500-s0033-0000000177598393-0203-s_lc.fits
192827585,33,tess2020351194500-s0033-0000000192827585-0203-s_lc.fits
149971055,33,tess2020351194500-s0033-0000000149971055-0203-s_lc.fits
262754957,33,tess2020351194500-s0033-0000000262754957-0203-s_lc.fits
333259460,33,tess2020351194500-s0033-0000000333259460-0203-s_lc.fits
147380838,33,tess2020351194500-s0033-0000000147380838-0203-s_lc.fits
155254258,33,tess2020351194500-s0033-0000000155254258-0203-s_lc.fits
284423334,33,tess2020351194500-s0033-0000000284423334-0203-s_lc.fits
151471059,33,tess2020351194500-s0033-0000000151471059-0203-s_lc.fits
40185978,33,tess2020351194500-s0033-0000000040185978-0203-s_lc.fits
238013192,33,tess2020351194500-s0033-0000000238013192-0203-s_lc.fits
106237348,33,tess2020351194500-s0033-0000000106237348-0203-s_lc.fits
238129709,33,tess2020351194500-s0033-0000000238129709-0203-s_lc.fits
354572301,33,tess2020351194500-s0033-0000000354572301-0203-s_lc.fits
261327578,33,tess2020351194500-s0033-0000000261327578-0203-s_lc.fits
94991213,33,tess2020351194500-s0033-0000000094991213-0203-s_lc.fits
279360449,33,tess2020351194500-s0033-0000000279360449-0203-s_lc.fits
20070231,33,tess2020351194500-s0033-0000000020070231-0203-s_lc.fits
388129478,33,tess2020351194500-s0033-0000000388129478-0203-s_lc.fits
142526145,33,tess2020351194500-s0033-0000000142526145-0203-s_lc.fits
220420857,33,tess2020351194500-s0033-0000000220420857-0203-s_lc.fits
52689469,33,tess2020351194500-s0033-0000000052689469-0203-s_lc.fits
309657355,33,tess2020351194500-s0033-0000000309657355-0203-s_lc.fits
231736113,33,tess2020351194500-s0033-0000000231736113-0203-s_lc.fits
149914697,33,tess2020351194500-s0033-0000000149914697-0203-s_lc.fits
81054718,33,tess2020351194500-s0033-0000000081054718-0203-s_lc.fits
237718996,33,tess2020351194500-s0033-0000000237718996-0203-s_lc.fits
235512445,33,tess2020351194500-s0033-0000000235512445-0203-s_lc.fits
30035088,33,tess2020351194500-s0033-0000000030035088-0203-s_lc.fits
294096029,33,tess2020351194500-s0033-0000000294096029-0203-s_lc.fits
172121921,33,tess2020351194500-s0033-0000000172121921-0203-s_lc.fits
124226248,33,tess2020351194500-s0033-0000000124226248-0203-s_lc.fits
231808293,33,tess2020351194500-s0033-0000000231808293-0203-s_lc.fits
231719953,33,tess2020351194500-s0033-0000000231719953-0203-s_lc.fits
93421569,33,tess2020351194500-s0033-0000000093421569-0203-s_lc.fits
65974845,33,tess2020351194500-s0033-0000000065974845-0203-s_lc.fits
66892529,33,tess2020351194500-s0033-0000000066892529-0203-s_lc.fits
172463053,33,tess2020351194500-s0033-0000000172463053-0203-s_lc.fits
53067214,33,tess2020351194500-s0033-0000000053067214-0203-s_lc.fits
167171556,33,tess2020351194500-s0033-0000000167171556-0203-s_lc.fits
309617141,33,tess2020351194500-s0033-0000000309617141-0203-s_lc.fits
72310844,33,tess2020351194500-s0033-0000000072310844-0203-s_lc.fits
177308090,33,tess2020351194500-s0033-0000000177308090-0203-s_lc.fits
382246984,33,tess2020351194500-s0033-0000000382246984-0203-s_lc.fits
237941249,33,tess2020351194500-s0033-0000000237941249-0203-s_lc.fits
276864697,33,tess2020351194500-s0033-0000000276864697-0203-s_lc.fits
24895582,33,tess2020351194500-s0033-0000000024895582-0203-s_lc.fits
317280918,33,tess2020351194500-s0033-0000000317280918-0203-s_lc.fits
25187900,33,tess2020351194500-s0033-0000000025187900-0203-s_lc.fits
375092128,33,tess2020351194500-s0033-0000000375092128-0203-s_lc.fits
41030783,33,tess2020351194500-s0033-0000000041030783-0203-s_lc.fits
287325372,33,tess2020351194500-s0033-0000000287325372-0203-s_lc.fits
279090824,33,tess2020351194500-s0033-0000000279090824-0203-s_lc.fits
382032570,33,tess2020351194500-s0033-0000000382032570-0203-s_lc.fits
738076730,33,tess2020351194500-s0033-0000000738076730-0203-s_lc.fits
293009341,33,tess2020351194500-s0033-0000000293009341-0203-s_lc.fits
220318274,33,tess2020351194500-s0033-0000000220318274-0203-s_lc.fits
438319200,33,tess2020351194500-s0033-0000000438319200-0203-s_lc.fits
255588368,33,tess2020351194500-s0033-0000000255588368-0203-s_lc.fits
408974386,33,tess2020351194500-s0033-0000000408974386-0203-s_lc.fits
404765784,33,tess2020351194500-s0033-0000000404765784-0203-s_lc.fits
291381595,33,tess2020351194500-s0033-0000000291381595-0203-s_lc.fits
52223467,33,tess2020351194500-s0033-0000000052223467-0203-s_lc.fits
67198955,33,tess2020351194500-s0033-0000000067198955-0203-s_lc.fits
20061605,33,tess2020351194500-s0033-0000000020061605-0203-s_lc.fits
382302322,33,tess2020351194500-s0033-0000000382302322-0203-s_lc.fits
93169098,33,tess2020351194500-s0033-0000000093169098-0203-s_lc.fits
364322720,33,tess2020351194500-s0033-0000000364322720-0203-s_lc.fits
235484359,33,tess2020351194500-s0033-0000000235484359-0203-s_lc.fits
60015464,33,tess2020351194500-s0033-0000000060015464-0203-s_lc.fits
177306969,33,tess2020351194500-s0033-0000000177306969-0203-s_lc.fits
317090832,33,tess2020351194500-s0033-0000000317090832-0203-s_lc.fits
81736368,33,tess2020351194500-s0033-0000000081736368-0203-s_lc.fits
716695324,33,tess2020351194500-s0033-0000000716695324-0203-s_lc.fits
279091165,33,tess2020351194500-s0033-0000000279091165-0203-s_lc.fits
279511168,33,tess2020351194500-s0033-0000000279511168-0203-s_lc.fits
43150251,33,tess2020351194500-s0033-0000000043150251-0203-s_lc.fits
156942509,33,tess2020351194500-s0033-0000000156942509-0203-s_lc.fits
350857733,33,tess2020351194500-s0033-0000000350857733-0203-s_lc.fits
264479279,33,tess2020351194500-s0033-0000000264479279-0203-s_lc.fits
262500573,33,tess2020351194500-s0033-0000000262500573-0203-s_lc.fits
150427790,33,tess2020351194500-s0033-0000000150427790-0203-s_lc.fits
255617978,33,tess2020351194500-s0033-0000000255617978-0203-s_lc.fits
255640962,33,tess2020351194500-s0033-0000000255640962-0203-s_lc.fits
260657440,33,tess2020351194500-s0033-0000000260657440-0203-s_lc.fits
443211764,33,tess2020351194500-s0033-0000000443211764-0203-s_lc.fits
343966515,33,tess2020351194500-s0033-0000000343966515-0203-s_lc.fits
176725949,33,tess2020351194500-s0033-0000000176725949-0203-s_lc.fits
453150130,33,tess2020351194500-s0033-0000000453150130-0203-s_lc.fits
201431127,33,tess2020351194500-s0033-0000000201431127-0203-s_lc.fits
294215661,33,tess2020351194500-s0033-0000000294215661-0203-s_lc.fits
33866201,33,tess2020351194500-s0033-0000000033866201-0203-s_lc.fits
425168089,33,tess2020351194500-s0033-0000000425168089-0203-s_lc.fits
48803468,33,tess2020351194500-s0033-0000000048803468-0203-s_lc.fits
445392503,33,tess2020351194500-s0033-0000000445392503-0203-s_lc.fits
38828284,33,tess2020351194500-s0033-0000000038828284-0203-s_lc.fits
130645536,33,tess2020351194500-s0033-0000000130645536-0203-s_lc.fits
55497209,33,tess2020351194500-s0033-0000000055497209-0203-s_lc.fits
231491305,33,tess2020351194500-s0033-0000000231491305-0203-s_lc.fits
287273980,33,tess2020351194500-s0033-0000000287273980-0203-s_lc.fits
306769522,33,tess2020351194500-s0033-0000000306769522-0203-s_lc.fits
202120281,33,tess2020351194500-s0033-0000000202120281-0203-s_lc.fits
24450869,33,tess2020351194500-s0033-0000000024450869-0203-s_lc.fits
453099619,33,tess2020351194500-s0033-0000000453099619-0203-s_lc.fits
237813070,33,tess2020351194500-s0033-0000000237813070-0203-s_lc.fits
150442152,33,tess2020351194500-s0033-0000000150442152-0203-s_lc.fits
238092328,33,tess2020351194500-s0033-0000000238092328-0203-s_lc.fits
172308570,33,tess2020351194500-s0033-0000000172308570-0203-s_lc.fits
349576261,33,tess2020351194500-s0033-0000000349576261-0203-s_lc.fits
29759435,33,tess2020351194500-s0033-0000000029759435-0203-s_lc.fits
172084675,33,tess2020351194500-s0033-0000000172084675-0203-s_lc.fits
55664255,33,tess2020351194500-s0033-0000000055664255-0203-s_lc.fits
10255074,33,tess2020351194500-s0033-0000000010255074-0203-s_lc.fits
172932608,33,tess2020351194500-s0033-0000000172932608-0203-s_lc.fits
279359927,33,tess2020351194500-s0033-0000000279359927-0203-s_lc.fits
272086677,33,tess2020351194500-s0033-0000000272086677-0203-s_lc.fits
266064400,33,tess2020351194500-s0033-0000000266064400-0203-s_lc.fits
52543092,33,tess2020351194500-s0033-0000000052543092-0203-s_lc.fits
232449438,33,tess2020351194500-s0033-0000000232449438-0203-s_lc.fits
37353533,33,tess2020351194500-s0033-0000000037353533-0203-s_lc.fits
123574907,33,tess2020351194500-s0033-0000000123574907-0203-s_lc.fits
40795195,33,tess2020351194500-s0033-0000000040795195-0203-s_lc.fits
282348222,33,tess2020351194500-s0033-0000000282348222-0203-s_lc.fits
37654033,33,tess2020351194500-s0033-0000000037654033-0203-s_lc.fits
124227720,33,tess2020351194500-s0033-0000000124227720-0203-s_lc.fits
140599284,33,tess2020351194500-s0033-0000000140599284-0203-s_lc.fits
271642286,33,tess2020351194500-s0033-0000000271642286-0203-s_lc.fits
32606392,33,tess2020351194500-s0033-0000000032606392-0203-s_lc.fits
386485119,33,tess2020351194500-s0033-0000000386485119-0203-s_lc.fits
37772171,33,tess2020351194500-s0033-0000000037772171-0203-s_lc.fits
180946244,33,tess2020351194500-s0033-0000000180946244-0203-s_lc.fits
268585115,33,tess2020351194500-s0033-0000000268585115-0203-s_lc.fits
21506132,33,tess2020351194500-s0033-0000000021506132-0203-s_lc.fits
262705103,33,tess2020351194500-s0033-0000000262705103-0203-s_lc.fits
52492351,33,tess2020351194500-s0033-0000000052492351-0203-s_lc.fits
141810929,33,tess2020351194500-s0033-0000000141810929-0203-s_lc.fits
24626595,33,tess2020351194500-s0033-0000000024626595-0203-s_lc.fits
148336233,33,tess2020351194500-s0033-0000000148336233-0203-s_lc.fits
235262460,33,tess2020351194500-s0033-0000000235262460-0203-s_lc.fits
60017945,33,tess2020351194500-s0033-0000000060017945-0203-s_lc.fits
229187196,33,tess2020351194500-s0033-0000000229187196-0203-s_lc.fits
7393204,33,tess2020351194500-s0033-0000000007393204-0203-s_lc.fits
237824336,33,tess2020351194500-s0033-0000000237824336-0203-s_lc.fits
150141898,33,tess2020351194500-s0033-0000000150141898-0203-s_lc.fits
295394395,33,tess2020351194500-s0033-0000000295394395-0203-s_lc.fits
177415410,33,tess2020351194500-s0033-0000000177415410-0203-s_lc.fits
99154703,33,tess2020351194500-s0033-0000000099154703-0203-s_lc.fits
358806386,33,tess2020351194500-s0033-0000000358806386-0203-s_lc.fits
25046067,33,tess2020351194500-s0033-0000000025046067-0203-s_lc.fits
309618061,33,tess2020351194500-s0033-0000000309618061-0203-s_lc.fits
97197188,33,tess2020351194500-s0033-0000000097197188-0203-s_lc.fits
30312711,33,tess2020351194500-s0033-0000000030312711-0203-s_lc.fits
259701450,33,tess2020351194500-s0033-0000000259701450-0203-s_lc.fits
151473446,33,tess2020351194500-s0033-0000000151473446-0203-s_lc.fits
158866918,33,tess2020351194500-s0033-0000000158866918-0203-s_lc.fits
337081362,33,tess2020351194500-s0033-0000000337081362-0203-s_lc.fits
339772640,33,tess2020351194500-s0033-0000000339772640-0203-s_lc.fits
293132029,33,tess2020351194500-s0033-0000000293132029-0203-s_lc.fits
453099697,33,tess2020351194500-s0033-0000000453099697-0203-s_lc.fits
403732412,33,tess2020351194500-s0033-0000000403732412-0203-s_lc.fits
123837623,33,tess2020351194500-s0033-0000000123837623-0203-s_lc.fits
317188407,33,tess2020351194500-s0033-0000000317188407-0203-s_lc.fits
192789659,33,tess2020351194500-s0033-0000000192789659-0203-s_lc.fits
287868987,33,tess2020351194500-s0033-0000000287868987-0203-s_lc.fits
49305185,33,tess2020351194500-s0033-0000000049305185-0203-s_lc.fits
124778445,33,tess2020351194500-s0033-0000000124778445-0203-s_lc.fits
32528872,33,tess2020351194500-s0033-0000000032528872-0203-s_lc.fits
177115354,33,tess2020351194500-s0033-0000000177115354-0203-s_lc.fits
100395830,33,tess2020351194500-s0033-0000000100395830-0203-s_lc.fits
355359026,33,tess2020351194500-s0033-0000000355359026-0203-s_lc.fits
452357269,33,tess2020351194500-s0033-0000000452357269-0203-s_lc.fits
23036350,33,tess2020351194500-s0033-0000000023036350-0203-s_lc.fits
745450031,33,tess2020351194500-s0033-0000000745450031-0203-s_lc.fits
30317214,33,tess2020351194500-s0033-0000000030317214-0203-s_lc.fits
235047873,33,tess2020351194500-s0033-0000000235047873-0203-s_lc.fits
291077539,33,tess2020351194500-s0033-0000000291077539-0203-s_lc.fits
166973387,33,tess2020351194500-s0033-0000000166973387-0203-s_lc.fits
349945315,33,tess2020351194500-s0033-0000000349945315-0203-s_lc.fits
317191254,33,tess2020351194500-s0033-0000000317191254-0203-s_lc.fits
150321314,33,tess2020351194500-s0033-0000000150321314-0203-s_lc.fits
156882805,33,tess2020351194500-s0033-0000000156882805-0203-s_lc.fits
281423013,33,tess2020351194500-s0033-0000000281423013-0203-s_lc.fits
438107429,33,tess2020351194500-s0033-0000000438107429-0203-s_lc.fits
172359183,33,tess2020351194500-s0033-0000000172359183-0203-s_lc.fits
20294729,33,tess2020351194500-s0033-0000000020294729-0203-s_lc.fits
271642609,33,tess2020351194500-s0033-0000000271642609-0203-s_lc.fits
237858560,33,tess2020351194500-s0033-0000000237858560-0203-s_lc.fits
318226359,33,tess2020351194500-s0033-0000000318226359-0203-s_lc.fits
97656215,33,tess2020351194500-s0033-0000000097656215-0203-s_lc.fits
33861444,33,tess2020351194500-s0033-0000000033861444-0203-s_lc.fits
71575679,33,tess2020351194500-s0033-0000000071575679-0203-s_lc.fits
89016386,33,tess2020351194500-s0033-0000000089016386-0203-s_lc.fits
80835894,33,tess2020351194500-s0033-0000000080835894-0203-s_lc.fits
24462876,33,tess2020351194500-s0033-0000000024462876-0203-s_lc.fits
319474472,33,tess2020351194500-s0033-0000000319474472-0203-s_lc.fits
124328133,33,tess2020351194500-s0033-0000000124328133-0203-s_lc.fits
293385147,33,tess2020351194500-s0033-0000000293385147-0203-s_lc.fits
234775785,33,tess2020351194500-s0033-0000000234775785-0203-s_lc.fits
140564809,33,tess2020351194500-s0033-0000000140564809-0203-s_lc.fits
192928447,33,tess2020351194500-s0033-0000000192928447-0203-s_lc.fits
350144298,33,tess2020351194500-s0033-0000000350144298-0203-s_lc.fits
382257117,33,tess2020351194500-s0033-0000000382257117-0203-s_lc.fits
59468236,33,tess2020351194500-s0033-0000000059468236-0203-s_lc.fits
287350462,33,tess2020351194500-s0033-0000000287350462-0203-s_lc.fits
52805860,33,tess2020351194500-s0033-0000000052805860-0203-s_lc.fits
120545109,33,tess2020351194500-s0033-0000000120545109-0203-s_lc.fits
23302225,33,tess2020351194500-s0033-0000000023302225-0203-s_lc.fits
370100069,33,tess2020351194500-s0033-0000000370100069-0203-s_lc.fits
260266449,33,tess2020351194500-s0033-0000000260266449-0203-s_lc.fits
25154301,33,tess2020351194500-s0033-0000000025154301-0203-s_lc.fits
7466732,33,tess2020351194500-s0033-0000000007466732-0203-s_lc.fits
317186207,33,tess2020351194500-s0033-0000000317186207-0203-s_lc.fits
33864387,33,tess2020351194500-s0033-0000000033864387-0203-s_lc.fits
287637462,33,tess2020351194500-s0033-0000000287637462-0203-s_lc.fits
375093292,33,tess2020351194500-s0033-0000000375093292-0203-s_lc.fits
279477561,33,tess2020351194500-s0033-0000000279477561-0203-s_lc.fits
156919150,33,tess2020351194500-s0033-0000000156919150-0203-s_lc.fits
25195623,33,tess2020351194500-s0033-0000000025195623-0203-s_lc.fits
157451427,33,tess2020351194500-s0033-0000000157451427-0203-s_lc.fits
317132886,33,tess2020351194500-s0033-0000000317132886-0203-s_lc.fits
130331485,33,tess2020351194500-s0033-0000000130331485-0203-s_lc.fits
55269690,33,tess2020351194500-s0033-0000000055269690-0203-s_lc.fits
148506724,33,tess2020351194500-s0033-0000000148506724-0203-s_lc.fits
141714161,33,tess2020351194500-s0033-0000000141714161-0203-s_lc.fits
279958567,33,tess2020351194500-s0033-0000000279958567-0203-s_lc.fits
241985814,33,tess2020351194500-s0033-0000000241985814-0203-s_lc.fits
158030422,33,tess2020351194500-s0033-0000000158030422-0203-s_lc.fits
33714406,33,tess2020351194500-s0033-0000000033714406-0203-s_lc.fits
40520168,33,tess2020351194500-s0033-0000000040520168-0203-s_lc.fits
119406456,33,tess2020351194500-s0033-0000000119406456-0203-s_lc.fits
403693875,33,tess2020351194500-s0033-0000000403693875-0203-s_lc.fits
241920571,33,tess2020351194500-s0033-0000000241920571-0203-s_lc.fits
237955524,33,tess2020351194500-s0033-0000000237955524-0203-s_lc.fits
52978051,33,tess2020351194500-s0033-0000000052978051-0203-s_lc.fits
376938013,33,tess2020351194500-s0033-0000000376938013-0203-s_lc.fits
4862613,33,tess2020351194500-s0033-0000000004862613-0203-s_lc.fits
300158168,33,tess2020351194500-s0033-0000000300158168-0203-s_lc.fits
151357595,33,tess2020351194500-s0033-0000000151357595-0203-s_lc.fits
52170642,33,tess2020351194500-s0033-0000000052170642-0203-s_lc.fits
100723823,33,tess2020351194500-s0033-0000000100723823-0203-s_lc.fits
26593993,33,tess2020351194500-s0033-0000000026593993-0203-s_lc.fits
32706905,33,tess2020351194500-s0033-0000000032706905-0203-s_lc.fits
261417402,33,tess2020351194500-s0033-0000000261417402-0203-s_lc.fits
30113151,33,tess2020351194500-s0033-0000000030113151-0203-s_lc.fits
278897742,33,tess2020351194500-s0033-0000000278897742-0203-s_lc.fits
235540713,33,tess2020351194500-s0033-0000000235540713-0203-s_lc.fits
124126745,33,tess2020351194500-s0033-0000000124126745-0203-s_lc.fits
124432524,33,tess2020351194500-s0033-0000000124432524-0203-s_lc.fits
156849660,33,tess2020351194500-s0033-0000000156849660-0203-s_lc.fits
140691463,33,tess2020351194500-s0033-0000000140691463-0203-s_lc.fits
393411175,33,tess2020351194500-s0033-0000000393411175-0203-s_lc.fits
220410955,33,tess2020351194500-s0033-0000000220410955-0203-s_lc.fits
349371819,33,tess2020351194500-s0033-0000000349371819-0203-s_lc.fits
281219768,33,tess2020351194500-s0033-0000000281219768-0203-s_lc.fits
438338723,33,tess2020351194500-s0033-0000000438338723-0203-s_lc.fits
282306169,33,tess2020351194500-s0033-0000000282306169-0203-s_lc.fits
255618166,33,tess2020351194500-s0033-0000000255618166-0203-s_lc.fits
141543744,33,tess2020351194500-s0033-0000000141543744-0203-s_lc.fits
33839723,33,tess2020351194500-s0033-0000000033839723-0203-s_lc.fits
53173500,33,tess2020351194500-s0033-0000000053173500-0203-s_lc.fits
167808687,33,tess2020351194500-s0033-0000000167808687-0203-s_lc.fits
39722417,33,tess2020351194500-s0033-0000000039722417-0203-s_lc.fits
232026324,33,tess2020351194500-s0033-0000000232026324-0203-s_lc.fits
260352702,33,tess2020351194500-s0033-0000000260352702-0203-s_lc.fits
316973491,33,tess2020351194500-s0033-0000000316973491-0203-s_lc.fits
52548453,33,tess2020351194500-s0033-0000000052548453-0203-s_lc.fits
443447299,33,tess2020351194500-s0033-0000000443447299-0203-s_lc.fits
437904996,33,tess2020351194500-s0033-0000000437904996-0203-s_lc.fits
64203888,33,tess2020351194500-s0033-0000000064203888-0203-s_lc.fits
271723044,33,tess2020351194500-s0033-0000000271723044-0203-s_lc.fits
232049970,33,tess2020351194500-s0033-0000000232049970-0203-s_lc.fits
229230832,33,tess2020351194500-s0033-0000000229230832-0203-s_lc.fits
172027401,33,tess2020351194500-s0033-0000000172027401-0203-s_lc.fits
299943923,33,tess2020351194500-s0033-0000000299943923-0203-s_lc.fits
229178467,33,tess2020351194500-s0033-0000000229178467-0203-s_lc.fits
309791203,33,tess2020351194500-s0033-0000000309791203-0203-s_lc.fits
403729929,33,tess2020351194500-s0033-0000000403729929-0203-s_lc.fits
237505032,33,tess2020351194500-s0033-0000000237505032-0203-s_lc.fits
30189775,33,tess2020351194500-s0033-0000000030189775-0203-s_lc.fits
32548313,33,tess2020351194500-s0033-0000000032548313-0203-s_lc.fits
235060821,33,tess2020351194500-s0033-0000000235060821-0203-s_lc.fits
31929321,33,tess2020351194500-s0033-0000000031929321-0203-s_lc.fits
231947694,33,tess2020351194500-s0033-0000000231947694-0203-s_lc.fits
350711213,33,tess2020351194500-s0033-0000000350711213-0203-s_lc.fits
317184696,33,tess2020351194500-s0033-0000000317184696-0203-s_lc.fits
207023427,33,tess2020351194500-s0033-0000000207023427-0203-s_lc.fits
404768956,33,tess2020351194500-s0033-0000000404768956-0203-s_lc.fits
340006157,33,tess2020351194500-s0033-0000000340006157-0203-s_lc.fits
231728511,33,tess2020351194500-s0033-0000000231728511-0203-s_lc.fits
349370704,33,tess2020351194500-s0033-0000000349370704-0203-s_lc.fits
290050829,33,tess2020351194500-s0033-0000000290050829-0203-s_lc.fits
29779237,33,tess2020351194500-s0033-0000000029779237-0203-s_lc.fits
272357310,33,tess2020351194500-s0033-0000000272357310-0203-s_lc.fits
31028580,33,tess2020351194500-s0033-0000000031028580-0203-s_lc.fits
32757979,33,tess2020351194500-s0033-0000000032757979-0203-s_lc.fits
229361822,33,tess2020351194500-s0033-0000000229361822-0203-s_lc.fits
172999052,33,tess2020351194500-s0033-0000000172999052-0203-s_lc.fits
10061632,33,tess2020351194500-s0033-0000000010061632-0203-s_lc.fits
150392377,33,tess2020351194500-s0033-0000000150392377-0203-s_lc.fits
291384484,33,tess2020351194500-s0033-0000000291384484-0203-s_lc.fits
358335307,33,tess2020351194500-s0033-0000000358335307-0203-s_lc.fits
238137143,33,tess2020351194500-s0033-0000000238137143-0203-s_lc.fits
278991349,33,tess2020351194500-s0033-0000000278991349-0203-s_lc.fits
32605534,33,tess2020351194500-s0033-0000000032605534-0203-s_lc.fits
53126412,33,tess2020351194500-s0033-0000000053126412-0203-s_lc.fits
348841768,33,tess2020351194500-s0033-0000000348841768-0203-s_lc.fits
200391069,33,tess2020351194500-s0033-0000000200391069-0203-s_lc.fits
219407269,33,tess2020351194500-s0033-0000000219407269-0203-s_lc.fits
149600852,33,tess2020351194500-s0033-0000000149600852-0203-s_lc.fits
66650754,33,tess2020351194500-s0033-0000000066650754-0203-s_lc.fits
375033759,33,tess2020351194500-s0033-0000000375033759-0203-s_lc.fits
734606940,33,tess2020351194500-s0033-0000000734606940-0203-s_lc.fits
265555524,33,tess2020351194500-s0033-0000000265555524-0203-s_lc.fits
36102861,33,tess2020351194500-s0033-0000000036102861-0203-s_lc.fits
32704760,33,tess2020351194500-s0033-0000000032704760-0203-s_lc.fits
386270712,33,tess2020351194500-s0033-0000000386270712-0203-s_lc.fits
21539590,33,tess2020351194500-s0033-0000000021539590-0203-s_lc.fits
38762664,33,tess2020351194500-s0033-0000000038762664-0203-s_lc.fits
262539812,33,tess2020351194500-s0033-0000000262539812-0203-s_lc.fits
231808971,33,tess2020351194500-s0033-0000000231808971-0203-s_lc.fits
270575126,33,tess2020351194500-s0033-0000000270575126-0203-s_lc.fits
358176584,33,tess2020351194500-s0033-0000000358176584-0203-s_lc.fits
231929515,33,tess2020351194500-s0033-0000000231929515-0203-s_lc.fits
177238322,33,tess2020351194500-s0033-0000000177238322-0203-s_lc.fits
443445559,33,tess2020351194500-s0033-0000000443445559-0203-s_lc.fits
23363934,33,tess2020351194500-s0033-0000000023363934-0203-s_lc.fits
219414188,33,tess2020351194500-s0033-0000000219414188-0203-s_lc.fits
339861985,33,tess2020351194500-s0033-0000000339861985-0203-s_lc.fits
150432514,33,tess2020351194500-s0033-0000000150432514-0203-s_lc.fits
98546651,33,tess2020351194500-s0033-0000000098546651-0203-s_lc.fits
144484294,33,tess2020351194500-s0033-0000000144484294-0203-s_lc.fits
160350794,33,tess2020351194500-s0033-0000000160350794-0203-s_lc.fits
388129477,33,tess2020351194500-s0033-0000000388129477-0203-s_lc.fits
33872074,33,tess2020351194500-s0033-0000000033872074-0203-s_lc.fits
172085713,33,tess2020351194500-s0033-0000000172085713-0203-s_lc.fits
279513227,33,tess2020351194500-s0033-0000000279513227-0203-s_lc.fits
177275086,33,tess2020351194500-s0033-0000000177275086-0203-s_lc.fits
282498936,33,tess2020351194500-s0033-0000000282498936-0203-s_lc.fits
130644618,33,tess2020351194500-s0033-0000000130644618-0203-s_lc.fits
140760434,33,tess2020351194500-s0033-0000000140760434-0203-s_lc.fits
60001388,33,tess2020351194500-s0033-0000000060001388-0203-s_lc.fits
393158945,33,tess2020351194500-s0033-0000000393158945-0203-s_lc.fits
278683209,33,tess2020351194500-s0033-0000000278683209-0203-s_lc.fits
192853534,33,tess2020351194500-s0033-0000000192853534-0203-s_lc.fits
350559147,33,tess2020351194500-s0033-0000000350559147-0203-s_lc.fits
282381954,33,tess2020351194500-s0033-0000000282381954-0203-s_lc.fits
354519184,33,tess2020351194500-s0033-0000000354519184-0203-s_lc.fits
52866279,33,tess2020351194500-s0033-0000000052866279-0203-s_lc.fits
157743738,33,tess2020351194500-s0033-0000000157743738-0203-s_lc.fits
278055130,33,tess2020351194500-s0033-0000000278055130-0203-s_lc.fits
290718106,33,tess2020351194500-s0033-0000000290718106-0203-s_lc.fits
140800765,33,tess2020351194500-s0033-0000000140800765-0203-s_lc.fits
255589396,33,tess2020351194500-s0033-0000000255589396-0203-s_lc.fits
453121186,33,tess2020351194500-s0033-0000000453121186-0203-s_lc.fits
52638931,33,tess2020351194500-s0033-0000000052638931-0203-s_lc.fits
288356113,33,tess2020351194500-s0033-0000000288356113-0203-s_lc.fits
375089268,33,tess2020351194500-s0033-0000000375089268-0203-s_lc.fits
49248341,33,tess2020351194500-s0033-0000000049248341-0203-s_lc.fits
37307146,33,tess2020351194500-s0033-0000000037307146-0203-s_lc.fits
260191247,33,tess2020351194500-s0033-0000000260191247-0203-s_lc.fits
31852197,33,tess2020351194500-s0033-0000000031852197-0203-s_lc.fits
156834295,33,tess2020351194500-s0033-0000000156834295-0203-s_lc.fits
393297641,33,tess2020351194500-s0033-0000000393297641-0203-s_lc.fits
408907858,33,tess2020351194500-s0033-0000000408907858-0203-s_lc.fits
350765470,33,tess2020351194500-s0033-0000000350765470-0203-s_lc.fits
148500007,33,tess2020351194500-s0033-0000000148500007-0203-s_lc.fits
167250176,33,tess2020351194500-s0033-0000000167250176-0203-s_lc.fits
177079274,33,tess2020351194500-s0033-0000000177079274-0203-s_lc.fits
234170303,33,tess2020351194500-s0033-0000000234170303-0203-s_lc.fits
148584957,33,tess2020351194500-s0033-0000000148584957-0203-s_lc.fits
281634912,33,tess2020351194500-s0033-0000000281634912-0203-s_lc.fits
287274125,33,tess2020351194500-s0033-0000000287274125-0203-s_lc.fits
382044694,33,tess2020351194500-s0033-0000000382044694-0203-s_lc.fits
349190908,33,tess2020351194500-s0033-0000000349190908-0203-s_lc.fits
130370378,33,tess2020351194500-s0033-0000000130370378-0203-s_lc.fits
151287232,33,tess2020351194500-s0033-0000000151287232-0203-s_lc.fits
168338672,33,tess2020351194500-s0033-0000000168338672-0203-s_lc.fits
140600305,33,tess2020351194500-s0033-0000000140600305-0203-s_lc.fits
373846742,33,tess2020351194500-s0033-0000000373846742-0203-s_lc.fits
260299812,33,tess2020351194500-s0033-0000000260299812-0203-s_lc.fits
781290085,33,tess2020351194500-s0033-0000000781290085-0203-s_lc.fits
393297409,33,tess2020351194500-s0033-0000000393297409-0203-s_lc.fits
457040484,33,tess2020351194500-s0033-0000000457040484-0203-s_lc.fits
97858324,33,tess2020351194500-s0033-0000000097858324-0203-s_lc.fits
147947705,33,tess2020351194500-s0033-0000000147947705-0203-s_lc.fits
71511552,33,tess2020351194500-s0033-0000000071511552-0203-s_lc.fits
705535310,33,tess2020351194500-s0033-0000000705535310-0203-s_lc.fits
30311886,33,tess2020351194500-s0033-0000000030311886-0203-s_lc.fits
21443486,33,tess2020351194500-s0033-0000000021443486-0203-s_lc.fits
219410336,33,tess2020351194500-s0033-0000000219410336-0203-s_lc.fits
219369255,33,tess2020351194500-s0033-0000000219369255-0203-s_lc.fits
123628953,33,tess2020351194500-s0033-0000000123628953-0203-s_lc.fits
143121705,33,tess2020351194500-s0033-0000000143121705-0203-s_lc.fits
436626831,33,tess2020351194500-s0033-0000000436626831-0203-s_lc.fits
106495158,33,tess2020351194500-s0033-0000000106495158-0203-s_lc.fits
172621336,33,tess2020351194500-s0033-0000000172621336-0203-s_lc.fits
234227316,33,tess2020351194500-s0033-0000000234227316-0203-s_lc.fits
443579628,33,tess2020351194500-s0033-0000000443579628-0203-s_lc.fits
235054623,33,tess2020351194500-s0033-0000000235054623-0203-s_lc.fits
349307106,33,tess2020351194500-s0033-0000000349307106-0203-s_lc.fits
176985618,33,tess2020351194500-s0033-0000000176985618-0203-s_lc.fits
120841504,33,tess2020351194500-s0033-0000000120841504-0203-s_lc.fits
22534844,33,tess2020351194500-s0033-0000000022534844-0203-s_lc.fits
219365715,33,tess2020351194500-s0033-0000000219365715-0203-s_lc.fits
237844070,33,tess2020351194500-s0033-0000000237844070-0203-s_lc.fits
453856140,33,tess2020351194500-s0033-0000000453856140-0203-s_lc.fits
349965094,33,tess2020351194500-s0033-0000000349965094-0203-s_lc.fits
350027975,33,tess2020351194500-s0033-0000000350027975-0203-s_lc.fits
238133520,33,tess2020351194500-s0033-0000000238133520-0203-s_lc.fits
34737955,33,tess2020351194500-s0033-0000000034737955-0203-s_lc.fits
238185145,33,tess2020351194500-s0033-0000000238185145-0203-s_lc.fits
66684635,33,tess2020351194500-s0033-0000000066684635-0203-s_lc.fits
431479938,33,tess2020351194500-s0033-0000000431479938-0203-s_lc.fits
349192028,33,tess2020351194500-s0033-0000000349192028-0203-s_lc.fits
294667110,33,tess2020351194500-s0033-0000000294667110-0203-s_lc.fits
339887319,33,tess2020351194500-s0033-0000000339887319-0203-s_lc.fits
63579069,33,tess2020351194500-s0033-0000000063579069-0203-s_lc.fits
299563305,33,tess2020351194500-s0033-0000000299563305-0203-s_lc.fits
229165657,33,tess2020351194500-s0033-0000000229165657-0203-s_lc.fits
317803976,33,tess2020351194500-s0033-0000000317803976-0203-s_lc.fits
98035663,33,tess2020351194500-s0033-0000000098035663-0203-s_lc.fits
280304863,33,tess2020351194500-s0033-0000000280304863-0203-s_lc.fits
158735719,33,tess2020351194500-s0033-0000000158735719-0203-s_lc.fits
278991250,33,tess2020351194500-s0033-0000000278991250-0203-s_lc.fits
350296791,33,tess2020351194500-s0033-0000000350296791-0203-s_lc.fits
32952672,33,tess2020351194500-s0033-0000000032952672-0203-s_lc.fits
143147276,33,tess2020351194500-s0033-0000000143147276-0203-s_lc.fits
317277853,33,tess2020351194500-s0033-0000000317277853-0203-s_lc.fits
425164862,33,tess2020351194500-s0033-0000000425164862-0203-s_lc.fits
293774093,33,tess2020351194500-s0033-0000000293774093-0203-s_lc.fits
124489858,33,tess2020351194500-s0033-0000000124489858-0203-s_lc.fits
260162995,33,tess2020351194500-s0033-0000000260162995-0203-s_lc.fits
48882119,33,tess2020351194500-s0033-0000000048882119-0203-s_lc.fits
124842076,33,tess2020351194500-s0033-0000000124842076-0203-s_lc.fits
39354542,33,tess2020351194500-s0033-0000000039354542-0203-s_lc.fits
293225578,33,tess2020351194500-s0033-0000000293225578-0203-s_lc.fits
63041201,33,tess2020351194500-s0033-0000000063041201-0203-s_lc.fits
52867158,33,tess2020351194500-s0033-0000000052867158-0203-s_lc.fits
393095176,33,tess2020351194500-s0033-0000000393095176-0203-s_lc.fits
59533878,33,tess2020351194500-s0033-0000000059533878-0203-s_lc.fits
30527145,33,tess2020351194500-s0033-0000000030527145-0203-s_lc.fits
271598172,33,tess2020351194500-s0033-0000000271598172-0203-s_lc.fits
177279217,33,tess2020351194500-s0033-0000000177279217-0203-s_lc.fits
65401386,33,tess2020351194500-s0033-0000000065401386-0203-s_lc.fits
300030126,33,tess2020351194500-s0033-0000000300030126-0203-s_lc.fits
318801864,33,tess2020351194500-s0033-0000000318801864-0203-s_lc.fits
271641764,33,tess2020351194500-s0033-0000000271641764-0203-s_lc.fits
40800157,33,tess2020351194500-s0033-0000000040800157-0203-s_lc.fits
29831118,33,tess2020351194500-s0033-0000000029831118-0203-s_lc.fits
300323829,33,tess2020351194500-s0033-0000000300323829-0203-s_lc.fits
178337274,33,tess2020351194500-s0033-0000000178337274-0203-s_lc.fits
260301896,33,tess2020351194500-s0033-0000000260301896-0203-s_lc.fits
207328336,33,tess2020351194500-s0033-0000000207328336-0203-s_lc.fits
387224876,33,tess2020351194500-s0033-0000000387224876-0203-s_lc.fits
389865251,33,tess2020351194500-s0033-0000000389865251-0203-s_lc.fits
339633049,33,tess2020351194500-s0033-0000000339633049-0203-s_lc.fits
78961034,33,tess2020351194500-s0033-0000000078961034-0203-s_lc.fits
37153048,33,tess2020351194500-s0033-0000000037153048-0203-s_lc.fits
167600516,33,tess2020351194500-s0033-0000000167600516-0203-s_lc.fits
37002210,33,tess2020351194500-s0033-0000000037002210-0203-s_lc.fits
255781109,33,tess2020351194500-s0033-0000000255781109-0203-s_lc.fits
100479264,33,tess2020351194500-s0033-0000000100479264-0203-s_lc.fits
165211467,33,tess2020351194500-s0033-0000000165211467-0203-s_lc.fits
232017193,33,tess2020351194500-s0033-0000000232017193-0203-s_lc.fits
231950745,33,tess2020351194500-s0033-0000000231950745-0203-s_lc.fits
123952483,33,tess2020351194500-s0033-0000000123952483-0203-s_lc.fits
179435530,33,tess2020351194500-s0033-0000000179435530-0203-s_lc.fits
279362204,33,tess2020351194500-s0033-0000000279362204-0203-s_lc.fits
22644128,33,tess2020351194500-s0033-0000000022644128-0203-s_lc.fits
277108325,33,tess2020351194500-s0033-0000000277108325-0203-s_lc.fits
167720983,33,tess2020351194500-s0033-0000000167720983-0203-s_lc.fits
386533584,33,tess2020351194500-s0033-0000000386533584-0203-s_lc.fits
260132033,33,tess2020351194500-s0033-0000000260132033-0203-s_lc.fits
157088652,33,tess2020351194500-s0033-0000000157088652-0203-s_lc.fits
708518413,33,tess2020351194500-s0033-0000000708518413-0203-s_lc.fits
265556397,33,tess2020351194500-s0033-0000000265556397-0203-s_lc.fits
167796443,33,tess2020351194500-s0033-0000000167796443-0203-s_lc.fits
714558777,33,tess2020351194500-s0033-0000000714558777-0203-s_lc.fits
350335258,33,tess2020351194500-s0033-0000000350335258-0203-s_lc.fits
142149242,33,tess2020351194500-s0033-0000000142149242-0203-s_lc.fits
101142507,33,tess2020351194500-s0033-0000000101142507-0203-s_lc.fits
232368331,33,tess2020351194500-s0033-0000000232368331-0203-s_lc.fits
340178521,33,tess2020351194500-s0033-0000000340178521-0203-s_lc.fits
67045136,33,tess2020351194500-s0033-0000000067045136-0203-s_lc.fits
382147216,33,tess2020351194500-s0033-0000000382147216-0203-s_lc.fits
143171706,33,tess2020351194500-s0033-0000000143171706-0203-s_lc.fits
153168466,33,tess2020351194500-s0033-0000000153168466-0203-s_lc.fits
48100108,33,tess2020351194500-s0033-0000000048100108-0203-s_lc.fits
278775103,33,tess2020351194500-s0033-0000000278775103-0203-s_lc.fits
59708942,33,tess2020351194500-s0033-0000000059708942-0203-s_lc.fits
734993762,33,tess2020351194500-s0033-0000000734993762-0203-s_lc.fits
445145849,33,tess2020351194500-s0033-0000000445145849-0203-s_lc.fits
95055101,33,tess2020351194500-s0033-0000000095055101-0203-s_lc.fits
276936273,33,tess2020351194500-s0033-0000000276936273-0203-s_lc.fits
238193169,33,tess2020351194500-s0033-0000000238193169-0203-s_lc.fits
192829289,33,tess2020351194500-s0033-0000000192829289-0203-s_lc.fits
177240597,33,tess2020351194500-s0033-0000000177240597-0203-s_lc.fits
39729042,33,tess2020351194500-s0033-0000000039729042-0203-s_lc.fits
349271047,33,tess2020351194500-s0033-0000000349271047-0203-s_lc.fits
369470361,33,tess2020351194500-s0033-0000000369470361-0203-s_lc.fits
201495647,33,tess2020351194500-s0033-0000000201495647-0203-s_lc.fits
158072579,33,tess2020351194500-s0033-0000000158072579-0203-s_lc.fits
306670864,33,tess2020351194500-s0033-0000000306670864-0203-s_lc.fits
143183645,33,tess2020351194500-s0033-0000000143183645-0203-s_lc.fits
37392085,33,tess2020351194500-s0033-0000000037392085-0203-s_lc.fits
66736824,33,tess2020351194500-s0033-0000000066736824-0203-s_lc.fits
350823719,33,tess2020351194500-s0033-0000000350823719-0203-s_lc.fits
148091129,33,tess2020351194500-s0033-0000000148091129-0203-s_lc.fits
97970339,33,tess2020351194500-s0033-0000000097970339-0203-s_lc.fits
320028280,33,tess2020351194500-s0033-0000000320028280-0203-s_lc.fits
157674759,33,tess2020351194500-s0033-0000000157674759-0203-s_lc.fits
47586115,33,tess2020351194500-s0033-0000000047586115-0203-s_lc.fits
123853643,33,tess2020351194500-s0033-0000000123853643-0203-s_lc.fits
51399226,33,tess2020351194500-s0033-0000000051399226-0203-s_lc.fits
200362204,33,tess2020351194500-s0033-0000000200362204-0203-s_lc.fits
33869471,33,tess2020351194500-s0033-0000000033869471-0203-s_lc.fits
157049539,33,tess2020351194500-s0033-0000000157049539-0203-s_lc.fits
119687151,33,tess2020351194500-s0033-0000000119687151-0203-s_lc.fits
143234933,33,tess2020351194500-s0033-0000000143234933-0203-s_lc.fits
42991761,33,tess2020351194500-s0033-0000000042991761-0203-s_lc.fits
231099181,33,tess2020351194500-s0033-0000000231099181-0203-s_lc.fits
134496800,33,tess2020351194500-s0033-0000000134496800-0203-s_lc.fits
72090179,33,tess2020351194500-s0033-0000000072090179-0203-s_lc.fits
238071352,33,tess2020351194500-s0033-0000000238071352-0203-s_lc.fits
234549724,33,tess2020351194500-s0033-0000000234549724-0203-s_lc.fits
461709234,33,tess2020351194500-s0033-0000000461709234-0203-s_lc.fits
374997695,33,tess2020351194500-s0033-0000000374997695-0203-s_lc.fits
407616545,33,tess2020351194500-s0033-0000000407616545-0203-s_lc.fits
170207416,33,tess2020351194500-s0033-0000000170207416-0203-s_lc.fits
381979273,33,tess2020351194500-s0033-0000000381979273-0203-s_lc.fits
172228304,33,tess2020351194500-s0033-0000000172228304-0203-s_lc.fits
235058275,33,tess2020351194500-s0033-0000000235058275-0203-s_lc.fits
443317662,33,tess2020351194500-s0033-0000000443317662-0203-s_lc.fits
219387791,33,tess2020351194500-s0033-0000000219387791-0203-s_lc.fits
158867386,33,tess2020351194500-s0033-0000000158867386-0203-s_lc.fits
350563576,33,tess2020351194500-s0033-0000000350563576-0203-s_lc.fits
445387709,33,tess2020351194500-s0033-0000000445387709-0203-s_lc.fits
255549932,33,tess2020351194500-s0033-0000000255549932-0203-s_lc.fits
66915680,33,tess2020351194500-s0033-0000000066915680-0203-s_lc.fits
350929582,33,tess2020351194500-s0033-0000000350929582-0203-s_lc.fits
260609189,33,tess2020351194500-s0033-0000000260609189-0203-s_lc.fits
279430029,33,tess2020351194500-s0033-0000000279430029-0203-s_lc.fits
119493100,33,tess2020351194500-s0033-0000000119493100-0203-s_lc.fits
93375072,33,tess2020351194500-s0033-0000000093375072-0203-s_lc.fits
141914082,33,tess2020351194500-s0033-0000000141914082-0203-s_lc.fits
33833443,33,tess2020351194500-s0033-0000000033833443-0203-s_lc.fits
177756773,33,tess2020351194500-s0033-0000000177756773-0203-s_lc.fits
177788238,33,tess2020351194500-s0033-0000000177788238-0203-s_lc.fits
279052786,33,tess2020351194500-s0033-0000000279052786-0203-s_lc.fits
167651956,33,tess2020351194500-s0033-0000000167651956-0203-s_lc.fits
37351537,33,tess2020351194500-s0033-0000000037351537-0203-s_lc.fits
168600494,33,tess2020351194500-s0033-0000000168600494-0203-s_lc.fits
156806967,33,tess2020351194500-s0033-0000000156806967-0203-s_lc.fits
80283159,33,tess2020351194500-s0033-0000000080283159-0203-s_lc.fits
281916074,33,tess2020351194500-s0033-0000000281916074-0203-s_lc.fits
247960117,33,tess2020351194500-s0033-0000000247960117-0203-s_lc.fits
268455577,33,tess2020351194500-s0033-0000000268455577-0203-s_lc.fits
37254960,33,tess2020351194500-s0033-0000000037254960-0203-s_lc.fits
388130952,33,tess2020351194500-s0033-0000000388130952-0203-s_lc.fits
283208800,33,tess2020351194500-s0033-0000000283208800-0203-s_lc.fits
177022859,33,tess2020351194500-s0033-0000000177022859-0203-s_lc.fits
263935505,33,tess2020351194500-s0033-0000000263935505-0203-s_lc.fits
271638135,33,tess2020351194500-s0033-0000000271638135-0203-s_lc.fits
125637818,33,tess2020351194500-s0033-0000000125637818-0203-s_lc.fits
142467105,33,tess2020351194500-s0033-0000000142467105-0203-s_lc.fits
37741008,33,tess2020351194500-s0033-0000000037741008-0203-s_lc.fits
142722545,33,tess2020351194500-s0033-0000000142722545-0203-s_lc.fits
281924940,33,tess2020351194500-s0033-0000000281924940-0203-s_lc.fits
349764112,33,tess2020351194500-s0033-0000000349764112-0203-s_lc.fits
374862339,33,tess2020351194500-s0033-0000000374862339-0203-s_lc.fits
141611504,33,tess2020351194500-s0033-0000000141611504-0203-s_lc.fits
349761928,33,tess2020351194500-s0033-0000000349761928-0203-s_lc.fits
142142450,33,tess2020351194500-s0033-0000000142142450-0203-s_lc.fits
91928222,33,tess2020351194500-s0033-0000000091928222-0203-s_lc.fits
11762512,33,tess2020351194500-s0033-0000000011762512-0203-s_lc.fits
291551403,33,tess2020351194500-s0033-0000000291551403-0203-s_lc.fits
79219556,33,tess2020351194500-s0033-0000000079219556-0203-s_lc.fits
340255872,33,tess2020351194500-s0033-0000000340255872-0203-s_lc.fits
172622821,33,tess2020351194500-s0033-0000000172622821-0203-s_lc.fits
277099137,33,tess2020351194500-s0033-0000000277099137-0203-s_lc.fits
119459850,33,tess2020351194500-s0033-0000000119459850-0203-s_lc.fits
255594430,33,tess2020351194500-s0033-0000000255594430-0203-s_lc.fits
71470440,33,tess2020351194500-s0033-0000000071470440-0203-s_lc.fits
79140936,33,tess2020351194500-s0033-0000000079140936-0203-s_lc.fits
235075298,33,tess2020351194500-s0033-0000000235075298-0203-s_lc.fits
382043299,33,tess2020351194500-s0033-0000000382043299-0203-s_lc.fits
124273823,33,tess2020351194500-s0033-0000000124273823-0203-s_lc.fits
141527579,33,tess2020351194500-s0033-0000000141527579-0203-s_lc.fits
148092714,33,tess2020351194500-s0033-0000000148092714-0203-s_lc.fits
234842158,33,tess2020351194500-s0033-0000000234842158-0203-s_lc.fits
55759555,33,tess2020351194500-s0033-0000000055759555-0203-s_lc.fits
238196326,33,tess2020351194500-s0033-0000000238196326-0203-s_lc.fits
276787778,33,tess2020351194500-s0033-0000000276787778-0203-s_lc.fits
257064553,33,tess2020351194500-s0033-0000000257064553-0203-s_lc.fits
124547341,33,tess2020351194500-s0033-0000000124547341-0203-s_lc.fits
100681662,33,tess2020351194500-s0033-0000000100681662-0203-s_lc.fits
32498273,33,tess2020351194500-s0033-0000000032498273-0203-s_lc.fits
233981390,33,tess2020351194500-s0033-0000000233981390-0203-s_lc.fits
35578643,33,tess2020351194500-s0033-0000000035578643-0203-s_lc.fits
283002578,33,tess2020351194500-s0033-0000000283002578-0203-s_lc.fits
34845527,33,tess2020351194500-s0033-0000000034845527-0203-s_lc.fits
269087229,33,tess2020351194500-s0033-0000000269087229-0203-s_lc.fits
177174590,33,tess2020351194500-s0033-0000000177174590-0203-s_lc.fits
167416361,33,tess2020351194500-s0033-0000000167416361-0203-s_lc.fits
101270573,33,tess2020351194500-s0033-0000000101270573-0203-s_lc.fits
317880711,33,tess2020351194500-s0033-0000000317880711-0203-s_lc.fits
148176272,33,tess2020351194500-s0033-0000000148176272-0203-s_lc.fits
269276382,33,tess2020351194500-s0033-0000000269276382-0203-s_lc.fits
756833144,33,tess2020351194500-s0033-0000000756833144-0203-s_lc.fits
176936043,33,tess2020351194500-s0033-0000000176936043-0203-s_lc.fits
160378283,33,tess2020351194500-s0033-0000000160378283-0203-s_lc.fits
49772444,33,tess2020351194500-s0033-0000000049772444-0203-s_lc.fits
300939409,33,tess2020351194500-s0033-0000000300939409-0203-s_lc.fits
232289244,33,tess2020351194500-s0033-0000000232289244-0203-s_lc.fits
220421168,33,tess2020351194500-s0033-0000000220421168-0203-s_lc.fits
349409296,33,tess2020351194500-s0033-0000000349409296-0203-s_lc.fits
287776397,33,tess2020351194500-s0033-0000000287776397-0203-s_lc.fits
141977935,33,tess2020351194500-s0033-0000000141977935-0203-s_lc.fits
153179135,33,tess2020351194500-s0033-0000000153179135-0203-s_lc.fits
277173650,33,tess2020351194500-s0033-0000000277173650-0203-s_lc.fits
72487267,33,tess2020351194500-s0033-0000000072487267-0203-s_lc.fits
291556636,33,tess2020351194500-s0033-0000000291556636-0203-s_lc.fits
382069455,33,tess2020351194500-s0033-0000000382069455-0203-s_lc.fits
93374234,33,tess2020351194500-s0033-0000000093374234-0203-s_lc.fits
21747182,33,tess2020351194500-s0033-0000000021747182-0203-s_lc.fits
381949148,33,tess2020351194500-s0033-0000000381949148-0203-s_lc.fits
231737189,33,tess2020351194500-s0033-0000000231737189-0203-s_lc.fits
36346568,33,tess2020351194500-s0033-0000000036346568-0203-s_lc.fits
64297849,33,tess2020351194500-s0033-0000000064297849-0203-s_lc.fits
167338050,33,tess2020351194500-s0033-0000000167338050-0203-s_lc.fits
276865044,33,tess2020351194500-s0033-0000000276865044-0203-s_lc.fits
81736702,33,tess2020351194500-s0033-0000000081736702-0203-s_lc.fits
381978020,33,tess2020351194500-s0033-0000000381978020-0203-s_lc.fits
255570773,33,tess2020351194500-s0033-0000000255570773-0203-s_lc.fits
354518505,33,tess2020351194500-s0033-0000000354518505-0203-s_lc.fits
231735480,33,tess2020351194500-s0033-0000000231735480-0203-s_lc.fits
409322996,33,tess2020351194500-s0033-0000000409322996-0203-s_lc.fits
425201533,33,tess2020351194500-s0033-0000000425201533-0203-s_lc.fits
149450465,33,tess2020351194500-s0033-0000000149450465-0203-s_lc.fits
30266478,33,tess2020351194500-s0033-0000000030266478-0203-s_lc.fits
220430701,33,tess2020351194500-s0033-0000000220430701-0203-s_lc.fits
149176294,33,tess2020351194500-s0033-0000000149176294-0203-s_lc.fits
31929199,33,tess2020351194500-s0033-0000000031929199-0203-s_lc.fits
33086155,33,tess2020351194500-s0033-0000000033086155-0203-s_lc.fits
262131412,33,tess2020351194500-s0033-0000000262131412-0203-s_lc.fits
142085192,33,tess2020351194500-s0033-0000000142085192-0203-s_lc.fits
32939358,33,tess2020351194500-s0033-0000000032939358-0203-s_lc.fits
235383581,33,tess2020351194500-s0033-0000000235383581-0203-s_lc.fits
293134897,33,tess2020351194500-s0033-0000000293134897-0203-s_lc.fits
299555306,33,tess2020351194500-s0033-0000000299555306-0203-s_lc.fits
355275777,33,tess2020351194500-s0033-0000000355275777-0203-s_lc.fits
220472655,33,tess2020351194500-s0033-0000000220472655-0203-s_lc.fits
167415960,33,tess2020351194500-s0033-0000000167415960-0203-s_lc.fits
81406544,33,tess2020351194500-s0033-0000000081406544-0203-s_lc.fits
235063499,33,tess2020351194500-s0033-0000000235063499-0203-s_lc.fits
373531782,33,tess2020351194500-s0033-0000000373531782-0203-s_lc.fits
144485615,33,tess2020351194500-s0033-0000000144485615-0203-s_lc.fits
237954124,33,tess2020351194500-s0033-0000000237954124-0203-s_lc.fits
271808982,33,tess2020351194500-s0033-0000000271808982-0203-s_lc.fits
237509582,33,tess2020351194500-s0033-0000000237509582-0203-s_lc.fits
393295339,33,tess2020351194500-s0033-0000000393295339-0203-s_lc.fits
219368511,33,tess2020351194500-s0033-0000000219368511-0203-s_lc.fits
24586893,33,tess2020351194500-s0033-0000000024586893-0203-s_lc.fits
166974030,33,tess2020351194500-s0033-0000000166974030-0203-s_lc.fits
200387667,33,tess2020351194500-s0033-0000000200387667-0203-s_lc.fits
319470461,33,tess2020351194500-s0033-0000000319470461-0203-s_lc.fits
279093407,33,tess2020351194500-s0033-0000000279093407-0203-s_lc.fits
111312278,33,tess2020351194500-s0033-0000000111312278-0203-s_lc.fits
318907037,33,tess2020351194500-s0033-0000000318907037-0203-s_lc.fits
124230281,33,tess2020351194500-s0033-0000000124230281-0203-s_lc.fits
219394646,33,tess2020351194500-s0033-0000000219394646-0203-s_lc.fits
445393000,33,tess2020351194500-s0033-0000000445393000-0203-s_lc.fits
98032555,33,tess2020351194500-s0033-0000000098032555-0203-s_lc.fits
96796078,33,tess2020351194500-s0033-0000000096796078-0203-s_lc.fits
287870438,33,tess2020351194500-s0033-0000000287870438-0203-s_lc.fits
66742388,33,tess2020351194500-s0033-0000000066742388-0203-s_lc.fits
299884977,33,tess2020351194500-s0033-0000000299884977-0203-s_lc.fits
251129580,33,tess2020351194500-s0033-0000000251129580-0203-s_lc.fits
201495954,33,tess2020351194500-s0033-0000000201495954-0203-s_lc.fits
63047203,33,tess2020351194500-s0033-0000000063047203-0203-s_lc.fits
438015731,33,tess2020351194500-s0033-0000000438015731-0203-s_lc.fits
48955090,33,tess2020351194500-s0033-0000000048955090-0203-s_lc.fits
238019146,33,tess2020351194500-s0033-0000000238019146-0203-s_lc.fits
350824771,33,tess2020351194500-s0033-0000000350824771-0203-s_lc.fits
172734439,33,tess2020351194500-s0033-0000000172734439-0203-s_lc.fits
231820606,33,tess2020351194500-s0033-0000000231820606-0203-s_lc.fits
250525879,33,tess2020351194500-s0033-0000000250525879-0203-s_lc.fits
149474387,33,tess2020351194500-s0033-0000000149474387-0203-s_lc.fits
282715976,33,tess2020351194500-s0033-0000000282715976-0203-s_lc.fits
22528649,33,tess2020351194500-s0033-0000000022528649-0203-s_lc.fits
278898692,33,tess2020351194500-s0033-0000000278898692-0203-s_lc.fits
100722242,33,tess2020351194500-s0033-0000000100722242-0203-s_lc.fits
20230439,33,tess2020351194500-s0033-0000000020230439-0203-s_lc.fits
309699574,33,tess2020351194500-s0033-0000000309699574-0203-s_lc.fits
317919771,33,tess2020351194500-s0033-0000000317919771-0203-s_lc.fits
438066718,33,tess2020351194500-s0033-0000000438066718-0203-s_lc.fits
178061124,33,tess2020351194500-s0033-0000000178061124-0203-s_lc.fits
192832538,33,tess2020351194500-s0033-0000000192832538-0203-s_lc.fits
100529997,33,tess2020351194500-s0033-0000000100529997-0203-s_lc.fits
386525385,33,tess2020351194500-s0033-0000000386525385-0203-s_lc.fits
443023039,33,tess2020351194500-s0033-0000000443023039-0203-s_lc.fits
408907400,33,tess2020351194500-s0033-0000000408907400-0203-s_lc.fits
220037818,33,tess2020351194500-s0033-0000000220037818-0203-s_lc.fits
443257720,33,tess2020351194500-s0033-0000000443257720-0203-s_lc.fits
49190206,33,tess2020351194500-s0033-0000000049190206-0203-s_lc.fits
71864517,33,tess2020351194500-s0033-0000000071864517-0203-s_lc.fits
97639748,33,tess2020351194500-s0033-0000000097639748-0203-s_lc.fits
32869468,33,tess2020351194500-s0033-0000000032869468-0203-s_lc.fits
272362437,33,tess2020351194500-s0033-0000000272362437-0203-s_lc.fits
140569949,33,tess2020351194500-s0033-0000000140569949-0203-s_lc.fits
262498404,33,tess2020351194500-s0033-0000000262498404-0203-s_lc.fits
434307728,33,tess2020351194500-s0033-0000000434307728-0203-s_lc.fits
348992696,33,tess2020351194500-s0033-0000000348992696-0203-s_lc.fits
147703846,33,tess2020351194500-s0033-0000000147703846-0203-s_lc.fits
48754248,33,tess2020351194500-s0033-0000000048754248-0203-s_lc.fits
438330671,33,tess2020351194500-s0033-0000000438330671-0203-s_lc.fits
231810866,33,tess2020351194500-s0033-0000000231810866-0203-s_lc.fits
317131676,33,tess2020351194500-s0033-0000000317131676-0203-s_lc.fits
97704144,33,tess2020351194500-s0033-0000000097704144-0203-s_lc.fits
37303864,33,tess2020351194500-s0033-0000000037303864-0203-s_lc.fits
234229567,33,tess2020351194500-s0033-0000000234229567-0203-s_lc.fits
438210109,33,tess2020351194500-s0033-0000000438210109-0203-s_lc.fits
270973527,33,tess2020351194500-s0033-0000000270973527-0203-s_lc.fits
235120281,33,tess2020351194500-s0033-0000000235120281-0203-s_lc.fits
263597992,33,tess2020351194500-s0033-0000000263597992-0203-s_lc.fits
306396209,33,tess2020351194500-s0033-0000000306396209-0203-s_lc.fits
59955718,33,tess2020351194500-s0033-0000000059955718-0203-s_lc.fits
63665643,33,tess2020351194500-s0033-0000000063665643-0203-s_lc.fits
300556816,33,tess2020351194500-s0033-0000000300556816-0203-s_lc.fits
382520285,33,tess2020351194500-s0033-0000000382520285-0203-s_lc.fits
55760329,33,tess2020351194500-s0033-0000000055760329-0203-s_lc.fits
124120416,33,tess2020351194500-s0033-0000000124120416-0203-s_lc.fits
179208856,33,tess2020351194500-s0033-0000000179208856-0203-s_lc.fits
170100070,33,tess2020351194500-s0033-0000000170100070-0203-s_lc.fits
306362738,33,tess2020351194500-s0033-0000000306362738-0203-s_lc.fits
293621839,33,tess2020351194500-s0033-0000000293621839-0203-s_lc.fits
148096708,33,tess2020351194500-s0033-0000000148096708-0203-s_lc.fits
242198644,33,tess2020351194500-s0033-0000000242198644-0203-s_lc.fits
41337538,33,tess2020351194500-s0033-0000000041337538-0203-s_lc.fits
39577583,33,tess2020351194500-s0033-0000000039577583-0203-s_lc.fits
52276922,33,tess2020351194500-s0033-0000000052276922-0203-s_lc.fits
443313022,33,tess2020351194500-s0033-0000000443313022-0203-s_lc.fits
47856756,33,tess2020351194500-s0033-0000000047856756-0203-s_lc.fits
32925519,33,tess2020351194500-s0033-0000000032925519-0203-s_lc.fits
260075236,33,tess2020351194500-s0033-0000000260075236-0203-s_lc.fits
234273969,33,tess2020351194500-s0033-0000000234273969-0203-s_lc.fits
262135236,33,tess2020351194500-s0033-0000000262135236-0203-s_lc.fits
125639008,33,tess2020351194500-s0033-0000000125639008-0203-s_lc.fits
443250165,33,tess2020351194500-s0033-0000000443250165-0203-s_lc.fits
235263075,33,tess2020351194500-s0033-0000000235263075-0203-s_lc.fits
52871105,33,tess2020351194500-s0033-0000000052871105-0203-s_lc.fits
52911220,33,tess2020351194500-s0033-0000000052911220-0203-s_lc.fits
265809631,33,tess2020351194500-s0033-0000000265809631-0203-s_lc.fits
52906667,33,tess2020351194500-s0033-0000000052906667-0203-s_lc.fits
30110707,33,tess2020351194500-s0033-0000000030110707-0203-s_lc.fits
46641544,33,tess2020351194500-s0033-0000000046641544-0203-s_lc.fits
67161519,33,tess2020351194500-s0033-0000000067161519-0203-s_lc.fits
382200572,33,tess2020351194500-s0033-0000000382200572-0203-s_lc.fits
284735369,33,tess2020351194500-s0033-0000000284735369-0203-s_lc.fits
120746160,33,tess2020351194500-s0033-0000000120746160-0203-s_lc.fits
434305942,33,tess2020351194500-s0033-0000000434305942-0203-s_lc.fits
79438507,33,tess2020351194500-s0033-0000000079438507-0203-s_lc.fits
176765454,33,tess2020351194500-s0033-0000000176765454-0203-s_lc.fits
319610598,33,tess2020351194500-s0033-0000000319610598-0203-s_lc.fits
24896506,33,tess2020351194500-s0033-0000000024896506-0203-s_lc.fits
148039814,33,tess2020351194500-s0033-0000000148039814-0203-s_lc.fits
234599822,33,tess2020351194500-s0033-0000000234599822-0203-s_lc.fits
41227743,33,tess2020351194500-s0033-0000000041227743-0203-s_lc.fits
52173001,33,tess2020351194500-s0033-0000000052173001-0203-s_lc.fits
770836466,33,tess2020351194500-s0033-0000000770836466-0203-s_lc.fits
260475357,33,tess2020351194500-s0033-0000000260475357-0203-s_lc.fits
21436022,33,tess2020351194500-s0033-0000000021436022-0203-s_lc.fits
157627248,33,tess2020351194500-s0033-0000000157627248-0203-s_lc.fits
436529445,33,tess2020351194500-s0033-0000000436529445-0203-s_lc.fits
354572034,33,tess2020351194500-s0033-0000000354572034-0203-s_lc.fits
238021637,33,tess2020351194500-s0033-0000000238021637-0203-s_lc.fits
88872304,33,tess2020351194500-s0033-0000000088872304-0203-s_lc.fits
234774143,33,tess2020351194500-s0033-0000000234774143-0203-s_lc.fits
179439014,33,tess2020351194500-s0033-0000000179439014-0203-s_lc.fits
60344943,33,tess2020351194500-s0033-0000000060344943-0203-s_lc.fits
37303713,33,tess2020351194500-s0033-0000000037303713-0203-s_lc.fits
170313988,33,tess2020351194500-s0033-0000000170313988-0203-s_lc.fits
32935147,33,tess2020351194500-s0033-0000000032935147-0203-s_lc.fits
95054595,33,tess2020351194500-s0033-0000000095054595-0203-s_lc.fits
300115162,33,tess2020351194500-s0033-0000000300115162-0203-s_lc.fits
150361737,33,tess2020351194500-s0033-0000000150361737-0203-s_lc.fits
220477481,33,tess2020351194500-s0033-0000000220477481-0203-s_lc.fits
66057631,33,tess2020351194500-s0033-0000000066057631-0203-s_lc.fits
100830145,33,tess2020351194500-s0033-0000000100830145-0203-s_lc.fits
318658745,33,tess2020351194500-s0033-0000000318658745-0203-s_lc.fits
33733803,33,tess2020351194500-s0033-0000000033733803-0203-s_lc.fits
238099447,33,tess2020351194500-s0033-0000000238099447-0203-s_lc.fits
279510954,33,tess2020351194500-s0033-0000000279510954-0203-s_lc.fits
382437069,33,tess2020351194500-s0033-0000000382437069-0203-s_lc.fits
317135783,33,tess2020351194500-s0033-0000000317135783-0203-s_lc.fits
232519429,33,tess2020351194500-s0033-0000000232519429-0203-s_lc.fits
91793422,33,tess2020351194500-s0033-0000000091793422-0203-s_lc.fits
317772348,33,tess2020351194500-s0033-0000000317772348-0203-s_lc.fits
149218100,33,tess2020351194500-s0033-0000000149218100-0203-s_lc.fits
51063941,33,tess2020351194500-s0033-0000000051063941-0203-s_lc.fits
150189995,33,tess2020351194500-s0033-0000000150189995-0203-s_lc.fits
363966633,33,tess2020351194500-s0033-0000000363966633-0203-s_lc.fits
231927267,33,tess2020351194500-s0033-0000000231927267-0203-s_lc.fits
33938658,33,tess2020351194500-s0033-0000000033938658-0203-s_lc.fits
436429674,33,tess2020351194500-s0033-0000000436429674-0203-s_lc.fits
143173986,33,tess2020351194500-s0033-0000000143173986-0203-s_lc.fits
124875586,33,tess2020351194500-s0033-0000000124875586-0203-s_lc.fits
153122330,33,tess2020351194500-s0033-0000000153122330-0203-s_lc.fits
143232344,33,tess2020351194500-s0033-0000000143232344-0203-s_lc.fits
37661960,33,tess2020351194500-s0033-0000000037661960-0203-s_lc.fits
322742211,33,tess2020351194500-s0033-0000000322742211-0203-s_lc.fits
98385554,33,tess2020351194500-s0033-0000000098385554-0203-s_lc.fits
260351540,33,tess2020351194500-s0033-0000000260351540-0203-s_lc.fits
124029677,33,tess2020351194500-s0033-0000000124029677-0203-s_lc.fits
141029712,33,tess2020351194500-s0033-0000000141029712-0203-s_lc.fits
309615768,33,tess2020351194500-s0033-0000000309615768-0203-s_lc.fits
41532261,33,tess2020351194500-s0033-0000000041532261-0203-s_lc.fits
438371253,33,tess2020351194500-s0033-0000000438371253-0203-s_lc.fits
33742493,33,tess2020351194500-s0033-0000000033742493-0203-s_lc.fits
220414479,33,tess2020351194500-s0033-0000000220414479-0203-s_lc.fits
349274819,33,tess2020351194500-s0033-0000000349274819-0203-s_lc.fits
293969331,33,tess2020351194500-s0033-0000000293969331-0203-s_lc.fits
440848210,33,tess2020351194500-s0033-0000000440848210-0203-s_lc.fits
177122224,33,tess2020351194500-s0033-0000000177122224-0203-s_lc.fits
38635760,33,tess2020351194500-s0033-0000000038635760-0203-s_lc.fits
300139323,33,tess2020351194500-s0033-0000000300139323-0203-s_lc.fits
143168894,33,tess2020351194500-s0033-0000000143168894-0203-s_lc.fits
123744995,33,tess2020351194500-s0033-0000000123744995-0203-s_lc.fits
382199165,33,tess2020351194500-s0033-0000000382199165-0203-s_lc.fits
170310610,33,tess2020351194500-s0033-0000000170310610-0203-s_lc.fits
65412181,33,tess2020351194500-s0033-0000000065412181-0203-s_lc.fits
234185075,33,tess2020351194500-s0033-0000000234185075-0203-s_lc.fits
350094458,33,tess2020351194500-s0033-0000000350094458-0203-s_lc.fits
155537075,33,tess2020351194500-s0033-0000000155537075-0203-s_lc.fits
157698122,33,tess2020351194500-s0033-0000000157698122-0203-s_lc.fits
23296866,33,tess2020351194500-s0033-0000000023296866-0203-s_lc.fits
179308939,33,tess2020351194500-s0033-0000000179308939-0203-s_lc.fits
118873496,33,tess2020351194500-s0033-0000000118873496-0203-s_lc.fits
320737524,33,tess2020351194500-s0033-0000000320737524-0203-s_lc.fits
438545328,33,tess2020351194500-s0033-0000000438545328-0203-s_lc.fits
262602491,33,tess2020351194500-s0033-0000000262602491-0203-s_lc.fits
317417590,33,tess2020351194500-s0033-0000000317417590-0203-s_lc.fits
150443296,33,tess2020351194500-s0033-0000000150443296-0203-s_lc.fits
282025024,33,tess2020351194500-s0033-0000000282025024-0203-s_lc.fits
271972426,33,tess2020351194500-s0033-0000000271972426-0203-s_lc.fits
64140560,33,tess2020351194500-s0033-0000000064140560-0203-s_lc.fits
440829025,33,tess2020351194500-s0033-0000000440829025-0203-s_lc.fits
147943295,33,tess2020351194500-s0033-0000000147943295-0203-s_lc.fits
55756188,33,tess2020351194500-s0033-0000000055756188-0203-s_lc.fits
251232012,33,tess2020351194500-s0033-0000000251232012-0203-s_lc.fits
158702770,33,tess2020351194500-s0033-0000000158702770-0203-s_lc.fits
147978087,33,tess2020351194500-s0033-0000000147978087-0203-s_lc.fits
452375586,33,tess2020351194500-s0033-0000000452375586-0203-s_lc.fits
149988995,33,tess2020351194500-s0033-0000000149988995-0203-s_lc.fits
177861215,33,tess2020351194500-s0033-0000000177861215-0203-s_lc.fits
80277419,33,tess2020351194500-s0033-0000000080277419-0203-s_lc.fits
294325905,33,tess2020351194500-s0033-0000000294325905-0203-s_lc.fits
235333119,33,tess2020351194500-s0033-0000000235333119-0203-s_lc.fits
350742718,33,tess2020351194500-s0033-0000000350742718-0203-s_lc.fits
281411738,33,tess2020351194500-s0033-0000000281411738-0203-s_lc.fits
393411343,33,tess2020351194500-s0033-0000000393411343-0203-s_lc.fits
25117756,33,tess2020351194500-s0033-0000000025117756-0203-s_lc.fits
42176520,33,tess2020351194500-s0033-0000000042176520-0203-s_lc.fits
53744464,33,tess2020351194500-s0033-0000000053744464-0203-s_lc.fits
96585030,33,tess2020351194500-s0033-0000000096585030-0203-s_lc.fits
415593362,33,tess2020351194500-s0033-0000000415593362-0203-s_lc.fits
124278668,33,tess2020351194500-s0033-0000000124278668-0203-s_lc.fits
391746270,33,tess2020351194500-s0033-0000000391746270-0203-s_lc.fits
404934120,33,tess2020351194500-s0033-0000000404934120-0203-s_lc.fits
364325752,33,tess2020351194500-s0033-0000000364325752-0203-s_lc.fits
71579082,33,tess2020351194500-s0033-0000000071579082-0203-s_lc.fits
279160557,33,tess2020351194500-s0033-0000000279160557-0203-s_lc.fits
393087878,33,tess2020351194500-s0033-0000000393087878-0203-s_lc.fits
306512813,33,tess2020351194500-s0033-0000000306512813-0203-s_lc.fits
299906366,33,tess2020351194500-s0033-0000000299906366-0203-s_lc.fits
53743942,33,tess2020351194500-s0033-0000000053743942-0203-s_lc.fits
7444681,33,tess2020351194500-s0033-0000000007444681-0203-s_lc.fits
300383439,33,tess2020351194500-s0033-0000000300383439-0203-s_lc.fits
160378451,33,tess2020351194500-s0033-0000000160378451-0203-s_lc.fits
233979868,33,tess2020351194500-s0033-0000000233979868-0203-s_lc.fits
231185418,33,tess2020351194500-s0033-0000000231185418-0203-s_lc.fits
172362676,33,tess2020351194500-s0033-0000000172362676-0203-s_lc.fits
149348079,33,tess2020351194500-s0033-0000000149348079-0203-s_lc.fits
148096456,33,tess2020351194500-s0033-0000000148096456-0203-s_lc.fits
49701947,33,tess2020351194500-s0033-0000000049701947-0203-s_lc.fits
100760601,33,tess2020351194500-s0033-0000000100760601-0203-s_lc.fits
302963837,33,tess2020351194500-s0033-0000000302963837-0203-s_lc.fits
38608928,33,tess2020351194500-s0033-0000000038608928-0203-s_lc.fits
350842149,33,tess2020351194500-s0033-0000000350842149-0203-s_lc.fits
93172332,33,tess2020351194500-s0033-0000000093172332-0203-s_lc.fits
177313167,33,tess2020351194500-s0033-0000000177313167-0203-s_lc.fits
41227922,33,tess2020351194500-s0033-0000000041227922-0203-s_lc.fits
158759476,33,tess2020351194500-s0033-0000000158759476-0203-s_lc.fits
232193953,33,tess2020351194500-s0033-0000000232193953-0203-s_lc.fits
404763306,33,tess2020351194500-s0033-0000000404763306-0203-s_lc.fits
53421179,33,tess2020351194500-s0033-0000000053421179-0203-s_lc.fits
55606568,33,tess2020351194500-s0033-0000000055606568-0203-s_lc.fits
178636261,33,tess2020351194500-s0033-0000000178636261-0203-s_lc.fits
125264157,33,tess2020351194500-s0033-0000000125264157-0203-s_lc.fits
156909067,33,tess2020351194500-s0033-0000000156909067-0203-s_lc.fits
124746067,33,tess2020351194500-s0033-0000000124746067-0203-s_lc.fits
30848631,33,tess2020351194500-s0033-0000000030848631-0203-s_lc.fits
292063371,33,tess2020351194500-s0033-0000000292063371-0203-s_lc.fits
43151018,33,tess2020351194500-s0033-0000000043151018-0203-s_lc.fits
219392942,33,tess2020351194500-s0033-0000000219392942-0203-s_lc.fits
38587665,33,tess2020351194500-s0033-0000000038587665-0203-s_lc.fits
93369823,33,tess2020351194500-s0033-0000000093369823-0203-s_lc.fits
172779972,33,tess2020351194500-s0033-0000000172779972-0203-s_lc.fits
141687205,33,tess2020351194500-s0033-0000000141687205-0203-s_lc.fits
55757565,33,tess2020351194500-s0033-0000000055757565-0203-s_lc.fits
319560206,33,tess2020351194500-s0033-0000000319560206-0203-s_lc.fits
179640738,33,tess2020351194500-s0033-0000000179640738-0203-s_lc.fits
4999380,33,tess2020351194500-s0033-0000000004999380-0203-s_lc.fits
382626022,33,tess2020351194500-s0033-0000000382626022-0203-s_lc.fits
234619253,33,tess2020351194500-s0033-0000000234619253-0203-s_lc.fits
177113924,33,tess2020351194500-s0033-0000000177113924-0203-s_lc.fits
150428249,33,tess2020351194500-s0033-0000000150428249-0203-s_lc.fits
231181723,33,tess2020351194500-s0033-0000000231181723-0203-s_lc.fits
97570743,33,tess2020351194500-s0033-0000000097570743-0203-s_lc.fits
284288080,33,tess2020351194500-s0033-0000000284288080-0203-s_lc.fits
735873292,33,tess2020351194500-s0033-0000000735873292-0203-s_lc.fits
34258800,33,tess2020351194500-s0033-0000000034258800-0203-s_lc.fits
382200946,33,tess2020351194500-s0033-0000000382200946-0203-s_lc.fits
220475245,33,tess2020351194500-s0033-0000000220475245-0203-s_lc.fits
123553641,33,tess2020351194500-s0033-0000000123553641-0203-s_lc.fits
711762846,33,tess2020351194500-s0033-0000000711762846-0203-s_lc.fits
37388937,33,tess2020351194500-s0033-0000000037388937-0203-s_lc.fits
766185507,33,tess2020351194500-s0033-0000000766185507-0203-s_lc.fits
34442446,33,tess2020351194500-s0033-0000000034442446-0203-s_lc.fits
234220903,33,tess2020351194500-s0033-0000000234220903-0203-s_lc.fits
350622984,33,tess2020351194500-s0033-0000000350622984-0203-s_lc.fits
238033436,33,tess2020351194500-s0033-0000000238033436-0203-s_lc.fits
278863611,33,tess2020351194500-s0033-0000000278863611-0203-s_lc.fits
39842730,33,tess2020351194500-s0033-0000000039842730-0203-s_lc.fits
32943728,33,tess2020351194500-s0033-0000000032943728-0203-s_lc.fits
300510927,33,tess2020351194500-s0033-0000000300510927-0203-s_lc.fits
20095184,33,tess2020351194500-s0033-0000000020095184-0203-s_lc.fits
393313066,33,tess2020351194500-s0033-0000000393313066-0203-s_lc.fits
123733957,33,tess2020351194500-s0033-0000000123733957-0203-s_lc.fits
235513205,33,tess2020351194500-s0033-0000000235513205-0203-s_lc.fits
33166125,33,tess2020351194500-s0033-0000000033166125-0203-s_lc.fits
26180486,33,tess2020351194500-s0033-0000000026180486-0203-s_lc.fits
66648825,33,tess2020351194500-s0033-0000000066648825-0203-s_lc.fits
443256923,33,tess2020351194500-s0033-0000000443256923-0203-s_lc.fits
388128070,33,tess2020351194500-s0033-0000000388128070-0203-s_lc.fits
255630077,33,tess2020351194500-s0033-0000000255630077-0203-s_lc.fits
147430743,33,tess2020351194500-s0033-0000000147430743-0203-s_lc.fits
53236886,33,tess2020351194500-s0033-0000000053236886-0203-s_lc.fits
734548584,33,tess2020351194500-s0033-0000000734548584-0203-s_lc.fits
149472907,33,tess2020351194500-s0033-0000000149472907-0203-s_lc.fits
263690274,33,tess2020351194500-s0033-0000000263690274-0203-s_lc.fits
232367669,33,tess2020351194500-s0033-0000000232367669-0203-s_lc.fits
235044788,33,tess2020351194500-s0033-0000000235044788-0203-s_lc.fits
71917205,33,tess2020351194500-s0033-0000000071917205-0203-s_lc.fits
150275360,33,tess2020351194500-s0033-0000000150275360-0203-s_lc.fits
238066524,33,tess2020351194500-s0033-0000000238066524-0203-s_lc.fits
141096071,33,tess2020351194500-s0033-0000000141096071-0203-s_lc.fits
373521839,33,tess2020351194500-s0033-0000000373521839-0203-s_lc.fits
381975502,33,tess2020351194500-s0033-0000000381975502-0203-s_lc.fits
30034081,33,tess2020351194500-s0033-0000000030034081-0203-s_lc.fits
24585201,33,tess2020351194500-s0033-0000000024585201-0203-s_lc.fits
235050622,33,tess2020351194500-s0033-0000000235050622-0203-s_lc.fits
148098016,33,tess2020351194500-s0033-0000000148098016-0203-s_lc.fits
41464376,33,tess2020351194500-s0033-0000000041464376-0203-s_lc.fits
52562602,33,tess2020351194500-s0033-0000000052562602-0203-s_lc.fits
32050050,33,tess2020351194500-s0033-0000000032050050-0203-s_lc.fits
52869622,33,tess2020351194500-s0033-0000000052869622-0203-s_lc.fits
21729605,33,tess2020351194500-s0033-0000000021729605-0203-s_lc.fits
346489384,33,tess2020351194500-s0033-0000000346489384-0203-s_lc.fits
48808696,33,tess2020351194500-s0033-0000000048808696-0203-s_lc.fits
139477106,33,tess2020351194500-s0033-0000000139477106-0203-s_lc.fits
55295028,33,tess2020351194500-s0033-0000000055295028-0203-s_lc.fits
271973682,33,tess2020351194500-s0033-0000000271973682-0203-s_lc.fits
238926729,33,tess2020351194500-s0033-0000000238926729-0203-s_lc.fits
453121738,33,tess2020351194500-s0033-0000000453121738-0203-s_lc.fits
219417492,33,tess2020351194500-s0033-0000000219417492-0203-s_lc.fits
97700520,33,tess2020351194500-s0033-0000000097700520-0203-s_lc.fits
33006601,33,tess2020351194500-s0033-0000000033006601-0203-s_lc.fits
166971528,33,tess2020351194500-s0033-0000000166971528-0203-s_lc.fits
235067338,33,tess2020351194500-s0033-0000000235067338-0203-s_lc.fits
32090583,33,tess2020351194500-s0033-0000000032090583-0203-s_lc.fits
318904300,33,tess2020351194500-s0033-0000000318904300-0203-s_lc.fits
349973705,33,tess2020351194500-s0033-0000000349973705-0203-s_lc.fits
232051048,33,tess2020351194500-s0033-0000000232051048-0203-s_lc.fits
767189904,33,tess2020351194500-s0033-0000000767189904-0203-s_lc.fits
453101438,33,tess2020351194500-s0033-0000000453101438-0203-s_lc.fits
140208626,33,tess2020351194500-s0033-0000000140208626-0203-s_lc.fits
281854769,33,tess2020351194500-s0033-0000000281854769-0203-s_lc.fits
264313753,33,tess2020351194500-s0033-0000000264313753-0203-s_lc.fits
59858193,33,tess2020351194500-s0033-0000000059858193-0203-s_lc.fits
124850970,33,tess2020351194500-s0033-0000000124850970-0203-s_lc.fits
148944604,33,tess2020351194500-s0033-0000000148944604-0203-s_lc.fits
237530443,33,tess2020351194500-s0033-0000000237530443-0203-s_lc.fits
250444303,33,tess2020351194500-s0033-0000000250444303-0203-s_lc.fits
291466351,33,tess2020351194500-s0033-0000000291466351-0203-s_lc.fits
427506220,33,tess2020351194500-s0033-0000000427506220-0203-s_lc.fits
270885851,33,tess2020351194500-s0033-0000000270885851-0203-s_lc.fits
149121385,33,tess2020351194500-s0033-0000000149121385-0203-s_lc.fits
72090499,33,tess2020351194500-s0033-0000000072090499-0203-s_lc.fits
389860339,33,tess2020351194500-s0033-0000000389860339-0203-s_lc.fits
117671074,33,tess2020351194500-s0033-0000000117671074-0203-s_lc.fits
279428136,33,tess2020351194500-s0033-0000000279428136-0203-s_lc.fits
231170215,33,tess2020351194500-s0033-0000000231170215-0203-s_lc.fits
20231212,33,tess2020351194500-s0033-0000000020231212-0203-s_lc.fits
438118037,33,tess2020351194500-s0033-0000000438118037-0203-s_lc.fits
40895175,33,tess2020351194500-s0033-0000000040895175-0203-s_lc.fits
206856500,33,tess2020351194500-s0033-0000000206856500-0203-s_lc.fits
300010099,33,tess2020351194500-s0033-0000000300010099-0203-s_lc.fits
346706945,33,tess2020351194500-s0033-0000000346706945-0203-s_lc.fits
119288857,33,tess2020351194500-s0033-0000000119288857-0203-s_lc.fits
234090977,33,tess2020351194500-s0033-0000000234090977-0203-s_lc.fits
337168174,33,tess2020351194500-s0033-0000000337168174-0203-s_lc.fits
150430566,33,tess2020351194500-s0033-0000000150430566-0203-s_lc.fits
49769049,33,tess2020351194500-s0033-0000000049769049-0203-s_lc.fits
168518255,33,tess2020351194500-s0033-0000000168518255-0203-s_lc.fits
5046515,33,tess2020351194500-s0033-0000000005046515-0203-s_lc.fits
43152470,33,tess2020351194500-s0033-0000000043152470-0203-s_lc.fits
134542619,33,tess2020351194500-s0033-0000000134542619-0203-s_lc.fits
172594183,33,tess2020351194500-s0033-0000000172594183-0203-s_lc.fits
300863975,33,tess2020351194500-s0033-0000000300863975-0203-s_lc.fits
46627262,33,tess2020351194500-s0033-0000000046627262-0203-s_lc.fits
268371979,33,tess2020351194500-s0033-0000000268371979-0203-s_lc.fits
440758929,33,tess2020351194500-s0033-0000000440758929-0203-s_lc.fits
157088062,33,tess2020351194500-s0033-0000000157088062-0203-s_lc.fits
300112858,33,tess2020351194500-s0033-0000000300112858-0203-s_lc.fits
220456530,33,tess2020351194500-s0033-0000000220456530-0203-s_lc.fits
71965744,33,tess2020351194500-s0033-0000000071965744-0203-s_lc.fits
55745880,33,tess2020351194500-s0033-0000000055745880-0203-s_lc.fits
219205963,33,tess2020351194500-s0033-0000000219205963-0203-s_lc.fits
207306088,33,tess2020351194500-s0033-0000000207306088-0203-s_lc.fits
64208749,33,tess2020351194500-s0033-0000000064208749-0203-s_lc.fits
387684419,33,tess2020351194500-s0033-0000000387684419-0203-s_lc.fits
219379667,33,tess2020351194500-s0033-0000000219379667-0203-s_lc.fits
61910639,33,tess2020351194500-s0033-0000000061910639-0203-s_lc.fits
134317557,33,tess2020351194500-s0033-0000000134317557-0203-s_lc.fits
279569847,33,tess2020351194500-s0033-0000000279569847-0203-s_lc.fits
22644545,33,tess2020351194500-s0033-0000000022644545-0203-s_lc.fits
382435735,33,tess2020351194500-s0033-0000000382435735-0203-s_lc.fits
317801371,33,tess2020351194500-s0033-0000000317801371-0203-s_lc.fits
179107606,33,tess2020351194500-s0033-0000000179107606-0203-s_lc.fits
279361391,33,tess2020351194500-s0033-0000000279361391-0203-s_lc.fits
260368246,33,tess2020351194500-s0033-0000000260368246-0203-s_lc.fits
156808736,33,tess2020351194500-s0033-0000000156808736-0203-s_lc.fits
270801101,33,tess2020351194500-s0033-0000000270801101-0203-s_lc.fits
349096380,33,tess2020351194500-s0033-0000000349096380-0203-s_lc.fits
231149746,33,tess2020351194500-s0033-0000000231149746-0203-s_lc.fits
60296939,33,tess2020351194500-s0033-0000000060296939-0203-s_lc.fits
264749962,33,tess2020351194500-s0033-0000000264749962-0203-s_lc.fits
160379881,33,tess2020351194500-s0033-0000000160379881-0203-s_lc.fits
293004391,33,tess2020351194500-s0033-0000000293004391-0203-s_lc.fits
220429610,33,tess2020351194500-s0033-0000000220429610-0203-s_lc.fits
387338684,33,tess2020351194500-s0033-0000000387338684-0203-s_lc.fits
202190033,33,tess2020351194500-s0033-0000000202190033-0203-s_lc.fits
100758632,33,tess2020351194500-s0033-0000000100758632-0203-s_lc.fits
206881930,33,tess2020351194500-s0033-0000000206881930-0203-s_lc.fits
349791132,33,tess2020351194500-s0033-0000000349791132-0203-s_lc.fits
271890201,33,tess2020351194500-s0033-0000000271890201-0203-s_lc.fits
140344936,33,tess2020351194500-s0033-0000000140344936-0203-s_lc.fits
348962012,33,tess2020351194500-s0033-0000000348962012-0203-s_lc.fits
32947827,33,tess2020351194500-s0033-0000000032947827-0203-s_lc.fits
38759751,33,tess2020351194500-s0033-0000000038759751-0203-s_lc.fits
53125410,33,tess2020351194500-s0033-0000000053125410-0203-s_lc.fits
192928030,33,tess2020351194500-s0033-0000000192928030-0203-s_lc.fits
192834384,33,tess2020351194500-s0033-0000000192834384-0203-s_lc.fits
64601031,33,tess2020351194500-s0033-0000000064601031-0203-s_lc.fits
279321185,33,tess2020351194500-s0033-0000000279321185-0203-s_lc.fits
350184174,33,tess2020351194500-s0033-0000000350184174-0203-s_lc.fits
271595985,33,tess2020351194500-s0033-0000000271595985-0203-s_lc.fits
140827588,33,tess2020351194500-s0033-0000000140827588-0203-s_lc.fits
22865488,33,tess2020351194500-s0033-0000000022865488-0203-s_lc.fits
237610105,33,tess2020351194500-s0033-0000000237610105-0203-s_lc.fits
120664151,33,tess2020351194500-s0033-0000000120664151-0203-s_lc.fits
130369045,33,tess2020351194500-s0033-0000000130369045-0203-s_lc.fits
53489015,33,tess2020351194500-s0033-0000000053489015-0203-s_lc.fits
124227834,33,tess2020351194500-s0033-0000000124227834-0203-s_lc.fits
177116487,33,tess2020351194500-s0033-0000000177116487-0203-s_lc.fits
231742691,33,tess2020351194500-s0033-0000000231742691-0203-s_lc.fits
60525342,33,tess2020351194500-s0033-0000000060525342-0203-s_lc.fits
358806522,33,tess2020351194500-s0033-0000000358806522-0203-s_lc.fits
123852082,33,tess2020351194500-s0033-0000000123852082-0203-s_lc.fits
425068409,33,tess2020351194500-s0033-0000000425068409-0203-s_lc.fits
318065364,33,tess2020351194500-s0033-0000000318065364-0203-s_lc.fits
300381910,33,tess2020351194500-s0033-0000000300381910-0203-s_lc.fits
32068637,33,tess2020351194500-s0033-0000000032068637-0203-s_lc.fits
295074429,33,tess2020351194500-s0033-0000000295074429-0203-s_lc.fits
48233487,33,tess2020351194500-s0033-0000000048233487-0203-s_lc.fits
167523976,33,tess2020351194500-s0033-0000000167523976-0203-s_lc.fits
167554181,33,tess2020351194500-s0033-0000000167554181-0203-s_lc.fits
251130587,33,tess2020351194500-s0033-0000000251130587-0203-s_lc.fits
167366359,33,tess2020351194500-s0033-0000000167366359-0203-s_lc.fits
168114998,33,tess2020351194500-s0033-0000000168114998-0203-s_lc.fits
348841455,33,tess2020351194500-s0033-0000000348841455-0203-s_lc.fits
238089410,33,tess2020351194500-s0033-0000000238089410-0203-s_lc.fits
220438947,33,tess2020351194500-s0033-0000000220438947-0203-s_lc.fits
153165135,33,tess2020351194500-s0033-0000000153165135-0203-s_lc.fits
106347546,33,tess2020351194500-s0033-0000000106347546-0203-s_lc.fits
101142841,33,tess2020351194500-s0033-0000000101142841-0203-s_lc.fits
100681718,33,tess2020351194500-s0033-0000000100681718-0203-s_lc.fits
124378547,33,tess2020351194500-s0033-0000000124378547-0203-s_lc.fits
31852076,33,tess2020351194500-s0033-0000000031852076-0203-s_lc.fits
47632750,33,tess2020351194500-s0033-0000000047632750-0203-s_lc.fits
276869095,33,tess2020351194500-s0033-0000000276869095-0203-s_lc.fits
250564324,33,tess2020351194500-s0033-0000000250564324-0203-s_lc.fits
53456120,33,tess2020351194500-s0033-0000000053456120-0203-s_lc.fits
373593195,33,tess2020351194500-s0033-0000000373593195-0203-s_lc.fits
150390543,33,tess2020351194500-s0033-0000000150390543-0203-s_lc.fits
231809798,33,tess2020351194500-s0033-0000000231809798-0203-s_lc.fits
232020237,33,tess2020351194500-s0033-0000000232020237-0203-s_lc.fits
260239085,33,tess2020351194500-s0033-0000000260239085-0203-s_lc.fits
373432787,33,tess2020351194500-s0033-0000000373432787-0203-s_lc.fits
134545214,33,tess2020351194500-s0033-0000000134545214-0203-s_lc.fits
46686086,33,tess2020351194500-s0033-0000000046686086-0203-s_lc.fits
134545201,33,tess2020351194500-s0033-0000000134545201-0203-s_lc.fits
64965295,33,tess2020351194500-s0033-0000000064965295-0203-s_lc.fits
250523817,33,tess2020351194500-s0033-0000000250523817-0203-s_lc.fits
431480470,33,tess2020351194500-s0033-0000000431480470-0203-s_lc.fits
80834365,33,tess2020351194500-s0033-0000000080834365-0203-s_lc.fits
348842808,33,tess2020351194500-s0033-0000000348842808-0203-s_lc.fits
157115227,33,tess2020351194500-s0033-0000000157115227-0203-s_lc.fits
385750029,33,tess2020351194500-s0033-0000000385750029-0203-s_lc.fits
172836534,33,tess2020351194500-s0033-0000000172836534-0203-s_lc.fits
771112270,33,tess2020351194500-s0033-0000000771112270-0203-s_lc.fits
96437601,33,tess2020351194500-s0033-0000000096437601-0203-s_lc.fits
64790168,33,tess2020351194500-s0033-0000000064790168-0203-s_lc.fits
284333672,33,tess2020351194500-s0033-0000000284333672-0203-s_lc.fits
167888669,33,tess2020351194500-s0033-0000000167888669-0203-s_lc.fits
382027861,33,tess2020351194500-s0033-0000000382027861-0203-s_lc.fits
155088052,33,tess2020351194500-s0033-0000000155088052-0203-s_lc.fits
48400620,33,tess2020351194500-s0033-0000000048400620-0203-s_lc.fits
5281379,33,tess2020351194500-s0033-0000000005281379-0203-s_lc.fits
282081937,33,tess2020351194500-s0033-0000000282081937-0203-s_lc.fits
149422364,33,tess2020351194500-s0033-0000000149422364-0203-s_lc.fits
21715827,33,tess2020351194500-s0033-0000000021715827-0203-s_lc.fits
148722215,33,tess2020351194500-s0033-0000000148722215-0203-s_lc.fits
119693824,33,tess2020351194500-s0033-0000000119693824-0203-s_lc.fits
31181095,33,tess2020351194500-s0033-0000000031181095-0203-s_lc.fits
150299840,33,tess2020351194500-s0033-0000000150299840-0203-s_lc.fits
33831980,33,tess2020351194500-s0033-0000000033831980-0203-s_lc.fits
141282136,33,tess2020351194500-s0033-0000000141282136-0203-s_lc.fits
234046765,33,tess2020351194500-s0033-0000000234046765-0203-s_lc.fits
295272373,33,tess2020351194500-s0033-0000000295272373-0203-s_lc.fits
265266979,33,tess2020351194500-s0033-0000000265266979-0203-s_lc.fits
178479275,33,tess2020351194500-s0033-0000000178479275-0203-s_lc.fits
53902135,33,tess2020351194500-s0033-0000000053902135-0203-s_lc.fits
149543900,33,tess2020351194500-s0033-0000000149543900-0203-s_lc.fits
231956838,33,tess2020351194500-s0033-0000000231956838-0203-s_lc.fits
32945658,33,tess2020351194500-s0033-0000000032945658-0203-s_lc.fits
770859158,33,tess2020351194500-s0033-0000000770859158-0203-s_lc.fits
294977810,33,tess2020351194500-s0033-0000000294977810-0203-s_lc.fits
391745696,33,tess2020351194500-s0033-0000000391745696-0203-s_lc.fits
271891993,33,tess2020351194500-s0033-0000000271891993-0203-s_lc.fits
32052607,33,tess2020351194500-s0033-0000000032052607-0203-s_lc.fits
5368745,33,tess2020351194500-s0033-0000000005368745-0203-s_lc.fits
389830172,33,tess2020351194500-s0033-0000000389830172-0203-s_lc.fits
255701070,33,tess2020351194500-s0033-0000000255701070-0203-s_lc.fits
237649385,33,tess2020351194500-s0033-0000000237649385-0203-s_lc.fits
291557742,33,tess2020351194500-s0033-0000000291557742-0203-s_lc.fits
762650236,33,tess2020351194500-s0033-0000000762650236-0203-s_lc.fits
177082055,33,tess2020351194500-s0033-0000000177082055-0203-s_lc.fits
262202061,33,tess2020351194500-s0033-0000000262202061-0203-s_lc.fits
33063865,33,tess2020351194500-s0033-0000000033063865-0203-s_lc.fits
255630575,33,tess2020351194500-s0033-0000000255630575-0203-s_lc.fits
160301040,33,tess2020351194500-s0033-0000000160301040-0203-s_lc.fits
340218284,33,tess2020351194500-s0033-0000000340218284-0203-s_lc.fits
49609982,33,tess2020351194500-s0033-0000000049609982-0203-s_lc.fits
262574436,33,tess2020351194500-s0033-0000000262574436-0203-s_lc.fits
712210226,33,tess2020351194500-s0033-0000000712210226-0203-s_lc.fits
385983776,33,tess2020351194500-s0033-0000000385983776-0203-s_lc.fits
403729061,33,tess2020351194500-s0033-0000000403729061-0203-s_lc.fits
238080142,33,tess2020351194500-s0033-0000000238080142-0203-s_lc.fits
255598822,33,tess2020351194500-s0033-0000000255598822-0203-s_lc.fits
287495893,33,tess2020351194500-s0033-0000000287495893-0203-s_lc.fits
270676778,33,tess2020351194500-s0033-0000000270676778-0203-s_lc.fits
140286133,33,tess2020351194500-s0033-0000000140286133-0203-s_lc.fits
31675050,33,tess2020351194500-s0033-0000000031675050-0203-s_lc.fits
260503393,33,tess2020351194500-s0033-0000000260503393-0203-s_lc.fits
409005467,33,tess2020351194500-s0033-0000000409005467-0203-s_lc.fits
97647741,33,tess2020351194500-s0033-0000000097647741-0203-s_lc.fits
278683664,33,tess2020351194500-s0033-0000000278683664-0203-s_lc.fits
52980684,33,tess2020351194500-s0033-0000000052980684-0203-s_lc.fits
705696839,33,tess2020351194500-s0033-0000000705696839-0203-s_lc.fits
453074924,33,tess2020351194500-s0033-0000000453074924-0203-s_lc.fits
231490453,33,tess2020351194500-s0033-0000000231490453-0203-s_lc.fits
287493551,33,tess2020351194500-s0033-0000000287493551-0203-s_lc.fits
354571976,33,tess2020351194500-s0033-0000000354571976-0203-s_lc.fits
141210949,33,tess2020351194500-s0033-0000000141210949-0203-s_lc.fits
278826115,33,tess2020351194500-s0033-0000000278826115-0203-s_lc.fits
146871208,33,tess2020351194500-s0033-0000000146871208-0203-s_lc.fits
37545623,33,tess2020351194500-s0033-0000000037545623-0203-s_lc.fits
279091106,33,tess2020351194500-s0033-0000000279091106-0203-s_lc.fits
201512648,33,tess2020351194500-s0033-0000000201512648-0203-s_lc.fits
150272131,33,tess2020351194500-s0033-0000000150272131-0203-s_lc.fits
60584677,33,tess2020351194500-s0033-0000000060584677-0203-s_lc.fits
59854201,33,tess2020351194500-s0033-0000000059854201-0203-s_lc.fits
32681771,33,tess2020351194500-s0033-0000000032681771-0203-s_lc.fits
350479646,33,tess2020351194500-s0033-0000000350479646-0203-s_lc.fits
31867858,33,tess2020351194500-s0033-0000000031867858-0203-s_lc.fits
339635792,33,tess2020351194500-s0033-0000000339635792-0203-s_lc.fits
38696355,33,tess2020351194500-s0033-0000000038696355-0203-s_lc.fits
159088589,33,tess2020351194500-s0033-0000000159088589-0203-s_lc.fits
33421946,33,tess2020351194500-s0033-0000000033421946-0203-s_lc.fits
89189880,33,tess2020351194500-s0033-0000000089189880-0203-s_lc.fits
220407213,33,tess2020351194500-s0033-0000000220407213-0203-s_lc.fits
238015197,33,tess2020351194500-s0033-0000000238015197-0203-s_lc.fits
260303793,33,tess2020351194500-s0033-0000000260303793-0203-s_lc.fits
358156904,33,tess2020351194500-s0033-0000000358156904-0203-s_lc.fits
102547041,33,tess2020351194500-s0033-0000000102547041-0203-s_lc.fits
220619764,33,tess2020351194500-s0033-0000000220619764-0203-s_lc.fits
219404368,33,tess2020351194500-s0033-0000000219404368-0203-s_lc.fits
278775625,33,tess2020351194500-s0033-0000000278775625-0203-s_lc.fits
59936989,33,tess2020351194500-s0033-0000000059936989-0203-s_lc.fits
53601710,33,tess2020351194500-s0033-0000000053601710-0203-s_lc.fits
39843113,33,tess2020351194500-s0033-0000000039843113-0203-s_lc.fits
294325026,33,tess2020351194500-s0033-0000000294325026-0203-s_lc.fits
177269726,33,tess2020351194500-s0033-0000000177269726-0203-s_lc.fits
309659122,33,tess2020351194500-s0033-0000000309659122-0203-s_lc.fits
60033774,33,tess2020351194500-s0033-0000000060033774-0203-s_lc.fits
66529568,33,tess2020351194500-s0033-0000000066529568-0203-s_lc.fits
232308503,33,tess2020351194500-s0033-0000000232308503-0203-s_lc.fits
306896026,33,tess2020351194500-s0033-0000000306896026-0203-s_lc.fits
143167483,33,tess2020351194500-s0033-0000000143167483-0203-s_lc.fits
747310396,33,tess2020351194500-s0033-0000000747310396-0203-s_lc.fits
40893005,33,tess2020351194500-s0033-0000000040893005-0203-s_lc.fits
453170833,33,tess2020351194500-s0033-0000000453170833-0203-s_lc.fits
279787381,33,tess2020351194500-s0033-0000000279787381-0203-s_lc.fits
21438160,33,tess2020351194500-s0033-0000000021438160-0203-s_lc.fits
348842421,33,tess2020351194500-s0033-0000000348842421-0203-s_lc.fits
279052764,33,tess2020351194500-s0033-0000000279052764-0203-s_lc.fits
306757754,33,tess2020351194500-s0033-0000000306757754-0203-s_lc.fits
172599125,33,tess2020351194500-s0033-0000000172599125-0203-s_lc.fits
232379993,33,tess2020351194500-s0033-0000000232379993-0203-s_lc.fits
157750421,33,tess2020351194500-s0033-0000000157750421-0203-s_lc.fits
777536215,33,tess2020351194500-s0033-0000000777536215-0203-s_lc.fits
374993719,33,tess2020351194500-s0033-0000000374993719-0203-s_lc.fits
149935510,33,tess2020351194500-s0033-0000000149935510-0203-s_lc.fits
33831818,33,tess2020351194500-s0033-0000000033831818-0203-s_lc.fits
29786229,33,tess2020351194500-s0033-0000000029786229-0203-s_lc.fits
385813418,33,tess2020351194500-s0033-0000000385813418-0203-s_lc.fits
309616139,33,tess2020351194500-s0033-0000000309616139-0203-s_lc.fits
707193666,33,tess2020351194500-s0033-0000000707193666-0203-s_lc.fits
124182906,33,tess2020351194500-s0033-0000000124182906-0203-s_lc.fits
170310035,33,tess2020351194500-s0033-0000000170310035-0203-s_lc.fits
80710074,33,tess2020351194500-s0033-0000000080710074-0203-s_lc.fits
318015100,33,tess2020351194500-s0033-0000000318015100-0203-s_lc.fits
101145648,33,tess2020351194500-s0033-0000000101145648-0203-s_lc.fits
264161200,33,tess2020351194500-s0033-0000000264161200-0203-s_lc.fits
151588029,33,tess2020351194500-s0033-0000000151588029-0203-s_lc.fits
232048036,33,tess2020351194500-s0033-0000000232048036-0203-s_lc.fits
99344565,33,tess2020351194500-s0033-0000000099344565-0203-s_lc.fits
349060019,33,tess2020351194500-s0033-0000000349060019-0203-s_lc.fits
300448674,33,tess2020351194500-s0033-0000000300448674-0203-s_lc.fits
318665299,33,tess2020351194500-s0033-0000000318665299-0203-s_lc.fits
24587880,33,tess2020351194500-s0033-0000000024587880-0203-s_lc.fits
23369524,33,tess2020351194500-s0033-0000000023369524-0203-s_lc.fits
391813303,33,tess2020351194500-s0033-0000000391813303-0203-s_lc.fits
33733052,33,tess2020351194500-s0033-0000000033733052-0203-s_lc.fits
457089746,33,tess2020351194500-s0033-0000000457089746-0203-s_lc.fits
32072229,33,tess2020351194500-s0033-0000000032072229-0203-s_lc.fits
270554645,33,tess2020351194500-s0033-0000000270554645-0203-s_lc.fits
124749903,33,tess2020351194500-s0033-0000000124749903-0203-s_lc.fits
201491955,33,tess2020351194500-s0033-0000000201491955-0203-s_lc.fits
124276658,33,tess2020351194500-s0033-0000000124276658-0203-s_lc.fits
88920718,33,tess2020351194500-s0033-0000000088920718-0203-s_lc.fits
21444353,33,tess2020351194500-s0033-0000000021444353-0203-s_lc.fits
67160409,33,tess2020351194500-s0033-0000000067160409-0203-s_lc.fits
52283274,33,tess2020351194500-s0033-0000000052283274-0203-s_lc.fits
97478365,33,tess2020351194500-s0033-0000000097478365-0203-s_lc.fits
220615936,33,tess2020351194500-s0033-0000000220615936-0203-s_lc.fits
25153041,33,tess2020351194500-s0033-0000000025153041-0203-s_lc.fits
445457033,33,tess2020351194500-s0033-0000000445457033-0203-s_lc.fits
97480314,33,tess2020351194500-s0033-0000000097480314-0203-s_lc.fits
93125745,33,tess2020351194500-s0033-0000000093125745-0203-s_lc.fits
260297724,33,tess2020351194500-s0033-0000000260297724-0203-s_lc.fits
167893454,33,tess2020351194500-s0033-0000000167893454-0203-s_lc.fits
279053522,33,tess2020351194500-s0033-0000000279053522-0203-s_lc.fits
263994772,33,tess2020351194500-s0033-0000000263994772-0203-s_lc.fits
30471979,33,tess2020351194500-s0033-0000000030471979-0203-s_lc.fits
192788722,33,tess2020351194500-s0033-0000000192788722-0203-s_lc.fits
173001392,33,tess2020351194500-s0033-0000000173001392-0203-s_lc.fits
255560740,33,tess2020351194500-s0033-0000000255560740-0203-s_lc.fits
277298434,33,tess2020351194500-s0033-0000000277298434-0203-s_lc.fits
317332553,33,tess2020351194500-s0033-0000000317332553-0203-s_lc.fits
24829615,33,tess2020351194500-s0033-0000000024829615-0203-s_lc.fits
21716508,33,tess2020351194500-s0033-0000000021716508-0203-s_lc.fits
124192473,33,tess2020351194500-s0033-0000000124192473-0203-s_lc.fits
95054629,33,tess2020351194500-s0033-0000000095054629-0203-s_lc.fits
287354092,33,tess2020351194500-s0033-0000000287354092-0203-s_lc.fits
11961096,33,tess2020351194500-s0033-0000000011961096-0203-s_lc.fits
142674782,33,tess2020351194500-s0033-0000000142674782-0203-s_lc.fits
5280917,33,tess2020351194500-s0033-0000000005280917-0203-s_lc.fits
339962133,33,tess2020351194500-s0033-0000000339962133-0203-s_lc.fits
242066351,33,tess2020351194500-s0033-0000000242066351-0203-s_lc.fits
38939585,33,tess2020351194500-s0033-0000000038939585-0203-s_lc.fits
151588675,33,tess2020351194500-s0033-0000000151588675-0203-s_lc.fits
147915212,33,tess2020351194500-s0033-0000000147915212-0203-s_lc.fits
262286843,33,tess2020351194500-s0033-0000000262286843-0203-s_lc.fits
23298843,33,tess2020351194500-s0033-0000000023298843-0203-s_lc.fits
264235428,33,tess2020351194500-s0033-0000000264235428-0203-s_lc.fits
42634475,33,tess2020351194500-s0033-0000000042634475-0203-s_lc.fits
155462172,33,tess2020351194500-s0033-0000000155462172-0203-s_lc.fits
350620310,33,tess2020351194500-s0033-0000000350620310-0203-s_lc.fits
255585244,33,tess2020351194500-s0033-0000000255585244-0203-s_lc.fits
63301488,33,tess2020351194500-s0033-0000000063301488-0203-s_lc.fits
80130360,33,tess2020351194500-s0033-0000000080130360-0203-s_lc.fits
78377489,33,tess2020351194500-s0033-0000000078377489-0203-s_lc.fits
397149690,33,tess2020351194500-s0033-0000000397149690-0203-s_lc.fits
160329609,33,tess2020351194500-s0033-0000000160329609-0203-s_lc.fits
279160766,33,tess2020351194500-s0033-0000000279160766-0203-s_lc.fits
265619129,33,tess2020351194500-s0033-0000000265619129-0203-s_lc.fits
150167117,33,tess2020351194500-s0033-0000000150167117-0203-s_lc.fits
340979668,33,tess2020351194500-s0033-0000000340979668-0203-s_lc.fits
339956399,33,tess2020351194500-s0033-0000000339956399-0203-s_lc.fits
234559271,33,tess2020351194500-s0033-0000000234559271-0203-s_lc.fits
38942653,33,tess2020351194500-s0033-0000000038942653-0203-s_lc.fits
55662942,33,tess2020351194500-s0033-0000000055662942-0203-s_lc.fits
5459946,33,tess2020351194500-s0033-0000000005459946-0203-s_lc.fits
147373777,33,tess2020351194500-s0033-0000000147373777-0203-s_lc.fits
147373762,33,tess2020351194500-s0033-0000000147373762-0203-s_lc.fits
33149129,33,tess2020351194500-s0033-0000000033149129-0203-s_lc.fits
268700076,33,tess2020351194500-s0033-0000000268700076-0203-s_lc.fits
33878459,33,tess2020351194500-s0033-0000000033878459-0203-s_lc.fits
47766635,33,tess2020351194500-s0033-0000000047766635-0203-s_lc.fits
176935965,33,tess2020351194500-s0033-0000000176935965-0203-s_lc.fits
124987299,33,tess2020351194500-s0033-0000000124987299-0203-s_lc.fits
234670270,33,tess2020351194500-s0033-0000000234670270-0203-s_lc.fits
178373589,33,tess2020351194500-s0033-0000000178373589-0203-s_lc.fits
30848598,33,tess2020351194500-s0033-0000000030848598-0203-s_lc.fits
391893148,33,tess2020351194500-s0033-0000000391893148-0203-s_lc.fits
272188493,33,tess2020351194500-s0033-0000000272188493-0203-s_lc.fits
350622878,33,tess2020351194500-s0033-0000000350622878-0203-s_lc.fits
177077336,33,tess2020351194500-s0033-0000000177077336-0203-s_lc.fits
294981566,33,tess2020351194500-s0033-0000000294981566-0203-s_lc.fits
31944047,33,tess2020351194500-s0033-0000000031944047-0203-s_lc.fits
151065118,33,tess2020351194500-s0033-0000000151065118-0203-s_lc.fits
148636339,33,tess2020351194500-s0033-0000000148636339-0203-s_lc.fits
172630791,33,tess2020351194500-s0033-0000000172630791-0203-s_lc.fits
393480545,33,tess2020351194500-s0033-0000000393480545-0203-s_lc.fits
284744079,33,tess2020351194500-s0033-0000000284744079-0203-s_lc.fits
260240161,33,tess2020351194500-s0033-0000000260240161-0203-s_lc.fits
93417587,33,tess2020351194500-s0033-0000000093417587-0203-s_lc.fits
235217917,33,tess2020351194500-s0033-0000000235217917-0203-s_lc.fits
349055837,33,tess2020351194500-s0033-0000000349055837-0203-s_lc.fits
319859502,33,tess2020351194500-s0033-0000000319859502-0203-s_lc.fits
30526897,33,tess2020351194500-s0033-0000000030526897-0203-s_lc.fits
295742782,33,tess2020351194500-s0033-0000000295742782-0203-s_lc.fits
119552796,33,tess2020351194500-s0033-0000000119552796-0203-s_lc.fits
350710135,33,tess2020351194500-s0033-0000000350710135-0203-s_lc.fits
49251419,33,tess2020351194500-s0033-0000000049251419-0203-s_lc.fits
443059264,33,tess2020351194500-s0033-0000000443059264-0203-s_lc.fits
25132999,33,tess2020351194500-s0033-0000000025132999-0203-s_lc.fits
177717406,33,tess2020351194500-s0033-0000000177717406-0203-s_lc.fits
260420061,33,tess2020351194500-s0033-0000000260420061-0203-s_lc.fits
123626670,33,tess2020351194500-s0033-0000000123626670-0203-s_lc.fits
349968807,33,tess2020351194500-s0033-0000000349968807-0203-s_lc.fits
24626509,33,tess2020351194500-s0033-0000000024626509-0203-s_lc.fits
318011853,33,tess2020351194500-s0033-0000000318011853-0203-s_lc.fits
235068034,33,tess2020351194500-s0033-0000000235068034-0203-s_lc.fits
177236998,33,tess2020351194500-s0033-0000000177236998-0203-s_lc.fits
167890991,33,tess2020351194500-s0033-0000000167890991-0203-s_lc.fits
148934074,33,tess2020351194500-s0033-0000000148934074-0203-s_lc.fits
765261971,33,tess2020351194500-s0033-0000000765261971-0203-s_lc.fits
66154194,33,tess2020351194500-s0033-0000000066154194-0203-s_lc.fits
349828593,33,tess2020351194500-s0033-0000000349828593-0203-s_lc.fits
124279525,33,tess2020351194500-s0033-0000000124279525-0203-s_lc.fits
12346506,33,tess2020351194500-s0033-0000000012346506-0203-s_lc.fits
11905575,33,tess2020351194500-s0033-0000000011905575-0203-s_lc.fits
123580346,33,tess2020351194500-s0033-0000000123580346-0203-s_lc.fits
149347534,33,tess2020351194500-s0033-0000000149347534-0203-s_lc.fits
262537950,33,tess2020351194500-s0033-0000000262537950-0203-s_lc.fits
453120468,33,tess2020351194500-s0033-0000000453120468-0203-s_lc.fits
804804889,33,tess2020351194500-s0033-0000000804804889-0203-s_lc.fits
30275662,33,tess2020351194500-s0033-0000000030275662-0203-s_lc.fits
277100703,33,tess2020351194500-s0033-0000000277100703-0203-s_lc.fits
38679058,33,tess2020351194500-s0033-0000000038679058-0203-s_lc.fits
765561909,33,tess2020351194500-s0033-0000000765561909-0203-s_lc.fits
232018886,33,tess2020351194500-s0033-0000000232018886-0203-s_lc.fits
403694691,33,tess2020351194500-s0033-0000000403694691-0203-s_lc.fits
177173234,33,tess2020351194500-s0033-0000000177173234-0203-s_lc.fits
177254984,33,tess2020351194500-s0033-0000000177254984-0203-s_lc.fits
80042405,33,tess2020351194500-s0033-0000000080042405-0203-s_lc.fits
300448815,33,tess2020351194500-s0033-0000000300448815-0203-s_lc.fits
153210406,33,tess2020351194500-s0033-0000000153210406-0203-s_lc.fits
179119903,33,tess2020351194500-s0033-0000000179119903-0203-s_lc.fits
151585001,33,tess2020351194500-s0033-0000000151585001-0203-s_lc.fits
242066094,33,tess2020351194500-s0033-0000000242066094-0203-s_lc.fits
319558259,33,tess2020351194500-s0033-0000000319558259-0203-s_lc.fits
98080525,33,tess2020351194500-s0033-0000000098080525-0203-s_lc.fits
37500692,33,tess2020351194500-s0033-0000000037500692-0203-s_lc.fits
32944643,33,tess2020351194500-s0033-0000000032944643-0203-s_lc.fits
231930258,33,tess2020351194500-s0033-0000000231930258-0203-s_lc.fits
177329671,33,tess2020351194500-s0033-0000000177329671-0203-s_lc.fits
139675640,33,tess2020351194500-s0033-0000000139675640-0203-s_lc.fits
29830733,33,tess2020351194500-s0033-0000000029830733-0203-s_lc.fits
440764030,33,tess2020351194500-s0033-0000000440764030-0203-s_lc.fits
39538585,33,tess2020351194500-s0033-0000000039538585-0203-s_lc.fits
37299887,33,tess2020351194500-s0033-0000000037299887-0203-s_lc.fits
72173168,33,tess2020351194500-s0033-0000000072173168-0203-s_lc.fits
147946671,33,tess2020351194500-s0033-0000000147946671-0203-s_lc.fits
283091971,33,tess2020351194500-s0033-0000000283091971-0203-s_lc.fits
150428173,33,tess2020351194500-s0033-0000000150428173-0203-s_lc.fits
81587807,33,tess2020351194500-s0033-0000000081587807-0203-s_lc.fits
149450584,33,tess2020351194500-s0033-0000000149450584-0203-s_lc.fits
37602282,33,tess2020351194500-s0033-0000000037602282-0203-s_lc.fits
202147704,33,tess2020351194500-s0033-0000000202147704-0203-s_lc.fits
63722971,33,tess2020351194500-s0033-0000000063722971-0203-s_lc.fits
404965983,33,tess2020351194500-s0033-0000000404965983-0203-s_lc.fits
31925538,33,tess2020351194500-s0033-0000000031925538-0203-s_lc.fits
684939574,33,tess2020351194500-s0033-0000000684939574-0203-s_lc.fits
134476991,33,tess2020351194500-s0033-0000000134476991-0203-s_lc.fits
272357201,33,tess2020351194500-s0033-0000000272357201-0203-s_lc.fits
30186481,33,tess2020351194500-s0033-0000000030186481-0203-s_lc.fits
272003260,33,tess2020351194500-s0033-0000000272003260-0203-s_lc.fits
280523659,33,tess2020351194500-s0033-0000000280523659-0203-s_lc.fits
279950870,33,tess2020351194500-s0033-0000000279950870-0203-s_lc.fits
34136008,33,tess2020351194500-s0033-0000000034136008-0203-s_lc.fits
404768847,33,tess2020351194500-s0033-0000000404768847-0203-s_lc.fits
247841381,33,tess2020351194500-s0033-0000000247841381-0203-s_lc.fits
167043669,33,tess2020351194500-s0033-0000000167043669-0203-s_lc.fits
260244081,33,tess2020351194500-s0033-0000000260244081-0203-s_lc.fits
220478686,33,tess2020351194500-s0033-0000000220478686-0203-s_lc.fits
260607682,33,tess2020351194500-s0033-0000000260607682-0203-s_lc.fits
179438406,33,tess2020351194500-s0033-0000000179438406-0203-s_lc.fits
260605873,33,tess2020351194500-s0033-0000000260605873-0203-s_lc.fits
705405529,33,tess2020351194500-s0033-0000000705405529-0203-s_lc.fits
176759633,33,tess2020351194500-s0033-0000000176759633-0203-s_lc.fits
410869916,33,tess2020351194500-s0033-0000000410869916-0203-s_lc.fits
20093484,33,tess2020351194500-s0033-0000000020093484-0203-s_lc.fits
425084139,33,tess2020351194500-s0033-0000000425084139-0203-s_lc.fits
48885592,33,tess2020351194500-s0033-0000000048885592-0203-s_lc.fits
55557848,33,tess2020351194500-s0033-0000000055557848-0203-s_lc.fits
124193581,33,tess2020351194500-s0033-0000000124193581-0203-s_lc.fits
235065743,33,tess2020351194500-s0033-0000000235065743-0203-s_lc.fits
33790233,33,tess2020351194500-s0033-0000000033790233-0203-s_lc.fits
55527661,33,tess2020351194500-s0033-0000000055527661-0203-s_lc.fits
93506718,33,tess2020351194500-s0033-0000000093506718-0203-s_lc.fits
238896069,33,tess2020351194500-s0033-0000000238896069-0203-s_lc.fits
150165740,33,tess2020351194500-s0033-0000000150165740-0203-s_lc.fits
350561161,33,tess2020351194500-s0033-0000000350561161-0203-s_lc.fits
232133716,33,tess2020351194500-s0033-0000000232133716-0203-s_lc.fits
220619698,33,tess2020351194500-s0033-0000000220619698-0203-s_lc.fits
445457130,33,tess2020351194500-s0033-0000000445457130-0203-s_lc.fits
382189542,33,tess2020351194500-s0033-0000000382189542-0203-s_lc.fits
168339312,33,tess2020351194500-s0033-0000000168339312-0203-s_lc.fits
38954437,33,tess2020351194500-s0033-0000000038954437-0203-s_lc.fits
307290964,33,tess2020351194500-s0033-0000000307290964-0203-s_lc.fits
4981051,33,tess2020351194500-s0033-0000000004981051-0203-s_lc.fits
38697411,33,tess2020351194500-s0033-0000000038697411-0203-s_lc.fits
270677029,33,tess2020351194500-s0033-0000000270677029-0203-s_lc.fits
23304932,33,tess2020351194500-s0033-0000000023304932-0203-s_lc.fits
350445762,33,tess2020351194500-s0033-0000000350445762-0203-s_lc.fits
299470001,33,tess2020351194500-s0033-0000000299470001-0203-s_lc.fits
255699108,33,tess2020351194500-s0033-0000000255699108-0203-s_lc.fits
219391064,33,tess2020351194500-s0033-0000000219391064-0203-s_lc.fits
293776823,33,tess2020351194500-s0033-0000000293776823-0203-s_lc.fits
11900639,33,tess2020351194500-s0033-0000000011900639-0203-s_lc.fits
37440464,33,tess2020351194500-s0033-0000000037440464-0203-s_lc.fits
34320151,33,tess2020351194500-s0033-0000000034320151-0203-s_lc.fits
370103351,33,tess2020351194500-s0033-0000000370103351-0203-s_lc.fits
130645531,33,tess2020351194500-s0033-0000000130645531-0203-s_lc.fits
229384836,33,tess2020351194500-s0033-0000000229384836-0203-s_lc.fits
7391156,33,tess2020351194500-s0033-0000000007391156-0203-s_lc.fits
41107892,33,tess2020351194500-s0033-0000000041107892-0203-s_lc.fits
100611237,33,tess2020351194500-s0033-0000000100611237-0203-s_lc.fits
55848072,33,tess2020351194500-s0033-0000000055848072-0203-s_lc.fits
167393911,33,tess2020351194500-s0033-0000000167393911-0203-s_lc.fits
317133707,33,tess2020351194500-s0033-0000000317133707-0203-s_lc.fits
40806371,33,tess2020351194500-s0033-0000000040806371-0203-s_lc.fits
23732922,33,tess2020351194500-s0033-0000000023732922-0203-s_lc.fits
140286693,33,tess2020351194500-s0033-0000000140286693-0203-s_lc.fits
99424742,33,tess2020351194500-s0033-0000000099424742-0203-s_lc.fits
251135220,33,tess2020351194500-s0033-0000000251135220-0203-s_lc.fits
71963580,33,tess2020351194500-s0033-0000000071963580-0203-s_lc.fits
93101428,33,tess2020351194500-s0033-0000000093101428-0203-s_lc.fits
66506571,33,tess2020351194500-s0033-0000000066506571-0203-s_lc.fits
220473495,33,tess2020351194500-s0033-0000000220473495-0203-s_lc.fits
734420265,33,tess2020351194500-s0033-0000000734420265-0203-s_lc.fits
261951153,33,tess2020351194500-s0033-0000000261951153-0203-s_lc.fits
294154928,33,tess2020351194500-s0033-0000000294154928-0203-s_lc.fits
260605206,33,tess2020351194500-s0033-0000000260605206-0203-s_lc.fits
234009668,33,tess2020351194500-s0033-0000000234009668-0203-s_lc.fits
453144504,33,tess2020351194500-s0033-0000000453144504-0203-s_lc.fits
287274370,33,tess2020351194500-s0033-0000000287274370-0203-s_lc.fits
33002391,33,tess2020351194500-s0033-0000000033002391-0203-s_lc.fits
350097543,33,tess2020351194500-s0033-0000000350097543-0203-s_lc.fits
220430530,33,tess2020351194500-s0033-0000000220430530-0203-s_lc.fits
25116119,33,tess2020351194500-s0033-0000000025116119-0203-s_lc.fits
344172592,33,tess2020351194500-s0033-0000000344172592-0203-s_lc.fits
51402181,33,tess2020351194500-s0033-0000000051402181-0203-s_lc.fits
48809961,33,tess2020351194500-s0033-0000000048809961-0203-s_lc.fits
179243599,33,tess2020351194500-s0033-0000000179243599-0203-s_lc.fits
71923451,33,tess2020351194500-s0033-0000000071923451-0203-s_lc.fits
272469224,33,tess2020351194500-s0033-0000000272469224-0203-s_lc.fits
307950720,33,tess2020351194500-s0033-0000000307950720-0203-s_lc.fits
379953042,33,tess2020351194500-s0033-0000000379953042-0203-s_lc.fits
124841643,33,tess2020351194500-s0033-0000000124841643-0203-s_lc.fits
219197061,33,tess2020351194500-s0033-0000000219197061-0203-s_lc.fits
263593908,33,tess2020351194500-s0033-0000000263593908-0203-s_lc.fits
284124227,33,tess2020351194500-s0033-0000000284124227-0203-s_lc.fits
287401176,33,tess2020351194500-s0033-0000000287401176-0203-s_lc.fits
37117064,33,tess2020351194500-s0033-0000000037117064-0203-s_lc.fits
59710513,33,tess2020351194500-s0033-0000000059710513-0203-s_lc.fits
235066737,33,tess2020351194500-s0033-0000000235066737-0203-s_lc.fits
100118141,33,tess2020351194500-s0033-0000000100118141-0203-s_lc.fits
266165517,33,tess2020351194500-s0033-0000000266165517-0203-s_lc.fits
339770659,33,tess2020351194500-s0033-0000000339770659-0203-s_lc.fits
293224419,33,tess2020351194500-s0033-0000000293224419-0203-s_lc.fits
150437932,33,tess2020351194500-s0033-0000000150437932-0203-s_lc.fits
372497198,33,tess2020351194500-s0033-0000000372497198-0203-s_lc.fits
220411489,33,tess2020351194500-s0033-0000000220411489-0203-s_lc.fits
123724617,33,tess2020351194500-s0033-0000000123724617-0203-s_lc.fits
147043033,33,tess2020351194500-s0033-0000000147043033-0203-s_lc.fits
284499617,33,tess2020351194500-s0033-0000000284499617-0203-s_lc.fits
306779230,33,tess2020351194500-s0033-0000000306779230-0203-s_lc.fits
144486394,33,tess2020351194500-s0033-0000000144486394-0203-s_lc.fits
151240892,33,tess2020351194500-s0033-0000000151240892-0203-s_lc.fits
284232312,33,tess2020351194500-s0033-0000000284232312-0203-s_lc.fits
219415565,33,tess2020351194500-s0033-0000000219415565-0203-s_lc.fits
33687795,33,tess2020351194500-s0033-0000000033687795-0203-s_lc.fits
770726864,33,tess2020351194500-s0033-0000000770726864-0203-s_lc.fits
389875310,33,tess2020351194500-s0033-0000000389875310-0203-s_lc.fits
172519292,33,tess2020351194500-s0033-0000000172519292-0203-s_lc.fits
293647753,33,tess2020351194500-s0033-0000000293647753-0203-s_lc.fits
93238728,33,tess2020351194500-s0033-0000000093238728-0203-s_lc.fits
381949124,33,tess2020351194500-s0033-0000000381949124-0203-s_lc.fits
143170910,33,tess2020351194500-s0033-0000000143170910-0203-s_lc.fits
124955785,33,tess2020351194500-s0033-0000000124955785-0203-s_lc.fits
382027988,33,tess2020351194500-s0033-0000000382027988-0203-s_lc.fits
37302698,33,tess2020351194500-s0033-0000000037302698-0203-s_lc.fits
31006009,33,tess2020351194500-s0033-0000000031006009-0203-s_lc.fits
307306244,33,tess2020351194500-s0033-0000000307306244-0203-s_lc.fits
219396737,33,tess2020351194500-s0033-0000000219396737-0203-s_lc.fits
235514995,33,tess2020351194500-s0033-0000000235514995-0203-s_lc.fits
262385958,33,tess2020351194500-s0033-0000000262385958-0203-s_lc.fits
100678988,33,tess2020351194500-s0033-0000000100678988-0203-s_lc.fits
247923021,33,tess2020351194500-s0033-0000000247923021-0203-s_lc.fits
278864424,33,tess2020351194500-s0033-0000000278864424-0203-s_lc.fits
237515636,33,tess2020351194500-s0033-0000000237515636-0203-s_lc.fits
471015268,33,tess2020351194500-s0033-0000000471015268-0203-s_lc.fits
141944488,33,tess2020351194500-s0033-0000000141944488-0203-s_lc.fits
141913487,33,tess2020351194500-s0033-0000000141913487-0203-s_lc.fits
350477992,33,tess2020351194500-s0033-0000000350477992-0203-s_lc.fits
309755236,33,tess2020351194500-s0033-0000000309755236-0203-s_lc.fits
272549148,33,tess2020351194500-s0033-0000000272549148-0203-s_lc.fits
172738098,33,tess2020351194500-s0033-0000000172738098-0203-s_lc.fits
30313036,33,tess2020351194500-s0033-0000000030313036-0203-s_lc.fits
111155730,33,tess2020351194500-s0033-0000000111155730-0203-s_lc.fits
123586622,33,tess2020351194500-s0033-0000000123586622-0203-s_lc.fits
34376992,33,tess2020351194500-s0033-0000000034376992-0203-s_lc.fits
261947841,33,tess2020351194500-s0033-0000000261947841-0203-s_lc.fits
260268105,33,tess2020351194500-s0033-0000000260268105-0203-s_lc.fits
238084614,33,tess2020351194500-s0033-0000000238084614-0203-s_lc.fits
337265435,33,tess2020351194500-s0033-0000000337265435-0203-s_lc.fits
99929965,33,tess2020351194500-s0033-0000000099929965-0203-s_lc.fits
340459410,33,tess2020351194500-s0033-0000000340459410-0203-s_lc.fits
279248550,33,tess2020351194500-s0033-0000000279248550-0203-s_lc.fits
767971207,33,tess2020351194500-s0033-0000000767971207-0203-s_lc.fits
219411257,33,tess2020351194500-s0033-0000000219411257-0203-s_lc.fits
140687214,33,tess2020351194500-s0033-0000000140687214-0203-s_lc.fits
93277190,33,tess2020351194500-s0033-0000000093277190-0203-s_lc.fits
437984134,33,tess2020351194500-s0033-0000000437984134-0203-s_lc.fits
220415843,33,tess2020351194500-s0033-0000000220415843-0203-s_lc.fits
350345682,33,tess2020351194500-s0033-0000000350345682-0203-s_lc.fits
124940496,33,tess2020351194500-s0033-0000000124940496-0203-s_lc.fits
100205088,33,tess2020351194500-s0033-0000000100205088-0203-s_lc.fits
766924490,33,tess2020351194500-s0033-0000000766924490-0203-s_lc.fits
229268926,33,tess2020351194500-s0033-0000000229268926-0203-s_lc.fits
63806205,33,tess2020351194500-s0033-0000000063806205-0203-s_lc.fits
349571256,33,tess2020351194500-s0033-0000000349571256-0203-s_lc.fits
172839707,33,tess2020351194500-s0033-0000000172839707-0203-s_lc.fits
235269503,33,tess2020351194500-s0033-0000000235269503-0203-s_lc.fits
301776539,33,tess2020351194500-s0033-0000000301776539-0203-s_lc.fits
141126397,33,tess2020351194500-s0033-0000000141126397-0203-s_lc.fits
49379766,33,tess2020351194500-s0033-0000000049379766-0203-s_lc.fits
143093935,33,tess2020351194500-s0033-0000000143093935-0203-s_lc.fits
206894597,33,tess2020351194500-s0033-0000000206894597-0203-s_lc.fits
38422961,33,tess2020351194500-s0033-0000000038422961-0203-s_lc.fits
393386173,33,tess2020351194500-s0033-0000000393386173-0203-s_lc.fits
268372721,33,tess2020351194500-s0033-0000000268372721-0203-s_lc.fits
350520323,33,tess2020351194500-s0033-0000000350520323-0203-s_lc.fits
261397043,33,tess2020351194500-s0033-0000000261397043-0203-s_lc.fits
33718168,33,tess2020351194500-s0033-0000000033718168-0203-s_lc.fits
300160320,33,tess2020351194500-s0033-0000000300160320-0203-s_lc.fits
149449888,33,tess2020351194500-s0033-0000000149449888-0203-s_lc.fits
22864020,33,tess2020351194500-s0033-0000000022864020-0203-s_lc.fits
60019241,33,tess2020351194500-s0033-0000000060019241-0203-s_lc.fits
93327607,33,tess2020351194500-s0033-0000000093327607-0203-s_lc.fits
349152140,33,tess2020351194500-s0033-0000000349152140-0203-s_lc.fits
149253686,33,tess2020351194500-s0033-0000000149253686-0203-s_lc.fits
41530565,33,tess2020351194500-s0033-0000000041530565-0203-s_lc.fits
39668907,33,tess2020351194500-s0033-0000000039668907-0203-s_lc.fits
100610428,33,tess2020351194500-s0033-0000000100610428-0203-s_lc.fits
270809562,33,tess2020351194500-s0033-0000000270809562-0203-s_lc.fits
219428072,33,tess2020351194500-s0033-0000000219428072-0203-s_lc.fits
151585429,33,tess2020351194500-s0033-0000000151585429-0203-s_lc.fits
30719871,33,tess2020351194500-s0033-0000000030719871-0203-s_lc.fits
350862394,33,tess2020351194500-s0033-0000000350862394-0203-s_lc.fits
93240804,33,tess2020351194500-s0033-0000000093240804-0203-s_lc.fits
97867332,33,tess2020351194500-s0033-0000000097867332-0203-s_lc.fits
293654118,33,tess2020351194500-s0033-0000000293654118-0203-s_lc.fits
752036563,33,tess2020351194500-s0033-0000000752036563-0203-s_lc.fits
403731861,33,tess2020351194500-s0033-0000000403731861-0203-s_lc.fits
260542038,33,tess2020351194500-s0033-0000000260542038-0203-s_lc.fits
49253770,33,tess2020351194500-s0033-0000000049253770-0203-s_lc.fits
349576089,33,tess2020351194500-s0033-0000000349576089-0203-s_lc.fits
220291664,33,tess2020351194500-s0033-0000000220291664-0203-s_lc.fits
443309756,33,tess2020351194500-s0033-0000000443309756-0203-s_lc.fits
23035693,33,tess2020351194500-s0033-0000000023035693-0203-s_lc.fits
177519839,33,tess2020351194500-s0033-0000000177519839-0203-s_lc.fits
381979182,33,tess2020351194500-s0033-0000000381979182-0203-s_lc.fits
292843785,33,tess2020351194500-s0033-0000000292843785-0203-s_lc.fits
237808867,33,tess2020351194500-s0033-0000000237808867-0203-s_lc.fits
156710788,33,tess2020351194500-s0033-0000000156710788-0203-s_lc.fits
291198711,33,tess2020351194500-s0033-0000000291198711-0203-s_lc.fits
293390433,33,tess2020351194500-s0033-0000000293390433-0203-s_lc.fits
260709448,33,tess2020351194500-s0033-0000000260709448-0203-s_lc.fits
279213135,33,tess2020351194500-s0033-0000000279213135-0203-s_lc.fits
443159234,33,tess2020351194500-s0033-0000000443159234-0203-s_lc.fits
260266066,33,tess2020351194500-s0033-0000000260266066-0203-s_lc.fits
207016196,33,tess2020351194500-s0033-0000000207016196-0203-s_lc.fits
294754816,33,tess2020351194500-s0033-0000000294754816-0203-s_lc.fits
294205605,33,tess2020351194500-s0033-0000000294205605-0203-s_lc.fits
408930399,33,tess2020351194500-s0033-0000000408930399-0203-s_lc.fits
713454950,33,tess2020351194500-s0033-0000000713454950-0203-s_lc.fits
158734346,33,tess2020351194500-s0033-0000000158734346-0203-s_lc.fits
291207375,33,tess2020351194500-s0033-0000000291207375-0203-s_lc.fits
167756814,33,tess2020351194500-s0033-0000000167756814-0203-s_lc.fits
148130146,33,tess2020351194500-s0033-0000000148130146-0203-s_lc.fits
37198631,33,tess2020351194500-s0033-0000000037198631-0203-s_lc.fits
281717549,33,tess2020351194500-s0033-0000000281717549-0203-s_lc.fits
172621861,33,tess2020351194500-s0033-0000000172621861-0203-s_lc.fits
98540149,33,tess2020351194500-s0033-0000000098540149-0203-s_lc.fits
148979814,33,tess2020351194500-s0033-0000000148979814-0203-s_lc.fits
238069601,33,tess2020351194500-s0033-0000000238069601-0203-s_lc.fits
282085362,33,tess2020351194500-s0033-0000000282085362-0203-s_lc.fits
437946961,33,tess2020351194500-s0033-0000000437946961-0203-s_lc.fits
262206391,33,tess2020351194500-s0033-0000000262206391-0203-s_lc.fits
140384518,33,tess2020351194500-s0033-0000000140384518-0203-s_lc.fits
130258931,33,tess2020351194500-s0033-0000000130258931-0203-s_lc.fits
78895698,33,tess2020351194500-s0033-0000000078895698-0203-s_lc.fits
306508659,33,tess2020351194500-s0033-0000000306508659-0203-s_lc.fits
453097891,33,tess2020351194500-s0033-0000000453097891-0203-s_lc.fits
123897347,33,tess2020351194500-s0033-0000000123897347-0203-s_lc.fits
141708546,33,tess2020351194500-s0033-0000000141708546-0203-s_lc.fits
93123542,33,tess2020351194500-s0033-0000000093123542-0203-s_lc.fits
391890749,33,tess2020351194500-s0033-0000000391890749-0203-s_lc.fits
53076695,33,tess2020351194500-s0033-0000000053076695-0203-s_lc.fits
319152335,33,tess2020351194500-s0033-0000000319152335-0203-s_lc.fits
38583513,33,tess2020351194500-s0033-0000000038583513-0203-s_lc.fits
281618405,33,tess2020351194500-s0033-0000000281618405-0203-s_lc.fits
177652645,33,tess2020351194500-s0033-0000000177652645-0203-s_lc.fits
59898244,33,tess2020351194500-s0033-0000000059898244-0203-s_lc.fits
247920337,33,tess2020351194500-s0033-0000000247920337-0203-s_lc.fits
349054977,33,tess2020351194500-s0033-0000000349054977-0203-s_lc.fits
42763677,33,tess2020351194500-s0033-0000000042763677-0203-s_lc.fits
376942297,33,tess2020351194500-s0033-0000000376942297-0203-s_lc.fits
157244282,33,tess2020351194500-s0033-0000000157244282-0203-s_lc.fits
307727958,33,tess2020351194500-s0033-0000000307727958-0203-s_lc.fits
238005820,33,tess2020351194500-s0033-0000000238005820-0203-s_lc.fits
277022967,33,tess2020351194500-s0033-0000000277022967-0203-s_lc.fits
155309851,33,tess2020351194500-s0033-0000000155309851-0203-s_lc.fits
130336800,33,tess2020351194500-s0033-0000000130336800-0203-s_lc.fits
33091791,33,tess2020351194500-s0033-0000000033091791-0203-s_lc.fits
177309964,33,tess2020351194500-s0033-0000000177309964-0203-s_lc.fits
160306199,33,tess2020351194500-s0033-0000000160306199-0203-s_lc.fits
151584708,33,tess2020351194500-s0033-0000000151584708-0203-s_lc.fits
157115121,33,tess2020351194500-s0033-0000000157115121-0203-s_lc.fits
344085191,33,tess2020351194500-s0033-0000000344085191-0203-s_lc.fits
391924000,33,tess2020351194500-s0033-0000000391924000-0203-s_lc.fits
445452591,33,tess2020351194500-s0033-0000000445452591-0203-s_lc.fits
247960522,33,tess2020351194500-s0033-0000000247960522-0203-s_lc.fits
22729204,33,tess2020351194500-s0033-0000000022729204-0203-s_lc.fits
97855472,33,tess2020351194500-s0033-0000000097855472-0203-s_lc.fits
235052767,33,tess2020351194500-s0033-0000000235052767-0203-s_lc.fits
39584562,33,tess2020351194500-s0033-0000000039584562-0203-s_lc.fits
220398107,33,tess2020351194500-s0033-0000000220398107-0203-s_lc.fits
281634018,33,tess2020351194500-s0033-0000000281634018-0203-s_lc.fits
39839127,33,tess2020351194500-s0033-0000000039839127-0203-s_lc.fits
66339726,33,tess2020351194500-s0033-0000000066339726-0203-s_lc.fits
31961121,33,tess2020351194500-s0033-0000000031961121-0203-s_lc.fits
177132175,33,tess2020351194500-s0033-0000000177132175-0203-s_lc.fits
255682524,33,tess2020351194500-s0033-0000000255682524-0203-s_lc.fits
389570196,33,tess2020351194500-s0033-0000000389570196-0203-s_lc.fits
434297349,33,tess2020351194500-s0033-0000000434297349-0203-s_lc.fits
55501264,33,tess2020351194500-s0033-0000000055501264-0203-s_lc.fits
30113337,33,tess2020351194500-s0033-0000000030113337-0203-s_lc.fits
294097225,33,tess2020351194500-s0033-0000000294097225-0203-s_lc.fits
231733039,33,tess2020351194500-s0033-0000000231733039-0203-s_lc.fits
177449940,33,tess2020351194500-s0033-0000000177449940-0203-s_lc.fits
388180971,33,tess2020351194500-s0033-0000000388180971-0203-s_lc.fits
35582553,33,tess2020351194500-s0033-0000000035582553-0203-s_lc.fits
98803932,33,tess2020351194500-s0033-0000000098803932-0203-s_lc.fits
48811088,33,tess2020351194500-s0033-0000000048811088-0203-s_lc.fits
300557410,33,tess2020351194500-s0033-0000000300557410-0203-s_lc.fits
147943098,33,tess2020351194500-s0033-0000000147943098-0203-s_lc.fits
260130483,33,tess2020351194500-s0033-0000000260130483-0203-s_lc.fits
350862618,33,tess2020351194500-s0033-0000000350862618-0203-s_lc.fits
25155652,33,tess2020351194500-s0033-0000000025155652-0203-s_lc.fits
141708147,33,tess2020351194500-s0033-0000000141708147-0203-s_lc.fits
388131027,33,tess2020351194500-s0033-0000000388131027-0203-s_lc.fits
266005979,33,tess2020351194500-s0033-0000000266005979-0203-s_lc.fits
358546149,33,tess2020351194500-s0033-0000000358546149-0203-s_lc.fits
156888379,33,tess2020351194500-s0033-0000000156888379-0203-s_lc.fits
66531309,33,tess2020351194500-s0033-0000000066531309-0203-s_lc.fits
36360099,33,tess2020351194500-s0033-0000000036360099-0203-s_lc.fits
375058335,33,tess2020351194500-s0033-0000000375058335-0203-s_lc.fits
134194753,33,tess2020351194500-s0033-0000000134194753-0203-s_lc.fits
53242875,33,tess2020351194500-s0033-0000000053242875-0203-s_lc.fits
271596418,33,tess2020351194500-s0033-0000000271596418-0203-s_lc.fits
37356825,33,tess2020351194500-s0033-0000000037356825-0203-s_lc.fits
207245081,33,tess2020351194500-s0033-0000000207245081-0203-s_lc.fits
382032874,33,tess2020351194500-s0033-0000000382032874-0203-s_lc.fits
271972463,33,tess2020351194500-s0033-0000000271972463-0203-s_lc.fits
264697668,33,tess2020351194500-s0033-0000000264697668-0203-s_lc.fits
64203116,33,tess2020351194500-s0033-0000000064203116-0203-s_lc.fits
59708702,33,tess2020351194500-s0033-0000000059708702-0203-s_lc.fits
346487395,33,tess2020351194500-s0033-0000000346487395-0203-s_lc.fits
303905684,33,tess2020351194500-s0033-0000000303905684-0203-s_lc.fits
65900170,33,tess2020351194500-s0033-0000000065900170-0203-s_lc.fits
238202466,33,tess2020351194500-s0033-0000000238202466-0203-s_lc.fits
178482060,33,tess2020351194500-s0033-0000000178482060-0203-s_lc.fits
31472565,33,tess2020351194500-s0033-0000000031472565-0203-s_lc.fits
262443519,33,tess2020351194500-s0033-0000000262443519-0203-s_lc.fits
64061636,33,tess2020351194500-s0033-0000000064061636-0203-s_lc.fits
408905688,33,tess2020351194500-s0033-0000000408905688-0203-s_lc.fits
220425442,33,tess2020351194500-s0033-0000000220425442-0203-s_lc.fits
278779561,33,tess2020351194500-s0033-0000000278779561-0203-s_lc.fits
141805074,33,tess2020351194500-s0033-0000000141805074-0203-s_lc.fits
31181554,33,tess2020351194500-s0033-0000000031181554-0203-s_lc.fits
37604754,33,tess2020351194500-s0033-0000000037604754-0203-s_lc.fits
141544766,33,tess2020351194500-s0033-0000000141544766-0203-s_lc.fits
167698719,33,tess2020351194500-s0033-0000000167698719-0203-s_lc.fits
156564593,33,tess2020351194500-s0033-0000000156564593-0203-s_lc.fits
241920860,33,tess2020351194500-s0033-0000000241920860-0203-s_lc.fits
5053500,33,tess2020351194500-s0033-0000000005053500-0203-s_lc.fits
206797174,33,tess2020351194500-s0033-0000000206797174-0203-s_lc.fits
272284732,33,tess2020351194500-s0033-0000000272284732-0203-s_lc.fits
282507371,33,tess2020351194500-s0033-0000000282507371-0203-s_lc.fits
301180002,33,tess2020351194500-s0033-0000000301180002-0203-s_lc.fits
307017822,33,tess2020351194500-s0033-0000000307017822-0203-s_lc.fits
373985178,33,tess2020351194500-s0033-0000000373985178-0203-s_lc.fits
349093351,33,tess2020351194500-s0033-0000000349093351-0203-s_lc.fits
300159765,33,tess2020351194500-s0033-0000000300159765-0203-s_lc.fits
349681964,33,tess2020351194500-s0033-0000000349681964-0203-s_lc.fits
78484855,33,tess2020351194500-s0033-0000000078484855-0203-s_lc.fits
72550187,33,tess2020351194500-s0033-0000000072550187-0203-s_lc.fits
443213587,33,tess2020351194500-s0033-0000000443213587-0203-s_lc.fits
264316053,33,tess2020351194500-s0033-0000000264316053-0203-s_lc.fits
24450633,33,tess2020351194500-s0033-0000000024450633-0203-s_lc.fits
299285464,33,tess2020351194500-s0033-0000000299285464-0203-s_lc.fits
340216978,33,tess2020351194500-s0033-0000000340216978-0203-s_lc.fits
374910736,33,tess2020351194500-s0033-0000000374910736-0203-s_lc.fits
64360119,33,tess2020351194500-s0033-0000000064360119-0203-s_lc.fits
238063079,33,tess2020351194500-s0033-0000000238063079-0203-s_lc.fits
93099084,33,tess2020351194500-s0033-0000000093099084-0203-s_lc.fits
251132306,33,tess2020351194500-s0033-0000000251132306-0203-s_lc.fits
232280097,33,tess2020351194500-s0033-0000000232280097-0203-s_lc.fits
263300036,33,tess2020351194500-s0033-0000000263300036-0203-s_lc.fits
438122862,33,tess2020351194500-s0033-0000000438122862-0203-s_lc.fits
52640302,33,tess2020351194500-s0033-0000000052640302-0203-s_lc.fits
66653445,33,tess2020351194500-s0033-0000000066653445-0203-s_lc.fits
167747937,33,tess2020351194500-s0033-0000000167747937-0203-s_lc.fits
170277320,33,tess2020351194500-s0033-0000000170277320-0203-s_lc.fits
124949075,33,tess2020351194500-s0033-0000000124949075-0203-s_lc.fits
37115318,33,tess2020351194500-s0033-0000000037115318-0203-s_lc.fits
55780996,33,tess2020351194500-s0033-0000000055780996-0203-s_lc.fits
23625341,33,tess2020351194500-s0033-0000000023625341-0203-s_lc.fits
100388790,33,tess2020351194500-s0033-0000000100388790-0203-s_lc.fits
219376385,33,tess2020351194500-s0033-0000000219376385-0203-s_lc.fits
71919962,33,tess2020351194500-s0033-0000000071919962-0203-s_lc.fits
34378057,33,tess2020351194500-s0033-0000000034378057-0203-s_lc.fits
124239047,33,tess2020351194500-s0033-0000000124239047-0203-s_lc.fits
97566722,33,tess2020351194500-s0033-0000000097566722-0203-s_lc.fits
348898049,33,tess2020351194500-s0033-0000000348898049-0203-s_lc.fits
438297390,33,tess2020351194500-s0033-0000000438297390-0203-s_lc.fits
142146835,33,tess2020351194500-s0033-0000000142146835-0203-s_lc.fits
192789761,33,tess2020351194500-s0033-0000000192789761-0203-s_lc.fits
37203065,33,tess2020351194500-s0033-0000000037203065-0203-s_lc.fits
306829961,33,tess2020351194500-s0033-0000000306829961-0203-s_lc.fits
144516963,33,tess2020351194500-s0033-0000000144516963-0203-s_lc.fits
35291099,33,tess2020351194500-s0033-0000000035291099-0203-s_lc.fits
250574634,33,tess2020351194500-s0033-0000000250574634-0203-s_lc.fits
358174909,33,tess2020351194500-s0033-0000000358174909-0203-s_lc.fits
156885653,33,tess2020351194500-s0033-0000000156885653-0203-s_lc.fits
167334708,33,tess2020351194500-s0033-0000000167334708-0203-s_lc.fits
219156323,33,tess2020351194500-s0033-0000000219156323-0203-s_lc.fits
277025286,33,tess2020351194500-s0033-0000000277025286-0203-s_lc.fits
290880212,33,tess2020351194500-s0033-0000000290880212-0203-s_lc.fits
97708390,33,tess2020351194500-s0033-0000000097708390-0203-s_lc.fits
307174113,33,tess2020351194500-s0033-0000000307174113-0203-s_lc.fits
282636876,33,tess2020351194500-s0033-0000000282636876-0203-s_lc.fits
63582604,33,tess2020351194500-s0033-0000000063582604-0203-s_lc.fits
382158499,33,tess2020351194500-s0033-0000000382158499-0203-s_lc.fits
300868398,33,tess2020351194500-s0033-0000000300868398-0203-s_lc.fits
738179246,33,tess2020351194500-s0033-0000000738179246-0203-s_lc.fits
354555890,33,tess2020351194500-s0033-0000000354555890-0203-s_lc.fits
173035406,33,tess2020351194500-s0033-0000000173035406-0203-s_lc.fits
149601263,33,tess2020351194500-s0033-0000000149601263-0203-s_lc.fits
47515508,33,tess2020351194500-s0033-0000000047515508-0203-s_lc.fits
176453953,33,tess2020351194500-s0033-0000000176453953-0203-s_lc.fits
120262652,33,tess2020351194500-s0033-0000000120262652-0203-s_lc.fits
49013411,33,tess2020351194500-s0033-0000000049013411-0203-s_lc.fits
350443738,33,tess2020351194500-s0033-0000000350443738-0203-s_lc.fits
237595208,33,tess2020351194500-s0033-0000000237595208-0203-s_lc.fits
300557107,33,tess2020351194500-s0033-0000000300557107-0203-s_lc.fits
173077547,33,tess2020351194500-s0033-0000000173077547-0203-s_lc.fits
294923253,33,tess2020351194500-s0033-0000000294923253-0203-s_lc.fits
232048109,33,tess2020351194500-s0033-0000000232048109-0203-s_lc.fits
219414678,33,tess2020351194500-s0033-0000000219414678-0203-s_lc.fits
119521550,33,tess2020351194500-s0033-0000000119521550-0203-s_lc.fits
306334783,33,tess2020351194500-s0033-0000000306334783-0203-s_lc.fits
299464583,33,tess2020351194500-s0033-0000000299464583-0203-s_lc.fits
744758387,33,tess2020351194500-s0033-0000000744758387-0203-s_lc.fits
388129392,33,tess2020351194500-s0033-0000000388129392-0203-s_lc.fits
149346163,33,tess2020351194500-s0033-0000000149346163-0203-s_lc.fits
48595489,33,tess2020351194500-s0033-0000000048595489-0203-s_lc.fits
711650218,33,tess2020351194500-s0033-0000000711650218-0203-s_lc.fits
272319474,33,tess2020351194500-s0033-0000000272319474-0203-s_lc.fits
71789061,33,tess2020351194500-s0033-0000000071789061-0203-s_lc.fits
71680963,33,tess2020351194500-s0033-0000000071680963-0203-s_lc.fits
220616055,33,tess2020351194500-s0033-0000000220616055-0203-s_lc.fits
387224857,33,tess2020351194500-s0033-0000000387224857-0203-s_lc.fits
219145393,33,tess2020351194500-s0033-0000000219145393-0203-s_lc.fits
294269932,33,tess2020351194500-s0033-0000000294269932-0203-s_lc.fits
96740970,33,tess2020351194500-s0033-0000000096740970-0203-s_lc.fits
167089959,33,tess2020351194500-s0033-0000000167089959-0203-s_lc.fits
156885197,33,tess2020351194500-s0033-0000000156885197-0203-s_lc.fits
251164661,33,tess2020351194500-s0033-0000000251164661-0203-s_lc.fits
157039453,33,tess2020351194500-s0033-0000000157039453-0203-s_lc.fits
317955461,33,tess2020351194500-s0033-0000000317955461-0203-s_lc.fits
309616407,33,tess2020351194500-s0033-0000000309616407-0203-s_lc.fits
278991665,33,tess2020351194500-s0033-0000000278991665-0203-s_lc.fits
206700379,33,tess2020351194500-s0033-0000000206700379-0203-s_lc.fits
229198798,33,tess2020351194500-s0033-0000000229198798-0203-s_lc.fits
354517628,33,tess2020351194500-s0033-0000000354517628-0203-s_lc.fits
234720622,33,tess2020351194500-s0033-0000000234720622-0203-s_lc.fits
290988194,33,tess2020351194500-s0033-0000000290988194-0203-s_lc.fits
98482738,33,tess2020351194500-s0033-0000000098482738-0203-s_lc.fits
220401858,33,tess2020351194500-s0033-0000000220401858-0203-s_lc.fits
97808058,33,tess2020351194500-s0033-0000000097808058-0203-s_lc.fits
150191258,33,tess2020351194500-s0033-0000000150191258-0203-s_lc.fits
350345733,33,tess2020351194500-s0033-0000000350345733-0203-s_lc.fits
100759615,33,tess2020351194500-s0033-0000000100759615-0203-s_lc.fits
461706856,33,tess2020351194500-s0033-0000000461706856-0203-s_lc.fits
293973445,33,tess2020351194500-s0033-0000000293973445-0203-s_lc.fits
140605737,33,tess2020351194500-s0033-0000000140605737-0203-s_lc.fits
344025455,33,tess2020351194500-s0033-0000000344025455-0203-s_lc.fits
201428507,33,tess2020351194500-s0033-0000000201428507-0203-s_lc.fits
93417369,33,tess2020351194500-s0033-0000000093417369-0203-s_lc.fits
201422668,33,tess2020351194500-s0033-0000000201422668-0203-s_lc.fits
125638997,33,tess2020351194500-s0033-0000000125638997-0203-s_lc.fits
80574282,33,tess2020351194500-s0033-0000000080574282-0203-s_lc.fits
350657135,33,tess2020351194500-s0033-0000000350657135-0203-s_lc.fits
33100750,33,tess2020351194500-s0033-0000000033100750-0203-s_lc.fits
53457588,33,tess2020351194500-s0033-0000000053457588-0203-s_lc.fits
237498588,33,tess2020351194500-s0033-0000000237498588-0203-s_lc.fits
339958902,33,tess2020351194500-s0033-0000000339958902-0203-s_lc.fits
382265883,33,tess2020351194500-s0033-0000000382265883-0203-s_lc.fits
32703007,33,tess2020351194500-s0033-0000000032703007-0203-s_lc.fits
91606450,33,tess2020351194500-s0033-0000000091606450-0203-s_lc.fits
117667248,33,tess2020351194500-s0033-0000000117667248-0203-s_lc.fits
142086813,33,tess2020351194500-s0033-0000000142086813-0203-s_lc.fits
262025641,33,tess2020351194500-s0033-0000000262025641-0203-s_lc.fits
220457103,33,tess2020351194500-s0033-0000000220457103-0203-s_lc.fits
372494875,33,tess2020351194500-s0033-0000000372494875-0203-s_lc.fits
177284591,33,tess2020351194500-s0033-0000000177284591-0203-s_lc.fits
294205275,33,tess2020351194500-s0033-0000000294205275-0203-s_lc.fits
220322383,33,tess2020351194500-s0033-0000000220322383-0203-s_lc.fits
41591536,33,tess2020351194500-s0033-0000000041591536-0203-s_lc.fits
389365531,33,tess2020351194500-s0033-0000000389365531-0203-s_lc.fits
262541747,33,tess2020351194500-s0033-0000000262541747-0203-s_lc.fits
42233969,33,tess2020351194500-s0033-0000000042233969-0203-s_lc.fits
117668446,33,tess2020351194500-s0033-0000000117668446-0203-s_lc.fits
339729744,33,tess2020351194500-s0033-0000000339729744-0203-s_lc.fits
149272506,33,tess2020351194500-s0033-0000000149272506-0203-s_lc.fits
179369970,33,tess2020351194500-s0033-0000000179369970-0203-s_lc.fits
219180568,33,tess2020351194500-s0033-0000000219180568-0203-s_lc.fits
149572723,33,tess2020351194500-s0033-0000000149572723-0203-s_lc.fits
237854623,33,tess2020351194500-s0033-0000000237854623-0203-s_lc.fits
38572209,33,tess2020351194500-s0033-0000000038572209-0203-s_lc.fits
50993470,33,tess2020351194500-s0033-0000000050993470-0203-s_lc.fits
97359765,33,tess2020351194500-s0033-0000000097359765-0203-s_lc.fits
350092592,33,tess2020351194500-s0033-0000000350092592-0203-s_lc.fits
157460758,33,tess2020351194500-s0033-0000000157460758-0203-s_lc.fits
238086647,33,tess2020351194500-s0033-0000000238086647-0203-s_lc.fits
280638056,33,tess2020351194500-s0033-0000000280638056-0203-s_lc.fits
382102385,33,tess2020351194500-s0033-0000000382102385-0203-s_lc.fits
291331683,33,tess2020351194500-s0033-0000000291331683-0203-s_lc.fits
167969925,33,tess2020351194500-s0033-0000000167969925-0203-s_lc.fits
260368982,33,tess2020351194500-s0033-0000000260368982-0203-s_lc.fits
255632692,33,tess2020351194500-s0033-0000000255632692-0203-s_lc.fits
278725797,33,tess2020351194500-s0033-0000000278725797-0203-s_lc.fits
457062183,33,tess2020351194500-s0033-0000000457062183-0203-s_lc.fits
306576060,33,tess2020351194500-s0033-0000000306576060-0203-s_lc.fits
339891888,33,tess2020351194500-s0033-0000000339891888-0203-s_lc.fits
170400314,33,tess2020351194500-s0033-0000000170400314-0203-s_lc.fits
220392381,33,tess2020351194500-s0033-0000000220392381-0203-s_lc.fits
55652896,33,tess2020351194500-s0033-0000000055652896-0203-s_lc.fits
38572041,33,tess2020351194500-s0033-0000000038572041-0203-s_lc.fits
157003013,33,tess2020351194500-s0033-0000000157003013-0203-s_lc.fits
307297481,33,tess2020351194500-s0033-0000000307297481-0203-s_lc.fits
21505247,33,tess2020351194500-s0033-0000000021505247-0203-s_lc.fits
393269705,33,tess2020351194500-s0033-0000000393269705-0203-s_lc.fits
438524760,33,tess2020351194500-s0033-0000000438524760-0203-s_lc.fits
52454620,33,tess2020351194500-s0033-0000000052454620-0203-s_lc.fits
151244503,33,tess2020351194500-s0033-0000000151244503-0203-s_lc.fits
270573412,33,tess2020351194500-s0033-0000000270573412-0203-s_lc.fits
299741661,33,tess2020351194500-s0033-0000000299741661-0203-s_lc.fits
33041526,33,tess2020351194500-s0033-0000000033041526-0203-s_lc.fits
350334901,33,tess2020351194500-s0033-0000000350334901-0203-s_lc.fits
201960635,33,tess2020351194500-s0033-0000000201960635-0203-s_lc.fits
229177351,33,tess2020351194500-s0033-0000000229177351-0203-s_lc.fits
97587067,33,tess2020351194500-s0033-0000000097587067-0203-s_lc.fits
220395316,33,tess2020351194500-s0033-0000000220395316-0203-s_lc.fits
340005169,33,tess2020351194500-s0033-0000000340005169-0203-s_lc.fits
156989619,33,tess2020351194500-s0033-0000000156989619-0203-s_lc.fits
91863450,33,tess2020351194500-s0033-0000000091863450-0203-s_lc.fits
72217452,33,tess2020351194500-s0033-0000000072217452-0203-s_lc.fits
167813647,33,tess2020351194500-s0033-0000000167813647-0203-s_lc.fits
202146322,33,tess2020351194500-s0033-0000000202146322-0203-s_lc.fits
22735035,33,tess2020351194500-s0033-0000000022735035-0203-s_lc.fits
282199917,33,tess2020351194500-s0033-0000000282199917-0203-s_lc.fits
261827862,33,tess2020351194500-s0033-0000000261827862-0203-s_lc.fits
805070159,33,tess2020351194500-s0033-0000000805070159-0203-s_lc.fits
32759546,33,tess2020351194500-s0033-0000000032759546-0203-s_lc.fits
71727405,33,tess2020351194500-s0033-0000000071727405-0203-s_lc.fits
66688846,33,tess2020351194500-s0033-0000000066688846-0203-s_lc.fits
147774256,33,tess2020351194500-s0033-0000000147774256-0203-s_lc.fits
300031508,33,tess2020351194500-s0033-0000000300031508-0203-s_lc.fits
271811342,33,tess2020351194500-s0033-0000000271811342-0203-s_lc.fits
148886317,33,tess2020351194500-s0033-0000000148886317-0203-s_lc.fits
38587180,33,tess2020351194500-s0033-0000000038587180-0203-s_lc.fits
192848174,33,tess2020351194500-s0033-0000000192848174-0203-s_lc.fits
276789915,33,tess2020351194500-s0033-0000000276789915-0203-s_lc.fits
95052863,33,tess2020351194500-s0033-0000000095052863-0203-s_lc.fits
220432563,33,tess2020351194500-s0033-0000000220432563-0203-s_lc.fits
381924293,33,tess2020351194500-s0033-0000000381924293-0203-s_lc.fits
264001335,33,tess2020351194500-s0033-0000000264001335-0203-s_lc.fits
206946018,33,tess2020351194500-s0033-0000000206946018-0203-s_lc.fits
201426028,33,tess2020351194500-s0033-0000000201426028-0203-s_lc.fits
277103567,33,tess2020351194500-s0033-0000000277103567-0203-s_lc.fits
300086410,33,tess2020351194500-s0033-0000000300086410-0203-s_lc.fits
79214912,33,tess2020351194500-s0033-0000000079214912-0203-s_lc.fits
153121771,33,tess2020351194500-s0033-0000000153121771-0203-s_lc.fits
220475994,33,tess2020351194500-s0033-0000000220475994-0203-s_lc.fits
33834484,33,tess2020351194500-s0033-0000000033834484-0203-s_lc.fits
55746724,33,tess2020351194500-s0033-0000000055746724-0203-s_lc.fits
10069243,33,tess2020351194500-s0033-0000000010069243-0203-s_lc.fits
170403774,33,tess2020351194500-s0033-0000000170403774-0203-s_lc.fits
220404759,33,tess2020351194500-s0033-0000000220404759-0203-s_lc.fits
339891905,33,tess2020351194500-s0033-0000000339891905-0203-s_lc.fits
350443417,33,tess2020351194500-s0033-0000000350443417-0203-s_lc.fits
96522055,33,tess2020351194500-s0033-0000000096522055-0203-s_lc.fits
279246393,33,tess2020351194500-s0033-0000000279246393-0203-s_lc.fits
150393191,33,tess2020351194500-s0033-0000000150393191-0203-s_lc.fits
33877534,33,tess2020351194500-s0033-0000000033877534-0203-s_lc.fits
282511570,33,tess2020351194500-s0033-0000000282511570-0203-s_lc.fits
290989403,33,tess2020351194500-s0033-0000000290989403-0203-s_lc.fits
33298929,33,tess2020351194500-s0033-0000000033298929-0203-s_lc.fits
151168359,33,tess2020351194500-s0033-0000000151168359-0203-s_lc.fits
320412618,33,tess2020351194500-s0033-0000000320412618-0203-s_lc.fits
20094149,33,tess2020351194500-s0033-0000000020094149-0203-s_lc.fits
743899154,33,tess2020351194500-s0033-0000000743899154-0203-s_lc.fits
255560319,33,tess2020351194500-s0033-0000000255560319-0203-s_lc.fits
231743198,33,tess2020351194500-s0033-0000000231743198-0203-s_lc.fits
156575704,33,tess2020351194500-s0033-0000000156575704-0203-s_lc.fits
317604577,33,tess2020351194500-s0033-0000000317604577-0203-s_lc.fits
453856412,33,tess2020351194500-s0033-0000000453856412-0203-s_lc.fits
30630877,33,tess2020351194500-s0033-0000000030630877-0203-s_lc.fits
290716821,33,tess2020351194500-s0033-0000000290716821-0203-s_lc.fits
179204591,33,tess2020351194500-s0033-0000000179204591-0203-s_lc.fits
220041528,33,tess2020351194500-s0033-0000000220041528-0203-s_lc.fits
255633817,33,tess2020351194500-s0033-0000000255633817-0203-s_lc.fits
287298669,33,tess2020351194500-s0033-0000000287298669-0203-s_lc.fits
232133410,33,tess2020351194500-s0033-0000000232133410-0203-s_lc.fits
247879124,33,tess2020351194500-s0033-0000000247879124-0203-s_lc.fits
299884840,33,tess2020351194500-s0033-0000000299884840-0203-s_lc.fits
52001745,33,tess2020351194500-s0033-0000000052001745-0203-s_lc.fits
192927364,33,tess2020351194500-s0033-0000000192927364-0203-s_lc.fits
20206940,33,tess2020351194500-s0033-0000000020206940-0203-s_lc.fits
100666076,33,tess2020351194500-s0033-0000000100666076-0203-s_lc.fits
386531145,33,tess2020351194500-s0033-0000000386531145-0203-s_lc.fits
220456095,33,tess2020351194500-s0033-0000000220456095-0203-s_lc.fits
369680151,33,tess2020351194500-s0033-0000000369680151-0203-s_lc.fits
177282934,33,tess2020351194500-s0033-0000000177282934-0203-s_lc.fits
255639095,33,tess2020351194500-s0033-0000000255639095-0203-s_lc.fits
134549022,33,tess2020351194500-s0033-0000000134549022-0203-s_lc.fits
38571020,33,tess2020351194500-s0033-0000000038571020-0203-s_lc.fits
176876294,33,tess2020351194500-s0033-0000000176876294-0203-s_lc.fits
294306424,33,tess2020351194500-s0033-0000000294306424-0203-s_lc.fits
160379925,33,tess2020351194500-s0033-0000000160379925-0203-s_lc.fits
97698648,33,tess2020351194500-s0033-0000000097698648-0203-s_lc.fits
167752123,33,tess2020351194500-s0033-0000000167752123-0203-s_lc.fits
201424890,33,tess2020351194500-s0033-0000000201424890-0203-s_lc.fits
255684533,33,tess2020351194500-s0033-0000000255684533-0203-s_lc.fits
294395926,33,tess2020351194500-s0033-0000000294395926-0203-s_lc.fits
5097543,33,tess2020351194500-s0033-0000000005097543-0203-s_lc.fits
172233253,33,tess2020351194500-s0033-0000000172233253-0203-s_lc.fits
317714782,33,tess2020351194500-s0033-0000000317714782-0203-s_lc.fits
201467935,33,tess2020351194500-s0033-0000000201467935-0203-s_lc.fits
283088830,33,tess2020351194500-s0033-0000000283088830-0203-s_lc.fits
119520962,33,tess2020351194500-s0033-0000000119520962-0203-s_lc.fits
134171226,33,tess2020351194500-s0033-0000000134171226-0203-s_lc.fits
291460542,33,tess2020351194500-s0033-0000000291460542-0203-s_lc.fits
63483267,33,tess2020351194500-s0033-0000000063483267-0203-s_lc.fits
120448506,33,tess2020351194500-s0033-0000000120448506-0203-s_lc.fits
219404837,33,tess2020351194500-s0033-0000000219404837-0203-s_lc.fits
31782047,33,tess2020351194500-s0033-0000000031782047-0203-s_lc.fits
151361021,33,tess2020351194500-s0033-0000000151361021-0203-s_lc.fits
279429462,33,tess2020351194500-s0033-0000000279429462-0203-s_lc.fits
147851314,33,tess2020351194500-s0033-0000000147851314-0203-s_lc.fits
38571268,33,tess2020351194500-s0033-0000000038571268-0203-s_lc.fits
65803653,33,tess2020351194500-s0033-0000000065803653-0203-s_lc.fits
55604441,33,tess2020351194500-s0033-0000000055604441-0203-s_lc.fits
294396726,33,tess2020351194500-s0033-0000000294396726-0203-s_lc.fits
32813819,33,tess2020351194500-s0033-0000000032813819-0203-s_lc.fits
36221999,33,tess2020351194500-s0033-0000000036221999-0203-s_lc.fits
37387417,33,tess2020351194500-s0033-0000000037387417-0203-s_lc.fits
319433337,33,tess2020351194500-s0033-0000000319433337-0203-s_lc.fits
457062647,33,tess2020351194500-s0033-0000000457062647-0203-s_lc.fits
234007424,33,tess2020351194500-s0033-0000000234007424-0203-s_lc.fits
173078416,33,tess2020351194500-s0033-0000000173078416-0203-s_lc.fits
62972757,33,tess2020351194500-s0033-0000000062972757-0203-s_lc.fits
255699681,33,tess2020351194500-s0033-0000000255699681-0203-s_lc.fits
52819508,33,tess2020351194500-s0033-0000000052819508-0203-s_lc.fits
434397837,33,tess2020351194500-s0033-0000000434397837-0203-s_lc.fits
176582931,33,tess2020351194500-s0033-0000000176582931-0203-s_lc.fits
276793444,33,tess2020351194500-s0033-0000000276793444-0203-s_lc.fits
142106818,33,tess2020351194500-s0033-0000000142106818-0203-s_lc.fits
349190958,33,tess2020351194500-s0033-0000000349190958-0203-s_lc.fits
177120452,33,tess2020351194500-s0033-0000000177120452-0203-s_lc.fits
143141591,33,tess2020351194500-s0033-0000000143141591-0203-s_lc.fits
167527244,33,tess2020351194500-s0033-0000000167527244-0203-s_lc.fits
140288153,33,tess2020351194500-s0033-0000000140288153-0203-s_lc.fits
229209648,33,tess2020351194500-s0033-0000000229209648-0203-s_lc.fits
346490164,33,tess2020351194500-s0033-0000000346490164-0203-s_lc.fits
149935365,33,tess2020351194500-s0033-0000000149935365-0203-s_lc.fits
5194059,33,tess2020351194500-s0033-0000000005194059-0203-s_lc.fits
247918422,33,tess2020351194500-s0033-0000000247918422-0203-s_lc.fits
177126268,33,tess2020351194500-s0033-0000000177126268-0203-s_lc.fits
382045620,33,tess2020351194500-s0033-0000000382045620-0203-s_lc.fits
100778019,33,tess2020351194500-s0033-0000000100778019-0203-s_lc.fits
158734620,33,tess2020351194500-s0033-0000000158734620-0203-s_lc.fits
272317789,33,tess2020351194500-s0033-0000000272317789-0203-s_lc.fits
350584814,33,tess2020351194500-s0033-0000000350584814-0203-s_lc.fits
33549589,33,tess2020351194500-s0033-0000000033549589-0203-s_lc.fits
170208239,33,tess2020351194500-s0033-0000000170208239-0203-s_lc.fits
37438212,33,tess2020351194500-s0033-0000000037438212-0203-s_lc.fits
278684936,33,tess2020351194500-s0033-0000000278684936-0203-s_lc.fits
37437947,33,tess2020351194500-s0033-0000000037437947-0203-s_lc.fits
47499442,33,tess2020351194500-s0033-0000000047499442-0203-s_lc.fits
410868827,33,tess2020351194500-s0033-0000000410868827-0203-s_lc.fits
38843381,33,tess2020351194500-s0033-0000000038843381-0203-s_lc.fits
42766717,33,tess2020351194500-s0033-0000000042766717-0203-s_lc.fits
350954375,33,tess2020351194500-s0033-0000000350954375-0203-s_lc.fits
268699970,33,tess2020351194500-s0033-0000000268699970-0203-s_lc.fits
124709665,33,tess2020351194500-s0033-0000000124709665-0203-s_lc.fits
176957187,33,tess2020351194500-s0033-0000000176957187-0203-s_lc.fits
404968457,33,tess2020351194500-s0033-0000000404968457-0203-s_lc.fits
124127371,33,tess2020351194500-s0033-0000000124127371-0203-s_lc.fits
177033503,33,tess2020351194500-s0033-0000000177033503-0203-s_lc.fits
40716679,33,tess2020351194500-s0033-0000000040716679-0203-s_lc.fits
349271114,33,tess2020351194500-s0033-0000000349271114-0203-s_lc.fits
276936320,33,tess2020351194500-s0033-0000000276936320-0203-s_lc.fits
71629523,33,tess2020351194500-s0033-0000000071629523-0203-s_lc.fits
348998209,33,tess2020351194500-s0033-0000000348998209-0203-s_lc.fits
350765991,33,tess2020351194500-s0033-0000000350765991-0203-s_lc.fits
60040774,33,tess2020351194500-s0033-0000000060040774-0203-s_lc.fits
386488333,33,tess2020351194500-s0033-0000000386488333-0203-s_lc.fits
150249543,33,tess2020351194500-s0033-0000000150249543-0203-s_lc.fits
37602756,33,tess2020351194500-s0033-0000000037602756-0203-s_lc.fits
278822453,33,tess2020351194500-s0033-0000000278822453-0203-s_lc.fits
46641466,33,tess2020351194500-s0033-0000000046641466-0203-s_lc.fits
255640115,33,tess2020351194500-s0033-0000000255640115-0203-s_lc.fits
124086177,33,tess2020351194500-s0033-0000000124086177-0203-s_lc.fits
100609540,33,tess2020351194500-s0033-0000000100609540-0203-s_lc.fits
235165903,33,tess2020351194500-s0033-0000000235165903-0203-s_lc.fits
350182664,33,tess2020351194500-s0033-0000000350182664-0203-s_lc.fits
382266537,33,tess2020351194500-s0033-0000000382266537-0203-s_lc.fits
706254968,33,tess2020351194500-s0033-0000000706254968-0203-s_lc.fits
294327506,33,tess2020351194500-s0033-0000000294327506-0203-s_lc.fits
53688990,33,tess2020351194500-s0033-0000000053688990-0203-s_lc.fits
440792153,33,tess2020351194500-s0033-0000000440792153-0203-s_lc.fits
100658360,33,tess2020351194500-s0033-0000000100658360-0203-s_lc.fits
219389713,33,tess2020351194500-s0033-0000000219389713-0203-s_lc.fits
176474965,33,tess2020351194500-s0033-0000000176474965-0203-s_lc.fits
167717632,33,tess2020351194500-s0033-0000000167717632-0203-s_lc.fits
382159195,33,tess2020351194500-s0033-0000000382159195-0203-s_lc.fits
260368525,33,tess2020351194500-s0033-0000000260368525-0203-s_lc.fits
106616740,33,tess2020351194500-s0033-0000000106616740-0203-s_lc.fits
38024663,33,tess2020351194500-s0033-0000000038024663-0203-s_lc.fits
21447435,33,tess2020351194500-s0033-0000000021447435-0203-s_lc.fits
271890163,33,tess2020351194500-s0033-0000000271890163-0203-s_lc.fits
234716220,33,tess2020351194500-s0033-0000000234716220-0203-s_lc.fits
272316124,33,tess2020351194500-s0033-0000000272316124-0203-s_lc.fits
65549019,33,tess2020351194500-s0033-0000000065549019-0203-s_lc.fits
173079956,33,tess2020351194500-s0033-0000000173079956-0203-s_lc.fits
100607741,33,tess2020351194500-s0033-0000000100607741-0203-s_lc.fits
220454507,33,tess2020351194500-s0033-0000000220454507-0203-s_lc.fits
231453045,33,tess2020351194500-s0033-0000000231453045-0203-s_lc.fits
52172862,33,tess2020351194500-s0033-0000000052172862-0203-s_lc.fits
33474390,33,tess2020351194500-s0033-0000000033474390-0203-s_lc.fits
471015230,33,tess2020351194500-s0033-0000000471015230-0203-s_lc.fits
148335050,33,tess2020351194500-s0033-0000000148335050-0203-s_lc.fits
294981029,33,tess2020351194500-s0033-0000000294981029-0203-s_lc.fits
141770047,33,tess2020351194500-s0033-0000000141770047-0203-s_lc.fits
232226046,33,tess2020351194500-s0033-0000000232226046-0203-s_lc.fits
415592174,33,tess2020351194500-s0033-0000000415592174-0203-s_lc.fits
141097027,33,tess2020351194500-s0033-0000000141097027-0203-s_lc.fits
374859230,33,tess2020351194500-s0033-0000000374859230-0203-s_lc.fits
231824115,33,tess2020351194500-s0033-0000000231824115-0203-s_lc.fits
37079095,33,tess2020351194500-s0033-0000000037079095-0203-s_lc.fits
438225366,33,tess2020351194500-s0033-0000000438225366-0203-s_lc.fits
220042876,33,tess2020351194500-s0033-0000000220042876-0203-s_lc.fits
350295071,33,tess2020351194500-s0033-0000000350295071-0203-s_lc.fits
274315164,33,tess2020351194500-s0033-0000000274315164-0203-s_lc.fits
317131657,33,tess2020351194500-s0033-0000000317131657-0203-s_lc.fits
293270273,33,tess2020351194500-s0033-0000000293270273-0203-s_lc.fits
20060726,33,tess2020351194500-s0033-0000000020060726-0203-s_lc.fits
60242442,33,tess2020351194500-s0033-0000000060242442-0203-s_lc.fits
173086198,33,tess2020351194500-s0033-0000000173086198-0203-s_lc.fits
234704029,33,tess2020351194500-s0033-0000000234704029-0203-s_lc.fits
140574809,33,tess2020351194500-s0033-0000000140574809-0203-s_lc.fits
179208877,33,tess2020351194500-s0033-0000000179208877-0203-s_lc.fits
764536093,33,tess2020351194500-s0033-0000000764536093-0203-s_lc.fits
71677236,33,tess2020351194500-s0033-0000000071677236-0203-s_lc.fits
177537476,33,tess2020351194500-s0033-0000000177537476-0203-s_lc.fits
156712422,33,tess2020351194500-s0033-0000000156712422-0203-s_lc.fits
317872812,33,tess2020351194500-s0033-0000000317872812-0203-s_lc.fits
232414712,33,tess2020351194500-s0033-0000000232414712-0203-s_lc.fits
382043827,33,tess2020351194500-s0033-0000000382043827-0203-s_lc.fits
140281401,33,tess2020351194500-s0033-0000000140281401-0203-s_lc.fits
149306712,33,tess2020351194500-s0033-0000000149306712-0203-s_lc.fits
22865266,33,tess2020351194500-s0033-0000000022865266-0203-s_lc.fits
167334918,33,tess2020351194500-s0033-0000000167334918-0203-s_lc.fits
260415914,33,tess2020351194500-s0033-0000000260415914-0203-s_lc.fits
339773261,33,tess2020351194500-s0033-0000000339773261-0203-s_lc.fits
346434309,33,tess2020351194500-s0033-0000000346434309-0203-s_lc.fits
317017548,33,tess2020351194500-s0033-0000000317017548-0203-s_lc.fits
66652314,33,tess2020351194500-s0033-0000000066652314-0203-s_lc.fits
124690605,33,tess2020351194500-s0033-0000000124690605-0203-s_lc.fits
151628437,33,tess2020351194500-s0033-0000000151628437-0203-s_lc.fits
264693275,33,tess2020351194500-s0033-0000000264693275-0203-s_lc.fits
354555319,33,tess2020351194500-s0033-0000000354555319-0203-s_lc.fits
437886584,33,tess2020351194500-s0033-0000000437886584-0203-s_lc.fits
235396563,33,tess2020351194500-s0033-0000000235396563-0203-s_lc.fits
21626817,33,tess2020351194500-s0033-0000000021626817-0203-s_lc.fits
438071893,33,tess2020351194500-s0033-0000000438071893-0203-s_lc.fits
349647488,33,tess2020351194500-s0033-0000000349647488-0203-s_lc.fits
178676157,33,tess2020351194500-s0033-0000000178676157-0203-s_lc.fits
339635222,33,tess2020351194500-s0033-0000000339635222-0203-s_lc.fits
149423851,33,tess2020351194500-s0033-0000000149423851-0203-s_lc.fits
147704709,33,tess2020351194500-s0033-0000000147704709-0203-s_lc.fits
167754452,33,tess2020351194500-s0033-0000000167754452-0203-s_lc.fits
64608449,33,tess2020351194500-s0033-0000000064608449-0203-s_lc.fits
134470242,33,tess2020351194500-s0033-0000000134470242-0203-s_lc.fits
201430189,33,tess2020351194500-s0033-0000000201430189-0203-s_lc.fits
238197690,33,tess2020351194500-s0033-0000000238197690-0203-s_lc.fits
382147080,33,tess2020351194500-s0033-0000000382147080-0203-s_lc.fits
52972262,33,tess2020351194500-s0033-0000000052972262-0203-s_lc.fits
36343713,33,tess2020351194500-s0033-0000000036343713-0203-s_lc.fits
62004528,33,tess2020351194500-s0033-0000000062004528-0203-s_lc.fits
220473309,33,tess2020351194500-s0033-0000000220473309-0203-s_lc.fits
156931943,33,tess2020351194500-s0033-0000000156931943-0203-s_lc.fits
255756043,33,tess2020351194500-s0033-0000000255756043-0203-s_lc.fits
314828045,33,tess2020351194500-s0033-0000000314828045-0203-s_lc.fits
20297048,33,tess2020351194500-s0033-0000000020297048-0203-s_lc.fits
260537489,33,tess2020351194500-s0033-0000000260537489-0203-s_lc.fits
71513592,33,tess2020351194500-s0033-0000000071513592-0203-s_lc.fits
47592460,33,tess2020351194500-s0033-0000000047592460-0203-s_lc.fits
149988107,33,tess2020351194500-s0033-0000000149988107-0203-s_lc.fits
440797309,33,tess2020351194500-s0033-0000000440797309-0203-s_lc.fits
167338859,33,tess2020351194500-s0033-0000000167338859-0203-s_lc.fits
144517396,33,tess2020351194500-s0033-0000000144517396-0203-s_lc.fits
34590743,33,tess2020351194500-s0033-0000000034590743-0203-s_lc.fits
219205475,33,tess2020351194500-s0033-0000000219205475-0203-s_lc.fits
300867750,33,tess2020351194500-s0033-0000000300867750-0203-s_lc.fits
124809809,33,tess2020351194500-s0033-0000000124809809-0203-s_lc.fits
55297416,33,tess2020351194500-s0033-0000000055297416-0203-s_lc.fits
294869729,33,tess2020351194500-s0033-0000000294869729-0203-s_lc.fits
220622687,33,tess2020351194500-s0033-0000000220622687-0203-s_lc.fits
382148025,33,tess2020351194500-s0033-0000000382148025-0203-s_lc.fits
350480893,33,tess2020351194500-s0033-0000000350480893-0203-s_lc.fits
40278737,33,tess2020351194500-s0033-0000000040278737-0203-s_lc.fits
149059954,33,tess2020351194500-s0033-0000000149059954-0203-s_lc.fits
158938969,33,tess2020351194500-s0033-0000000158938969-0203-s_lc.fits
382068748,33,tess2020351194500-s0033-0000000382068748-0203-s_lc.fits
404965477,33,tess2020351194500-s0033-0000000404965477-0203-s_lc.fits
270677079,33,tess2020351194500-s0033-0000000270677079-0203-s_lc.fits
25081729,33,tess2020351194500-s0033-0000000025081729-0203-s_lc.fits
10829361,33,tess2020351194500-s0033-0000000010829361-0203-s_lc.fits
287496163,33,tess2020351194500-s0033-0000000287496163-0203-s_lc.fits
140337015,33,tess2020351194500-s0033-0000000140337015-0203-s_lc.fits
264413609,33,tess2020351194500-s0033-0000000264413609-0203-s_lc.fits
290783613,33,tess2020351194500-s0033-0000000290783613-0203-s_lc.fits
72168676,33,tess2020351194500-s0033-0000000072168676-0203-s_lc.fits
219418740,33,tess2020351194500-s0033-0000000219418740-0203-s_lc.fits
124690044,33,tess2020351194500-s0033-0000000124690044-0203-s_lc.fits
47856136,33,tess2020351194500-s0033-0000000047856136-0203-s_lc.fits
685221696,33,tess2020351194500-s0033-0000000685221696-0203-s_lc.fits
282271517,33,tess2020351194500-s0033-0000000282271517-0203-s_lc.fits
24821890,33,tess2020351194500-s0033-0000000024821890-0203-s_lc.fits
231803967,33,tess2020351194500-s0033-0000000231803967-0203-s_lc.fits
142606454,33,tess2020351194500-s0033-0000000142606454-0203-s_lc.fits
251114824,33,tess2020351194500-s0033-0000000251114824-0203-s_lc.fits
307293734,33,tess2020351194500-s0033-0000000307293734-0203-s_lc.fits
100777530,33,tess2020351194500-s0033-0000000100777530-0203-s_lc.fits
63050430,33,tess2020351194500-s0033-0000000063050430-0203-s_lc.fits
300970772,33,tess2020351194500-s0033-0000000300970772-0203-s_lc.fits
237957324,33,tess2020351194500-s0033-0000000237957324-0203-s_lc.fits
151409221,33,tess2020351194500-s0033-0000000151409221-0203-s_lc.fits
147977348,33,tess2020351194500-s0033-0000000147977348-0203-s_lc.fits
300286951,33,tess2020351194500-s0033-0000000300286951-0203-s_lc.fits
247923859,33,tess2020351194500-s0033-0000000247923859-0203-s_lc.fits
150029275,33,tess2020351194500-s0033-0000000150029275-0203-s_lc.fits
61748655,33,tess2020351194500-s0033-0000000061748655-0203-s_lc.fits
290876826,33,tess2020351194500-s0033-0000000290876826-0203-s_lc.fits
295405448,33,tess2020351194500-s0033-0000000295405448-0203-s_lc.fits
299620526,33,tess2020351194500-s0033-0000000299620526-0203-s_lc.fits
386275758,33,tess2020351194500-s0033-0000000386275758-0203-s_lc.fits
393294430,33,tess2020351194500-s0033-0000000393294430-0203-s_lc.fits
271890956,33,tess2020351194500-s0033-0000000271890956-0203-s_lc.fits
143169566,33,tess2020351194500-s0033-0000000143169566-0203-s_lc.fits
63428034,33,tess2020351194500-s0033-0000000063428034-0203-s_lc.fits
34078668,33,tess2020351194500-s0033-0000000034078668-0203-s_lc.fits
235150125,33,tess2020351194500-s0033-0000000235150125-0203-s_lc.fits
282381525,33,tess2020351194500-s0033-0000000282381525-0203-s_lc.fits
717078727,33,tess2020351194500-s0033-0000000717078727-0203-s_lc.fits
280117704,33,tess2020351194500-s0033-0000000280117704-0203-s_lc.fits
51830556,33,tess2020351194500-s0033-0000000051830556-0203-s_lc.fits
91865914,33,tess2020351194500-s0033-0000000091865914-0203-s_lc.fits
307019673,33,tess2020351194500-s0033-0000000307019673-0203-s_lc.fits
177287258,33,tess2020351194500-s0033-0000000177287258-0203-s_lc.fits
143122948,33,tess2020351194500-s0033-0000000143122948-0203-s_lc.fits
41032744,33,tess2020351194500-s0033-0000000041032744-0203-s_lc.fits
97062473,33,tess2020351194500-s0033-0000000097062473-0203-s_lc.fits
220458872,33,tess2020351194500-s0033-0000000220458872-0203-s_lc.fits
386319774,33,tess2020351194500-s0033-0000000386319774-0203-s_lc.fits
33421307,33,tess2020351194500-s0033-0000000033421307-0203-s_lc.fits
167697655,33,tess2020351194500-s0033-0000000167697655-0203-s_lc.fits
220433100,33,tess2020351194500-s0033-0000000220433100-0203-s_lc.fits
317588524,33,tess2020351194500-s0033-0000000317588524-0203-s_lc.fits
309703701,33,tess2020351194500-s0033-0000000309703701-0203-s_lc.fits
238133179,33,tess2020351194500-s0033-0000000238133179-0203-s_lc.fits
59608614,33,tess2020351194500-s0033-0000000059608614-0203-s_lc.fits
123457028,33,tess2020351194500-s0033-0000000123457028-0203-s_lc.fits
141805180,33,tess2020351194500-s0033-0000000141805180-0203-s_lc.fits
167814656,33,tess2020351194500-s0033-0000000167814656-0203-s_lc.fits
382144171,33,tess2020351194500-s0033-0000000382144171-0203-s_lc.fits
149473171,33,tess2020351194500-s0033-0000000149473171-0203-s_lc.fits
64603833,33,tess2020351194500-s0033-0000000064603833-0203-s_lc.fits
255565860,33,tess2020351194500-s0033-0000000255565860-0203-s_lc.fits
10258836,33,tess2020351194500-s0033-0000000010258836-0203-s_lc.fits
232046371,33,tess2020351194500-s0033-0000000232046371-0203-s_lc.fits
382436277,33,tess2020351194500-s0033-0000000382436277-0203-s_lc.fits
25118098,33,tess2020351194500-s0033-0000000025118098-0203-s_lc.fits
148001905,33,tess2020351194500-s0033-0000000148001905-0203-s_lc.fits
148801288,33,tess2020351194500-s0033-0000000148801288-0203-s_lc.fits
271693722,33,tess2020351194500-s0033-0000000271693722-0203-s_lc.fits
237640132,33,tess2020351194500-s0033-0000000237640132-0203-s_lc.fits
95329698,33,tess2020351194500-s0033-0000000095329698-0203-s_lc.fits
235055973,33,tess2020351194500-s0033-0000000235055973-0203-s_lc.fits
24751958,33,tess2020351194500-s0033-0000000024751958-0203-s_lc.fits
150271738,33,tess2020351194500-s0033-0000000150271738-0203-s_lc.fits
150165311,33,tess2020351194500-s0033-0000000150165311-0203-s_lc.fits
156937088,33,tess2020351194500-s0033-0000000156937088-0203-s_lc.fits
39222289,33,tess2020351194500-s0033-0000000039222289-0203-s_lc.fits
148131554,33,tess2020351194500-s0033-0000000148131554-0203-s_lc.fits
5372293,33,tess2020351194500-s0033-0000000005372293-0203-s_lc.fits
220454933,33,tess2020351194500-s0033-0000000220454933-0203-s_lc.fits
34929051,33,tess2020351194500-s0033-0000000034929051-0203-s_lc.fits
255590410,33,tess2020351194500-s0033-0000000255590410-0203-s_lc.fits
151561363,33,tess2020351194500-s0033-0000000151561363-0203-s_lc.fits
404974043,33,tess2020351194500-s0033-0000000404974043-0203-s_lc.fits
374974954,33,tess2020351194500-s0033-0000000374974954-0203-s_lc.fits
33149852,33,tess2020351194500-s0033-0000000033149852-0203-s_lc.fits
350862376,33,tess2020351194500-s0033-0000000350862376-0203-s_lc.fits
229196844,33,tess2020351194500-s0033-0000000229196844-0203-s_lc.fits
165211915,33,tess2020351194500-s0033-0000000165211915-0203-s_lc.fits
5193717,33,tess2020351194500-s0033-0000000005193717-0203-s_lc.fits
251232771,33,tess2020351194500-s0033-0000000251232771-0203-s_lc.fits
55601705,33,tess2020351194500-s0033-0000000055601705-0203-s_lc.fits
322742572,33,tess2020351194500-s0033-0000000322742572-0203-s_lc.fits
30034266,33,tess2020351194500-s0033-0000000030034266-0203-s_lc.fits
39819499,33,tess2020351194500-s0033-0000000039819499-0203-s_lc.fits
37388429,33,tess2020351194500-s0033-0000000037388429-0203-s_lc.fits
72345914,33,tess2020351194500-s0033-0000000072345914-0203-s_lc.fits
350145729,33,tess2020351194500-s0033-0000000350145729-0203-s_lc.fits
293846387,33,tess2020351194500-s0033-0000000293846387-0203-s_lc.fits
350559756,33,tess2020351194500-s0033-0000000350559756-0203-s_lc.fits
156933622,33,tess2020351194500-s0033-0000000156933622-0203-s_lc.fits
238012121,33,tess2020351194500-s0033-0000000238012121-0203-s_lc.fits
55745413,33,tess2020351194500-s0033-0000000055745413-0203-s_lc.fits
14714257,33,tess2020351194500-s0033-0000000014714257-0203-s_lc.fits
156950487,33,tess2020351194500-s0033-0000000156950487-0203-s_lc.fits
231494355,33,tess2020351194500-s0033-0000000231494355-0203-s_lc.fits
300514542,33,tess2020351194500-s0033-0000000300514542-0203-s_lc.fits
375057127,33,tess2020351194500-s0033-0000000375057127-0203-s_lc.fits
279990392,33,tess2020351194500-s0033-0000000279990392-0203-s_lc.fits
238189798,33,tess2020351194500-s0033-0000000238189798-0203-s_lc.fits
60381595,33,tess2020351194500-s0033-0000000060381595-0203-s_lc.fits
684835820,33,tess2020351194500-s0033-0000000684835820-0203-s_lc.fits
445998638,33,tess2020351194500-s0033-0000000445998638-0203-s_lc.fits
233975276,33,tess2020351194500-s0033-0000000233975276-0203-s_lc.fits
32499655,33,tess2020351194500-s0033-0000000032499655-0203-s_lc.fits
134427830,33,tess2020351194500-s0033-0000000134427830-0203-s_lc.fits
37998576,33,tess2020351194500-s0033-0000000037998576-0203-s_lc.fits
30110465,33,tess2020351194500-s0033-0000000030110465-0203-s_lc.fits
290054667,33,tess2020351194500-s0033-0000000290054667-0203-s_lc.fits
31015738,33,tess2020351194500-s0033-0000000031015738-0203-s_lc.fits
54059755,33,tess2020351194500-s0033-0000000054059755-0203-s_lc.fits
55559079,33,tess2020351194500-s0033-0000000055559079-0203-s_lc.fits
238041040,33,tess2020351194500-s0033-0000000238041040-0203-s_lc.fits
350709221,33,tess2020351194500-s0033-0000000350709221-0203-s_lc.fits
167700020,33,tess2020351194500-s0033-0000000167700020-0203-s_lc.fits
63046356,33,tess2020351194500-s0033-0000000063046356-0203-s_lc.fits
125581499,33,tess2020351194500-s0033-0000000125581499-0203-s_lc.fits
234156661,33,tess2020351194500-s0033-0000000234156661-0203-s_lc.fits
125639523,33,tess2020351194500-s0033-0000000125639523-0203-s_lc.fits
97273981,33,tess2020351194500-s0033-0000000097273981-0203-s_lc.fits
234936149,33,tess2020351194500-s0033-0000000234936149-0203-s_lc.fits
63811570,33,tess2020351194500-s0033-0000000063811570-0203-s_lc.fits
237361085,33,tess2020351194500-s0033-0000000237361085-0203-s_lc.fits
280701076,33,tess2020351194500-s0033-0000000280701076-0203-s_lc.fits
219171290,33,tess2020351194500-s0033-0000000219171290-0203-s_lc.fits
60018827,33,tess2020351194500-s0033-0000000060018827-0203-s_lc.fits
156757065,33,tess2020351194500-s0033-0000000156757065-0203-s_lc.fits
380026032,33,tess2020351194500-s0033-0000000380026032-0203-s_lc.fits
438399821,33,tess2020351194500-s0033-0000000438399821-0203-s_lc.fits
100679498,33,tess2020351194500-s0033-0000000100679498-0203-s_lc.fits
156917205,33,tess2020351194500-s0033-0000000156917205-0203-s_lc.fits
281495893,33,tess2020351194500-s0033-0000000281495893-0203-s_lc.fits
78564337,33,tess2020351194500-s0033-0000000078564337-0203-s_lc.fits
434304760,33,tess2020351194500-s0033-0000000434304760-0203-s_lc.fits
219417261,33,tess2020351194500-s0033-0000000219417261-0203-s_lc.fits
148001365,33,tess2020351194500-s0033-0000000148001365-0203-s_lc.fits
124685493,33,tess2020351194500-s0033-0000000124685493-0203-s_lc.fits
117666759,33,tess2020351194500-s0033-0000000117666759-0203-s_lc.fits
32675999,33,tess2020351194500-s0033-0000000032675999-0203-s_lc.fits
53457068,33,tess2020351194500-s0033-0000000053457068-0203-s_lc.fits
350341850,33,tess2020351194500-s0033-0000000350341850-0203-s_lc.fits
238076306,33,tess2020351194500-s0033-0000000238076306-0203-s_lc.fits
232020876,33,tess2020351194500-s0033-0000000232020876-0203-s_lc.fits
149217937,33,tess2020351194500-s0033-0000000149217937-0203-s_lc.fits
140282069,33,tess2020351194500-s0033-0000000140282069-0203-s_lc.fits
149346418,33,tess2020351194500-s0033-0000000149346418-0203-s_lc.fits
260131643,33,tess2020351194500-s0033-0000000260131643-0203-s_lc.fits
293694777,33,tess2020351194500-s0033-0000000293694777-0203-s_lc.fits
142015623,33,tess2020351194500-s0033-0000000142015623-0203-s_lc.fits
219377396,33,tess2020351194500-s0033-0000000219377396-0203-s_lc.fits
79782258,33,tess2020351194500-s0033-0000000079782258-0203-s_lc.fits
22862802,33,tess2020351194500-s0033-0000000022862802-0203-s_lc.fits
38942862,33,tess2020351194500-s0033-0000000038942862-0203-s_lc.fits
301286510,33,tess2020351194500-s0033-0000000301286510-0203-s_lc.fits
302928031,33,tess2020351194500-s0033-0000000302928031-0203-s_lc.fits
14497339,33,tess2020351194500-s0033-0000000014497339-0203-s_lc.fits
350820735,33,tess2020351194500-s0033-0000000350820735-0203-s_lc.fits
234832960,33,tess2020351194500-s0033-0000000234832960-0203-s_lc.fits
31962911,33,tess2020351194500-s0033-0000000031962911-0203-s_lc.fits
777419727,33,tess2020351194500-s0033-0000000777419727-0203-s_lc.fits
63888622,33,tess2020351194500-s0033-0000000063888622-0203-s_lc.fits
319034252,33,tess2020351194500-s0033-0000000319034252-0203-s_lc.fits
234256778,33,tess2020351194500-s0033-0000000234256778-0203-s_lc.fits
259716542,33,tess2020351194500-s0033-0000000259716542-0203-s_lc.fits
176959701,33,tess2020351194500-s0033-0000000176959701-0203-s_lc.fits
386583446,33,tess2020351194500-s0033-0000000386583446-0203-s_lc.fits
143079284,33,tess2020351194500-s0033-0000000143079284-0203-s_lc.fits
443220510,33,tess2020351194500-s0033-0000000443220510-0203-s_lc.fits
220601321,33,tess2020351194500-s0033-0000000220601321-0203-s_lc.fits
49185262,33,tess2020351194500-s0033-0000000049185262-0203-s_lc.fits
143206616,33,tess2020351194500-s0033-0000000143206616-0203-s_lc.fits
180968610,33,tess2020351194500-s0033-0000000180968610-0203-s_lc.fits
24612992,33,tess2020351194500-s0033-0000000024612992-0203-s_lc.fits
124922609,33,tess2020351194500-s0033-0000000124922609-0203-s_lc.fits
425173292,33,tess2020351194500-s0033-0000000425173292-0203-s_lc.fits
374944622,33,tess2020351194500-s0033-0000000374944622-0203-s_lc.fits
282580967,33,tess2020351194500-s0033-0000000282580967-0203-s_lc.fits
25637013,33,tess2020351194500-s0033-0000000025637013-0203-s_lc.fits
32052179,33,tess2020351194500-s0033-0000000032052179-0203-s_lc.fits
177714986,33,tess2020351194500-s0033-0000000177714986-0203-s_lc.fits
40275791,33,tess2020351194500-s0033-0000000040275791-0203-s_lc.fits
66687682,33,tess2020351194500-s0033-0000000066687682-0203-s_lc.fits
250513109,33,tess2020351194500-s0033-0000000250513109-0203-s_lc.fits
61247279,33,tess2020351194500-s0033-0000000061247279-0203-s_lc.fits
421900019,33,tess2020351194500-s0033-0000000421900019-0203-s_lc.fits
173077660,33,tess2020351194500-s0033-0000000173077660-0203-s_lc.fits
167814740,33,tess2020351194500-s0033-0000000167814740-0203-s_lc.fits
149105052,33,tess2020351194500-s0033-0000000149105052-0203-s_lc.fits
21727279,33,tess2020351194500-s0033-0000000021727279-0203-s_lc.fits
157314047,33,tess2020351194500-s0033-0000000157314047-0203-s_lc.fits
200362199,33,tess2020351194500-s0033-0000000200362199-0203-s_lc.fits
393315435,33,tess2020351194500-s0033-0000000393315435-0203-s_lc.fits
147908323,33,tess2020351194500-s0033-0000000147908323-0203-s_lc.fits
287775924,33,tess2020351194500-s0033-0000000287775924-0203-s_lc.fits
100396813,33,tess2020351194500-s0033-0000000100396813-0203-s_lc.fits
232035006,33,tess2020351194500-s0033-0000000232035006-0203-s_lc.fits
42761307,33,tess2020351194500-s0033-0000000042761307-0203-s_lc.fits
78442916,33,tess2020351194500-s0033-0000000078442916-0203-s_lc.fits
340217286,33,tess2020351194500-s0033-0000000340217286-0203-s_lc.fits
30401301,33,tess2020351194500-s0033-0000000030401301-0203-s_lc.fits
300010120,33,tess2020351194500-s0033-0000000300010120-0203-s_lc.fits
231743190,33,tess2020351194500-s0033-0000000231743190-0203-s_lc.fits
234810085,33,tess2020351194500-s0033-0000000234810085-0203-s_lc.fits
251215854,33,tess2020351194500-s0033-0000000251215854-0203-s_lc.fits
53683571,33,tess2020351194500-s0033-0000000053683571-0203-s_lc.fits
393228638,33,tess2020351194500-s0033-0000000393228638-0203-s_lc.fits
306823515,33,tess2020351194500-s0033-0000000306823515-0203-s_lc.fits
34079617,33,tess2020351194500-s0033-0000000034079617-0203-s_lc.fits
140284119,33,tess2020351194500-s0033-0000000140284119-0203-s_lc.fits
705709368,33,tess2020351194500-s0033-0000000705709368-0203-s_lc.fits
172361463,33,tess2020351194500-s0033-0000000172361463-0203-s_lc.fits
388130122,33,tess2020351194500-s0033-0000000388130122-0203-s_lc.fits
293975288,33,tess2020351194500-s0033-0000000293975288-0203-s_lc.fits
234230792,33,tess2020351194500-s0033-0000000234230792-0203-s_lc.fits
149125483,33,tess2020351194500-s0033-0000000149125483-0203-s_lc.fits
151563908,33,tess2020351194500-s0033-0000000151563908-0203-s_lc.fits
440773432,33,tess2020351194500-s0033-0000000440773432-0203-s_lc.fits
349154302,33,tess2020351194500-s0033-0000000349154302-0203-s_lc.fits
93444907,33,tess2020351194500-s0033-0000000093444907-0203-s_lc.fits
385811983,33,tess2020351194500-s0033-0000000385811983-0203-s_lc.fits
318907741,33,tess2020351194500-s0033-0000000318907741-0203-s_lc.fits
267250882,33,tess2020351194500-s0033-0000000267250882-0203-s_lc.fits
141030721,33,tess2020351194500-s0033-0000000141030721-0203-s_lc.fits
337390696,33,tess2020351194500-s0033-0000000337390696-0203-s_lc.fits
124185859,33,tess2020351194500-s0033-0000000124185859-0203-s_lc.fits
391746189,33,tess2020351194500-s0033-0000000391746189-0203-s_lc.fits
291967802,33,tess2020351194500-s0033-0000000291967802-0203-s_lc.fits
358806516,33,tess2020351194500-s0033-0000000358806516-0203-s_lc.fits
124941769,33,tess2020351194500-s0033-0000000124941769-0203-s_lc.fits
376942777,33,tess2020351194500-s0033-0000000376942777-0203-s_lc.fits
61685939,33,tess2020351194500-s0033-0000000061685939-0203-s_lc.fits
37660654,33,tess2020351194500-s0033-0000000037660654-0203-s_lc.fits
170205282,33,tess2020351194500-s0033-0000000170205282-0203-s_lc.fits
99345215,33,tess2020351194500-s0033-0000000099345215-0203-s_lc.fits
238096972,33,tess2020351194500-s0033-0000000238096972-0203-s_lc.fits
260005109,33,tess2020351194500-s0033-0000000260005109-0203-s_lc.fits
151235263,33,tess2020351194500-s0033-0000000151235263-0203-s_lc.fits
140894053,33,tess2020351194500-s0033-0000000140894053-0203-s_lc.fits
266061553,33,tess2020351194500-s0033-0000000266061553-0203-s_lc.fits
31799975,33,tess2020351194500-s0033-0000000031799975-0203-s_lc.fits
261237085,33,tess2020351194500-s0033-0000000261237085-0203-s_lc.fits
24824031,33,tess2020351194500-s0033-0000000024824031-0203-s_lc.fits
23084451,33,tess2020351194500-s0033-0000000023084451-0203-s_lc.fits
14714109,33,tess2020351194500-s0033-0000000014714109-0203-s_lc.fits
140281093,33,tess2020351194500-s0033-0000000140281093-0203-s_lc.fits
37163189,33,tess2020351194500-s0033-0000000037163189-0203-s_lc.fits
235077250,33,tess2020351194500-s0033-0000000235077250-0203-s_lc.fits
231922199,33,tess2020351194500-s0033-0000000231922199-0203-s_lc.fits
374912345,33,tess2020351194500-s0033-0000000374912345-0203-s_lc.fits
64841664,33,tess2020351194500-s0033-0000000064841664-0203-s_lc.fits
320817861,33,tess2020351194500-s0033-0000000320817861-0203-s_lc.fits
408968756,33,tess2020351194500-s0033-0000000408968756-0203-s_lc.fits
349478970,33,tess2020351194500-s0033-0000000349478970-0203-s_lc.fits
319727977,33,tess2020351194500-s0033-0000000319727977-0203-s_lc.fits
265453074,33,tess2020351194500-s0033-0000000265453074-0203-s_lc.fits
147632208,33,tess2020351194500-s0033-0000000147632208-0203-s_lc.fits
176453249,33,tess2020351194500-s0033-0000000176453249-0203-s_lc.fits
96797806,33,tess2020351194500-s0033-0000000096797806-0203-s_lc.fits
339887586,33,tess2020351194500-s0033-0000000339887586-0203-s_lc.fits
238926969,33,tess2020351194500-s0033-0000000238926969-0203-s_lc.fits
167007869,33,tess2020351194500-s0033-0000000167007869-0203-s_lc.fits
270578385,33,tess2020351194500-s0033-0000000270578385-0203-s_lc.fits
71574096,33,tess2020351194500-s0033-0000000071574096-0203-s_lc.fits
271971626,33,tess2020351194500-s0033-0000000271971626-0203-s_lc.fits
270577175,33,tess2020351194500-s0033-0000000270577175-0203-s_lc.fits
391925105,33,tess2020351194500-s0033-0000000391925105-0203-s_lc.fits
4712449,33,tess2020351194500-s0033-0000000004712449-0203-s_lc.fits
299886320,33,tess2020351194500-s0033-0000000299886320-0203-s_lc.fits
299943301,33,tess2020351194500-s0033-0000000299943301-0203-s_lc.fits
32153468,33,tess2020351194500-s0033-0000000032153468-0203-s_lc.fits
234891077,33,tess2020351194500-s0033-0000000234891077-0203-s_lc.fits
71626485,33,tess2020351194500-s0033-0000000071626485-0203-s_lc.fits
260266656,33,tess2020351194500-s0033-0000000260266656-0203-s_lc.fits
300739542,33,tess2020351194500-s0033-0000000300739542-0203-s_lc.fits
151169065,33,tess2020351194500-s0033-0000000151169065-0203-s_lc.fits
711488065,33,tess2020351194500-s0033-0000000711488065-0203-s_lc.fits
279251651,33,tess2020351194500-s0033-0000000279251651-0203-s_lc.fits
41230564,33,tess2020351194500-s0033-0000000041230564-0203-s_lc.fits
65294790,33,tess2020351194500-s0033-0000000065294790-0203-s_lc.fits
79025804,33,tess2020351194500-s0033-0000000079025804-0203-s_lc.fits
756960163,33,tess2020351194500-s0033-0000000756960163-0203-s_lc.fits
24829181,33,tess2020351194500-s0033-0000000024829181-0203-s_lc.fits
234959344,33,tess2020351194500-s0033-0000000234959344-0203-s_lc.fits
382146255,33,tess2020351194500-s0033-0000000382146255-0203-s_lc.fits
350343101,33,tess2020351194500-s0033-0000000350343101-0203-s_lc.fits
178258789,33,tess2020351194500-s0033-0000000178258789-0203-s_lc.fits
153691038,33,tess2020351194500-s0033-0000000153691038-0203-s_lc.fits
192847366,33,tess2020351194500-s0033-0000000192847366-0203-s_lc.fits
373843125,33,tess2020351194500-s0033-0000000373843125-0203-s_lc.fits
150431148,33,tess2020351194500-s0033-0000000150431148-0203-s_lc.fits
393389704,33,tess2020351194500-s0033-0000000393389704-0203-s_lc.fits
119290862,33,tess2020351194500-s0033-0000000119290862-0203-s_lc.fits
177015791,33,tess2020351194500-s0033-0000000177015791-0203-s_lc.fits
177278486,33,tess2020351194500-s0033-0000000177278486-0203-s_lc.fits
318897974,33,tess2020351194500-s0033-0000000318897974-0203-s_lc.fits
294872402,33,tess2020351194500-s0033-0000000294872402-0203-s_lc.fits
292953852,33,tess2020351194500-s0033-0000000292953852-0203-s_lc.fits
91926740,33,tess2020351194500-s0033-0000000091926740-0203-s_lc.fits
234937450,33,tess2020351194500-s0033-0000000234937450-0203-s_lc.fits
219151478,33,tess2020351194500-s0033-0000000219151478-0203-s_lc.fits
255548311,33,tess2020351194500-s0033-0000000255548311-0203-s_lc.fits
238002251,33,tess2020351194500-s0033-0000000238002251-0203-s_lc.fits
269089503,33,tess2020351194500-s0033-0000000269089503-0203-s_lc.fits
177236087,33,tess2020351194500-s0033-0000000177236087-0203-s_lc.fits
24531063,33,tess2020351194500-s0033-0000000024531063-0203-s_lc.fits
705524695,33,tess2020351194500-s0033-0000000705524695-0203-s_lc.fits
167303382,33,tess2020351194500-s0033-0000000167303382-0203-s_lc.fits
231314102,33,tess2020351194500-s0033-0000000231314102-0203-s_lc.fits
71625583,33,tess2020351194500-s0033-0000000071625583-0203-s_lc.fits
72557095,33,tess2020351194500-s0033-0000000072557095-0203-s_lc.fits
265611678,33,tess2020351194500-s0033-0000000265611678-0203-s_lc.fits
282504150,33,tess2020351194500-s0033-0000000282504150-0203-s_lc.fits
372908431,33,tess2020351194500-s0033-0000000372908431-0203-s_lc.fits
71918803,33,tess2020351194500-s0033-0000000071918803-0203-s_lc.fits
291975480,33,tess2020351194500-s0033-0000000291975480-0203-s_lc.fits
130520419,33,tess2020351194500-s0033-0000000130520419-0203-s_lc.fits
100663923,33,tess2020351194500-s0033-0000000100663923-0203-s_lc.fits
51832266,33,tess2020351194500-s0033-0000000051832266-0203-s_lc.fits
388130395,33,tess2020351194500-s0033-0000000388130395-0203-s_lc.fits
134175227,33,tess2020351194500-s0033-0000000134175227-0203-s_lc.fits
78569133,33,tess2020351194500-s0033-0000000078569133-0203-s_lc.fits
260503412,33,tess2020351194500-s0033-0000000260503412-0203-s_lc.fits
309615852,33,tess2020351194500-s0033-0000000309615852-0203-s_lc.fits
278867070,33,tess2020351194500-s0033-0000000278867070-0203-s_lc.fits
176617987,33,tess2020351194500-s0033-0000000176617987-0203-s_lc.fits
709917565,33,tess2020351194500-s0033-0000000709917565-0203-s_lc.fits
320033569,33,tess2020351194500-s0033-0000000320033569-0203-s_lc.fits
177324132,33,tess2020351194500-s0033-0000000177324132-0203-s_lc.fits
219394387,33,tess2020351194500-s0033-0000000219394387-0203-s_lc.fits
300039874,33,tess2020351194500-s0033-0000000300039874-0203-s_lc.fits
157456650,33,tess2020351194500-s0033-0000000157456650-0203-s_lc.fits
10063442,33,tess2020351194500-s0033-0000000010063442-0203-s_lc.fits
153211610,33,tess2020351194500-s0033-0000000153211610-0203-s_lc.fits
172116269,33,tess2020351194500-s0033-0000000172116269-0203-s_lc.fits
220134639,33,tess2020351194500-s0033-0000000220134639-0203-s_lc.fits
30312722,33,tess2020351194500-s0033-0000000030312722-0203-s_lc.fits
55651429,33,tess2020351194500-s0033-0000000055651429-0203-s_lc.fits
409385807,33,tess2020351194500-s0033-0000000409385807-0203-s_lc.fits
219170865,33,tess2020351194500-s0033-0000000219170865-0203-s_lc.fits
235158333,33,tess2020351194500-s0033-0000000235158333-0203-s_lc.fits
142052876,33,tess2020351194500-s0033-0000000142052876-0203-s_lc.fits
67162436,33,tess2020351194500-s0033-0000000067162436-0203-s_lc.fits
149625258,33,tess2020351194500-s0033-0000000149625258-0203-s_lc.fits
150273255,33,tess2020351194500-s0033-0000000150273255-0203-s_lc.fits
143141465,33,tess2020351194500-s0033-0000000143141465-0203-s_lc.fits
291880364,33,tess2020351194500-s0033-0000000291880364-0203-s_lc.fits
37389895,33,tess2020351194500-s0033-0000000037389895-0203-s_lc.fits
263341742,33,tess2020351194500-s0033-0000000263341742-0203-s_lc.fits
30534618,33,tess2020351194500-s0033-0000000030534618-0203-s_lc.fits
32927215,33,tess2020351194500-s0033-0000000032927215-0203-s_lc.fits
65044396,33,tess2020351194500-s0033-0000000065044396-0203-s_lc.fits
271974753,33,tess2020351194500-s0033-0000000271974753-0203-s_lc.fits
278055081,33,tess2020351194500-s0033-0000000278055081-0203-s_lc.fits
31929204,33,tess2020351194500-s0033-0000000031929204-0203-s_lc.fits
301698515,33,tess2020351194500-s0033-0000000301698515-0203-s_lc.fits
124249007,33,tess2020351194500-s0033-0000000124249007-0203-s_lc.fits
149219882,33,tess2020351194500-s0033-0000000149219882-0203-s_lc.fits
167695338,33,tess2020351194500-s0033-0000000167695338-0203-s_lc.fits
317482242,33,tess2020351194500-s0033-0000000317482242-0203-s_lc.fits
265086848,33,tess2020351194500-s0033-0000000265086848-0203-s_lc.fits
434384707,33,tess2020351194500-s0033-0000000434384707-0203-s_lc.fits
391947856,33,tess2020351194500-s0033-0000000391947856-0203-s_lc.fits
219417870,33,tess2020351194500-s0033-0000000219417870-0203-s_lc.fits
48746580,33,tess2020351194500-s0033-0000000048746580-0203-s_lc.fits
350098457,33,tess2020351194500-s0033-0000000350098457-0203-s_lc.fits
219405418,33,tess2020351194500-s0033-0000000219405418-0203-s_lc.fits
201513771,33,tess2020351194500-s0033-0000000201513771-0203-s_lc.fits
271795511,33,tess2020351194500-s0033-0000000271795511-0203-s_lc.fits
173077966,33,tess2020351194500-s0033-0000000173077966-0203-s_lc.fits
158069140,33,tess2020351194500-s0033-0000000158069140-0203-s_lc.fits
117667820,33,tess2020351194500-s0033-0000000117667820-0203-s_lc.fits
52969291,33,tess2020351194500-s0033-0000000052969291-0203-s_lc.fits
124026878,33,tess2020351194500-s0033-0000000124026878-0203-s_lc.fits
167526485,33,tess2020351194500-s0033-0000000167526485-0203-s_lc.fits
294626418,33,tess2020351194500-s0033-0000000294626418-0203-s_lc.fits
232498474,33,tess2020351194500-s0033-0000000232498474-0203-s_lc.fits
220477393,33,tess2020351194500-s0033-0000000220477393-0203-s_lc.fits
42568930,33,tess2020351194500-s0033-0000000042568930-0203-s_lc.fits
159064016,33,tess2020351194500-s0033-0000000159064016-0203-s_lc.fits
97649111,33,tess2020351194500-s0033-0000000097649111-0203-s_lc.fits
714038083,33,tess2020351194500-s0033-0000000714038083-0203-s_lc.fits
317870303,33,tess2020351194500-s0033-0000000317870303-0203-s_lc.fits
78573148,33,tess2020351194500-s0033-0000000078573148-0203-s_lc.fits
60344818,33,tess2020351194500-s0033-0000000060344818-0203-s_lc.fits
60382241,33,tess2020351194500-s0033-0000000060382241-0203-s_lc.fits
364589602,33,tess2020351194500-s0033-0000000364589602-0203-s_lc.fits
201465733,33,tess2020351194500-s0033-0000000201465733-0203-s_lc.fits
260475051,33,tess2020351194500-s0033-0000000260475051-0203-s_lc.fits
389864558,33,tess2020351194500-s0033-0000000389864558-0203-s_lc.fits
386274640,33,tess2020351194500-s0033-0000000386274640-0203-s_lc.fits
279511712,33,tess2020351194500-s0033-0000000279511712-0203-s_lc.fits
339636466,33,tess2020351194500-s0033-0000000339636466-0203-s_lc.fits
237654565,33,tess2020351194500-s0033-0000000237654565-0203-s_lc.fits
38813375,33,tess2020351194500-s0033-0000000038813375-0203-s_lc.fits
123664207,33,tess2020351194500-s0033-0000000123664207-0203-s_lc.fits
31183609,33,tess2020351194500-s0033-0000000031183609-0203-s_lc.fits
71514955,33,tess2020351194500-s0033-0000000071514955-0203-s_lc.fits
167106993,33,tess2020351194500-s0033-0000000167106993-0203-s_lc.fits
255781986,33,tess2020351194500-s0033-0000000255781986-0203-s_lc.fits
437947363,33,tess2020351194500-s0033-0000000437947363-0203-s_lc.fits
232288915,33,tess2020351194500-s0033-0000000232288915-0203-s_lc.fits
124685946,33,tess2020351194500-s0033-0000000124685946-0203-s_lc.fits
158870766,33,tess2020351194500-s0033-0000000158870766-0203-s_lc.fits
100114034,33,tess2020351194500-s0033-0000000100114034-0203-s_lc.fits
119409382,33,tess2020351194500-s0033-0000000119409382-0203-s_lc.fits
119453629,33,tess2020351194500-s0033-0000000119453629-0203-s_lc.fits
340001320,33,tess2020351194500-s0033-0000000340001320-0203-s_lc.fits
364326269,33,tess2020351194500-s0033-0000000364326269-0203-s_lc.fits
349945078,33,tess2020351194500-s0033-0000000349945078-0203-s_lc.fits
141472911,33,tess2020351194500-s0033-0000000141472911-0203-s_lc.fits
317283576,33,tess2020351194500-s0033-0000000317283576-0203-s_lc.fits
155363708,33,tess2020351194500-s0033-0000000155363708-0203-s_lc.fits
220600566,33,tess2020351194500-s0033-0000000220600566-0203-s_lc.fits
177308913,33,tess2020351194500-s0033-0000000177308913-0203-s_lc.fits
48520491,33,tess2020351194500-s0033-0000000048520491-0203-s_lc.fits
34858950,33,tess2020351194500-s0033-0000000034858950-0203-s_lc.fits
141825369,33,tess2020351194500-s0033-0000000141825369-0203-s_lc.fits
48520484,33,tess2020351194500-s0033-0000000048520484-0203-s_lc.fits
36438699,33,tess2020351194500-s0033-0000000036438699-0203-s_lc.fits
766204378,33,tess2020351194500-s0033-0000000766204378-0203-s_lc.fits
220457492,33,tess2020351194500-s0033-0000000220457492-0203-s_lc.fits
234809629,33,tess2020351194500-s0033-0000000234809629-0203-s_lc.fits
156565737,33,tess2020351194500-s0033-0000000156565737-0203-s_lc.fits
123571083,33,tess2020351194500-s0033-0000000123571083-0203-s_lc.fits
234082611,33,tess2020351194500-s0033-0000000234082611-0203-s_lc.fits
124326217,33,tess2020351194500-s0033-0000000124326217-0203-s_lc.fits
238150235,33,tess2020351194500-s0033-0000000238150235-0203-s_lc.fits
232373555,33,tess2020351194500-s0033-0000000232373555-0203-s_lc.fits
201389291,33,tess2020351194500-s0033-0000000201389291-0203-s_lc.fits
192846446,33,tess2020351194500-s0033-0000000192846446-0203-s_lc.fits
143314348,33,tess2020351194500-s0033-0000000143314348-0203-s_lc.fits
176874136,33,tess2020351194500-s0033-0000000176874136-0203-s_lc.fits
234961122,33,tess2020351194500-s0033-0000000234961122-0203-s_lc.fits
179203855,33,tess2020351194500-s0033-0000000179203855-0203-s_lc.fits
151407780,33,tess2020351194500-s0033-0000000151407780-0203-s_lc.fits
97638980,33,tess2020351194500-s0033-0000000097638980-0203-s_lc.fits
349055915,33,tess2020351194500-s0033-0000000349055915-0203-s_lc.fits
20206413,33,tess2020351194500-s0033-0000000020206413-0203-s_lc.fits
144517676,33,tess2020351194500-s0033-0000000144517676-0203-s_lc.fits
32035258,33,tess2020351194500-s0033-0000000032035258-0203-s_lc.fits
260300073,33,tess2020351194500-s0033-0000000260300073-0203-s_lc.fits
271550376,33,tess2020351194500-s0033-0000000271550376-0203-s_lc.fits
340216970,33,tess2020351194500-s0033-0000000340216970-0203-s_lc.fits
155091825,33,tess2020351194500-s0033-0000000155091825-0203-s_lc.fits
202273194,33,tess2020351194500-s0033-0000000202273194-0203-s_lc.fits
143105293,33,tess2020351194500-s0033-0000000143105293-0203-s_lc.fits
24628462,33,tess2020351194500-s0033-0000000024628462-0203-s_lc.fits
231822493,33,tess2020351194500-s0033-0000000231822493-0203-s_lc.fits
100666252,33,tess2020351194500-s0033-0000000100666252-0203-s_lc.fits
260132182,33,tess2020351194500-s0033-0000000260132182-0203-s_lc.fits
737811260,33,tess2020351194500-s0033-0000000737811260-0203-s_lc.fits
237362196,33,tess2020351194500-s0033-0000000237362196-0203-s_lc.fits
393313437,33,tess2020351194500-s0033-0000000393313437-0203-s_lc.fits
219400085,33,tess2020351194500-s0033-0000000219400085-0203-s_lc.fits
445325902,33,tess2020351194500-s0033-0000000445325902-0203-s_lc.fits
149988068,33,tess2020351194500-s0033-0000000149988068-0203-s_lc.fits
293689266,33,tess2020351194500-s0033-0000000293689266-0203-s_lc.fits
124871129,33,tess2020351194500-s0033-0000000124871129-0203-s_lc.fits
33868125,33,tess2020351194500-s0033-0000000033868125-0203-s_lc.fits
71871502,33,tess2020351194500-s0033-0000000071871502-0203-s_lc.fits
32830560,33,tess2020351194500-s0033-0000000032830560-0203-s_lc.fits
306895500,33,tess2020351194500-s0033-0000000306895500-0203-s_lc.fits
31006916,33,tess2020351194500-s0033-0000000031006916-0203-s_lc.fits
29829291,33,tess2020351194500-s0033-0000000029829291-0203-s_lc.fits
177173860,33,tess2020351194500-s0033-0000000177173860-0203-s_lc.fits
38813816,33,tess2020351194500-s0033-0000000038813816-0203-s_lc.fits
119403076,33,tess2020351194500-s0033-0000000119403076-0203-s_lc.fits
202181393,33,tess2020351194500-s0033-0000000202181393-0203-s_lc.fits
124033255,33,tess2020351194500-s0033-0000000124033255-0203-s_lc.fits
142407671,33,tess2020351194500-s0033-0000000142407671-0203-s_lc.fits
148810586,33,tess2020351194500-s0033-0000000148810586-0203-s_lc.fits
21618345,33,tess2020351194500-s0033-0000000021618345-0203-s_lc.fits
25195864,33,tess2020351194500-s0033-0000000025195864-0203-s_lc.fits
350860151,33,tess2020351194500-s0033-0000000350860151-0203-s_lc.fits
149348420,33,tess2020351194500-s0033-0000000149348420-0203-s_lc.fits
300443382,33,tess2020351194500-s0033-0000000300443382-0203-s_lc.fits
32832234,33,tess2020351194500-s0033-0000000032832234-0203-s_lc.fits
771763617,33,tess2020351194500-s0033-0000000771763617-0203-s_lc.fits
160330233,33,tess2020351194500-s0033-0000000160330233-0203-s_lc.fits
382101865,33,tess2020351194500-s0033-0000000382101865-0203-s_lc.fits
40516899,33,tess2020351194500-s0033-0000000040516899-0203-s_lc.fits
453856222,33,tess2020351194500-s0033-0000000453856222-0203-s_lc.fits
434373485,33,tess2020351194500-s0033-0000000434373485-0203-s_lc.fits
278901225,33,tess2020351194500-s0033-0000000278901225-0203-s_lc.fits
408975182,33,tess2020351194500-s0033-0000000408975182-0203-s_lc.fits
255758571,33,tess2020351194500-s0033-0000000255758571-0203-s_lc.fits
675147504,33,tess2020351194500-s0033-0000000675147504-0203-s_lc.fits
234698891,33,tess2020351194500-s0033-0000000234698891-0203-s_lc.fits
140899242,33,tess2020351194500-s0033-0000000140899242-0203-s_lc.fits
149539114,33,tess2020351194500-s0033-0000000149539114-0203-s_lc.fits
34257158,33,tess2020351194500-s0033-0000000034257158-0203-s_lc.fits
40523773,33,tess2020351194500-s0033-0000000040523773-0203-s_lc.fits
445521878,33,tess2020351194500-s0033-0000000445521878-0203-s_lc.fits
93444702,33,tess2020351194500-s0033-0000000093444702-0203-s_lc.fits
440777904,33,tess2020351194500-s0033-0000000440777904-0203-s_lc.fits
40795915,33,tess2020351194500-s0033-0000000040795915-0203-s_lc.fits
767965703,33,tess2020351194500-s0033-0000000767965703-0203-s_lc.fits
393092697,33,tess2020351194500-s0033-0000000393092697-0203-s_lc.fits
52111781,33,tess2020351194500-s0033-0000000052111781-0203-s_lc.fits
339769900,33,tess2020351194500-s0033-0000000339769900-0203-s_lc.fits
37742390,33,tess2020351194500-s0033-0000000037742390-0203-s_lc.fits
300869262,33,tess2020351194500-s0033-0000000300869262-0203-s_lc.fits
234121584,33,tess2020351194500-s0033-0000000234121584-0203-s_lc.fits
123900906,33,tess2020351194500-s0033-0000000123900906-0203-s_lc.fits
21627670,33,tess2020351194500-s0033-0000000021627670-0203-s_lc.fits
343934811,33,tess2020351194500-s0033-0000000343934811-0203-s_lc.fits
317414431,33,tess2020351194500-s0033-0000000317414431-0203-s_lc.fits
349196630,33,tess2020351194500-s0033-0000000349196630-0203-s_lc.fits
293846531,33,tess2020351194500-s0033-0000000293846531-0203-s_lc.fits
46740644,33,tess2020351194500-s0033-0000000046740644-0203-s_lc.fits
158067593,33,tess2020351194500-s0033-0000000158067593-0203-s_lc.fits
150431617,33,tess2020351194500-s0033-0000000150431617-0203-s_lc.fits
119488672,33,tess2020351194500-s0033-0000000119488672-0203-s_lc.fits
170157124,33,tess2020351194500-s0033-0000000170157124-0203-s_lc.fits
32050414,33,tess2020351194500-s0033-0000000032050414-0203-s_lc.fits
140282096,33,tess2020351194500-s0033-0000000140282096-0203-s_lc.fits
33603592,33,tess2020351194500-s0033-0000000033603592-0203-s_lc.fits
48881783,33,tess2020351194500-s0033-0000000048881783-0203-s_lc.fits
20062340,33,tess2020351194500-s0033-0000000020062340-0203-s_lc.fits
160348590,33,tess2020351194500-s0033-0000000160348590-0203-s_lc.fits
148274467,33,tess2020351194500-s0033-0000000148274467-0203-s_lc.fits
24830473,33,tess2020351194500-s0033-0000000024830473-0203-s_lc.fits
167703126,33,tess2020351194500-s0033-0000000167703126-0203-s_lc.fits
34938116,33,tess2020351194500-s0033-0000000034938116-0203-s_lc.fits
260474813,33,tess2020351194500-s0033-0000000260474813-0203-s_lc.fits
349061718,33,tess2020351194500-s0033-0000000349061718-0203-s_lc.fits
276934352,33,tess2020351194500-s0033-0000000276934352-0203-s_lc.fits
124776677,33,tess2020351194500-s0033-0000000124776677-0203-s_lc.fits
79877421,33,tess2020351194500-s0033-0000000079877421-0203-s_lc.fits
307034260,33,tess2020351194500-s0033-0000000307034260-0203-s_lc.fits
234841110,33,tess2020351194500-s0033-0000000234841110-0203-s_lc.fits
238164588,33,tess2020351194500-s0033-0000000238164588-0203-s_lc.fits
42430711,33,tess2020351194500-s0033-0000000042430711-0203-s_lc.fits
348992408,33,tess2020351194500-s0033-0000000348992408-0203-s_lc.fits
100018252,33,tess2020351194500-s0033-0000000100018252-0203-s_lc.fits
170361908,33,tess2020351194500-s0033-0000000170361908-0203-s_lc.fits
317544314,33,tess2020351194500-s0033-0000000317544314-0203-s_lc.fits
10173065,33,tess2020351194500-s0033-0000000010173065-0203-s_lc.fits
453077263,33,tess2020351194500-s0033-0000000453077263-0203-s_lc.fits
322900369,33,tess2020351194500-s0033-0000000322900369-0203-s_lc.fits
393269769,33,tess2020351194500-s0033-0000000393269769-0203-s_lc.fits
119327800,33,tess2020351194500-s0033-0000000119327800-0203-s_lc.fits
165121209,33,tess2020351194500-s0033-0000000165121209-0203-s_lc.fits
219390272,33,tess2020351194500-s0033-0000000219390272-0203-s_lc.fits
349311517,33,tess2020351194500-s0033-0000000349311517-0203-s_lc.fits
21538616,33,tess2020351194500-s0033-0000000021538616-0203-s_lc.fits
55498044,33,tess2020351194500-s0033-0000000055498044-0203-s_lc.fits
38824524,33,tess2020351194500-s0033-0000000038824524-0203-s_lc.fits
306738847,33,tess2020351194500-s0033-0000000306738847-0203-s_lc.fits
141610050,33,tess2020351194500-s0033-0000000141610050-0203-s_lc.fits
14444062,33,tess2020351194500-s0033-0000000014444062-0203-s_lc.fits
149423103,33,tess2020351194500-s0033-0000000149423103-0203-s_lc.fits
333499483,33,tess2020351194500-s0033-0000000333499483-0203-s_lc.fits
234899029,33,tess2020351194500-s0033-0000000234899029-0203-s_lc.fits
88927636,33,tess2020351194500-s0033-0000000088927636-0203-s_lc.fits
151587898,33,tess2020351194500-s0033-0000000151587898-0203-s_lc.fits
282503301,33,tess2020351194500-s0033-0000000282503301-0203-s_lc.fits
32757177,33,tess2020351194500-s0033-0000000032757177-0203-s_lc.fits
47860986,33,tess2020351194500-s0033-0000000047860986-0203-s_lc.fits
219374393,33,tess2020351194500-s0033-0000000219374393-0203-s_lc.fits
37072811,33,tess2020351194500-s0033-0000000037072811-0203-s_lc.fits
408975247,33,tess2020351194500-s0033-0000000408975247-0203-s_lc.fits
279573219,33,tess2020351194500-s0033-0000000279573219-0203-s_lc.fits
238950343,33,tess2020351194500-s0033-0000000238950343-0203-s_lc.fits
293142397,33,tess2020351194500-s0033-0000000293142397-0203-s_lc.fits
124086644,33,tess2020351194500-s0033-0000000124086644-0203-s_lc.fits
119326540,33,tess2020351194500-s0033-0000000119326540-0203-s_lc.fits
168529125,33,tess2020351194500-s0033-0000000168529125-0203-s_lc.fits
231941105,33,tess2020351194500-s0033-0000000231941105-0203-s_lc.fits
148302981,33,tess2020351194500-s0033-0000000148302981-0203-s_lc.fits
38600576,33,tess2020351194500-s0033-0000000038600576-0203-s_lc.fits
220407355,33,tess2020351194500-s0033-0000000220407355-0203-s_lc.fits
148186362,33,tess2020351194500-s0033-0000000148186362-0203-s_lc.fits
443418312,33,tess2020351194500-s0033-0000000443418312-0203-s_lc.fits
24401345,33,tess2020351194500-s0033-0000000024401345-0203-s_lc.fits
160379560,33,tess2020351194500-s0033-0000000160379560-0203-s_lc.fits
71967208,33,tess2020351194500-s0033-0000000071967208-0203-s_lc.fits
51780802,33,tess2020351194500-s0033-0000000051780802-0203-s_lc.fits
141526439,33,tess2020351194500-s0033-0000000141526439-0203-s_lc.fits
280641369,33,tess2020351194500-s0033-0000000280641369-0203-s_lc.fits
124936003,33,tess2020351194500-s0033-0000000124936003-0203-s_lc.fits
389501533,33,tess2020351194500-s0033-0000000389501533-0203-s_lc.fits
219396049,33,tess2020351194500-s0033-0000000219396049-0203-s_lc.fits
89004994,33,tess2020351194500-s0033-0000000089004994-0203-s_lc.fits
72169024,33,tess2020351194500-s0033-0000000072169024-0203-s_lc.fits
178427032,33,tess2020351194500-s0033-0000000178427032-0203-s_lc.fits
35161607,33,tess2020351194500-s0033-0000000035161607-0203-s_lc.fits
125648171,33,tess2020351194500-s0033-0000000125648171-0203-s_lc.fits
38939275,33,tess2020351194500-s0033-0000000038939275-0203-s_lc.fits
37501256,33,tess2020351194500-s0033-0000000037501256-0203-s_lc.fits
290717924,33,tess2020351194500-s0033-0000000290717924-0203-s_lc.fits
290714724,33,tess2020351194500-s0033-0000000290714724-0203-s_lc.fits
276860494,33,tess2020351194500-s0033-0000000276860494-0203-s_lc.fits
141808693,33,tess2020351194500-s0033-0000000141808693-0203-s_lc.fits
173034464,33,tess2020351194500-s0033-0000000173034464-0203-s_lc.fits
272429506,33,tess2020351194500-s0033-0000000272429506-0203-s_lc.fits
49831913,33,tess2020351194500-s0033-0000000049831913-0203-s_lc.fits
48232997,33,tess2020351194500-s0033-0000000048232997-0203-s_lc.fits
391892828,33,tess2020351194500-s0033-0000000391892828-0203-s_lc.fits
100610905,33,tess2020351194500-s0033-0000000100610905-0203-s_lc.fits
149390648,33,tess2020351194500-s0033-0000000149390648-0203-s_lc.fits
264002841,33,tess2020351194500-s0033-0000000264002841-0203-s_lc.fits
41230180,33,tess2020351194500-s0033-0000000041230180-0203-s_lc.fits
255548143,33,tess2020351194500-s0033-0000000255548143-0203-s_lc.fits
453186234,33,tess2020351194500-s0033-0000000453186234-0203-s_lc.fits
38680230,33,tess2020351194500-s0033-0000000038680230-0203-s_lc.fits
260355953,33,tess2020351194500-s0033-0000000260355953-0203-s_lc.fits
55450888,33,tess2020351194500-s0033-0000000055450888-0203-s_lc.fits
97578478,33,tess2020351194500-s0033-0000000097578478-0203-s_lc.fits
10264885,33,tess2020351194500-s0033-0000000010264885-0203-s_lc.fits
404851936,33,tess2020351194500-s0033-0000000404851936-0203-s_lc.fits
281716779,33,tess2020351194500-s0033-0000000281716779-0203-s_lc.fits
219203064,33,tess2020351194500-s0033-0000000219203064-0203-s_lc.fits
234701789,33,tess2020351194500-s0033-0000000234701789-0203-s_lc.fits
172594553,33,tess2020351194500-s0033-0000000172594553-0203-s_lc.fits
52641430,33,tess2020351194500-s0033-0000000052641430-0203-s_lc.fits
55556127,33,tess2020351194500-s0033-0000000055556127-0203-s_lc.fits
14565522,33,tess2020351194500-s0033-0000000014565522-0203-s_lc.fits
167718539,33,tess2020351194500-s0033-0000000167718539-0203-s_lc.fits
142019056,33,tess2020351194500-s0033-0000000142019056-0203-s_lc.fits
772008800,33,tess2020351194500-s0033-0000000772008800-0203-s_lc.fits
158816796,33,tess2020351194500-s0033-0000000158816796-0203-s_lc.fits
119073318,33,tess2020351194500-s0033-0000000119073318-0203-s_lc.fits
78450017,33,tess2020351194500-s0033-0000000078450017-0203-s_lc.fits
350345734,33,tess2020351194500-s0033-0000000350345734-0203-s_lc.fits
32874317,33,tess2020351194500-s0033-0000000032874317-0203-s_lc.fits
23033985,33,tess2020351194500-s0033-0000000023033985-0203-s_lc.fits
292456834,33,tess2020351194500-s0033-0000000292456834-0203-s_lc.fits
71574472,33,tess2020351194500-s0033-0000000071574472-0203-s_lc.fits
168115492,33,tess2020351194500-s0033-0000000168115492-0203-s_lc.fits
167892588,33,tess2020351194500-s0033-0000000167892588-0203-s_lc.fits
67040249,33,tess2020351194500-s0033-0000000067040249-0203-s_lc.fits
61405251,33,tess2020351194500-s0033-0000000061405251-0203-s_lc.fits
319736403,33,tess2020351194500-s0033-0000000319736403-0203-s_lc.fits
231336559,33,tess2020351194500-s0033-0000000231336559-0203-s_lc.fits
238027971,33,tess2020351194500-s0033-0000000238027971-0203-s_lc.fits
89197633,33,tess2020351194500-s0033-0000000089197633-0203-s_lc.fits
287273244,33,tess2020351194500-s0033-0000000287273244-0203-s_lc.fits
99518590,33,tess2020351194500-s0033-0000000099518590-0203-s_lc.fits
440847438,33,tess2020351194500-s0033-0000000440847438-0203-s_lc.fits
220408525,33,tess2020351194500-s0033-0000000220408525-0203-s_lc.fits
49243728,33,tess2020351194500-s0033-0000000049243728-0203-s_lc.fits
167337533,33,tess2020351194500-s0033-0000000167337533-0203-s_lc.fits
685253231,33,tess2020351194500-s0033-0000000685253231-0203-s_lc.fits
123727011,33,tess2020351194500-s0033-0000000123727011-0203-s_lc.fits
231813631,33,tess2020351194500-s0033-0000000231813631-0203-s_lc.fits
26593740,33,tess2020351194500-s0033-0000000026593740-0203-s_lc.fits
149449814,33,tess2020351194500-s0033-0000000149449814-0203-s_lc.fits
350954963,33,tess2020351194500-s0033-0000000350954963-0203-s_lc.fits
117669607,33,tess2020351194500-s0033-0000000117669607-0203-s_lc.fits
229385705,33,tess2020351194500-s0033-0000000229385705-0203-s_lc.fits
151561155,33,tess2020351194500-s0033-0000000151561155-0203-s_lc.fits
231731268,33,tess2020351194500-s0033-0000000231731268-0203-s_lc.fits
388129878,33,tess2020351194500-s0033-0000000388129878-0203-s_lc.fits
177308369,33,tess2020351194500-s0033-0000000177308369-0203-s_lc.fits
391746578,33,tess2020351194500-s0033-0000000391746578-0203-s_lc.fits
34435600,33,tess2020351194500-s0033-0000000034435600-0203-s_lc.fits
237957506,33,tess2020351194500-s0033-0000000237957506-0203-s_lc.fits
155459659,33,tess2020351194500-s0033-0000000155459659-0203-s_lc.fits
55760886,33,tess2020351194500-s0033-0000000055760886-0203-s_lc.fits
26588652,33,tess2020351194500-s0033-0000000026588652-0203-s_lc.fits
192847535,33,tess2020351194500-s0033-0000000192847535-0203-s_lc.fits
300141210,33,tess2020351194500-s0033-0000000300141210-0203-s_lc.fits
350433903,33,tess2020351194500-s0033-0000000350433903-0203-s_lc.fits
140212298,33,tess2020351194500-s0033-0000000140212298-0203-s_lc.fits
38827449,33,tess2020351194500-s0033-0000000038827449-0203-s_lc.fits
49614495,33,tess2020351194500-s0033-0000000049614495-0203-s_lc.fits
709898430,33,tess2020351194500-s0033-0000000709898430-0203-s_lc.fits
165207630,33,tess2020351194500-s0033-0000000165207630-0203-s_lc.fits
260269456,33,tess2020351194500-s0033-0000000260269456-0203-s_lc.fits
340358373,33,tess2020351194500-s0033-0000000340358373-0203-s_lc.fits
471012349,33,tess2020351194500-s0033-0000000471012349-0203-s_lc.fits
23545649,33,tess2020351194500-s0033-0000000023545649-0203-s_lc.fits
124079237,33,tess2020351194500-s0033-0000000124079237-0203-s_lc.fits
232043285,33,tess2020351194500-s0033-0000000232043285-0203-s_lc.fits
374857047,33,tess2020351194500-s0033-0000000374857047-0203-s_lc.fits
151588111,33,tess2020351194500-s0033-0000000151588111-0203-s_lc.fits
443088737,33,tess2020351194500-s0033-0000000443088737-0203-s_lc.fits
63895476,33,tess2020351194500-s0033-0000000063895476-0203-s_lc.fits
386532381,33,tess2020351194500-s0033-0000000386532381-0203-s_lc.fits
156629063,33,tess2020351194500-s0033-0000000156629063-0203-s_lc.fits
375091561,33,tess2020351194500-s0033-0000000375091561-0203-s_lc.fits
49771472,33,tess2020351194500-s0033-0000000049771472-0203-s_lc.fits
220603341,33,tess2020351194500-s0033-0000000220603341-0203-s_lc.fits
300031854,33,tess2020351194500-s0033-0000000300031854-0203-s_lc.fits
299622445,33,tess2020351194500-s0033-0000000299622445-0203-s_lc.fits
306893856,33,tess2020351194500-s0033-0000000306893856-0203-s_lc.fits
167719618,33,tess2020351194500-s0033-0000000167719618-0203-s_lc.fits
100761060,33,tess2020351194500-s0033-0000000100761060-0203-s_lc.fits
64780637,33,tess2020351194500-s0033-0000000064780637-0203-s_lc.fits
33065475,33,tess2020351194500-s0033-0000000033065475-0203-s_lc.fits
55401680,33,tess2020351194500-s0033-0000000055401680-0203-s_lc.fits
220435095,33,tess2020351194500-s0033-0000000220435095-0203-s_lc.fits
376983328,33,tess2020351194500-s0033-0000000376983328-0203-s_lc.fits
232052561,33,tess2020351194500-s0033-0000000232052561-0203-s_lc.fits
39416874,33,tess2020351194500-s0033-0000000039416874-0203-s_lc.fits
293693311,33,tess2020351194500-s0033-0000000293693311-0203-s_lc.fits
437962843,33,tess2020351194500-s0033-0000000437962843-0203-s_lc.fits
445991299,33,tess2020351194500-s0033-0000000445991299-0203-s_lc.fits
391745744,33,tess2020351194500-s0033-0000000391745744-0203-s_lc.fits
272546396,33,tess2020351194500-s0033-0000000272546396-0203-s_lc.fits
231722935,33,tess2020351194500-s0033-0000000231722935-0203-s_lc.fits
22641187,33,tess2020351194500-s0033-0000000022641187-0203-s_lc.fits
234265804,33,tess2020351194500-s0033-0000000234265804-0203-s_lc.fits
425216886,33,tess2020351194500-s0033-0000000425216886-0203-s_lc.fits
140938975,33,tess2020351194500-s0033-0000000140938975-0203-s_lc.fits
268462975,33,tess2020351194500-s0033-0000000268462975-0203-s_lc.fits
278957406,33,tess2020351194500-s0033-0000000278957406-0203-s_lc.fits
147802298,33,tess2020351194500-s0033-0000000147802298-0203-s_lc.fits
355276484,33,tess2020351194500-s0033-0000000355276484-0203-s_lc.fits
33834068,33,tess2020351194500-s0033-0000000033834068-0203-s_lc.fits
37736842,33,tess2020351194500-s0033-0000000037736842-0203-s_lc.fits
235410508,33,tess2020351194500-s0033-0000000235410508-0203-s_lc.fits
150247721,33,tess2020351194500-s0033-0000000150247721-0203-s_lc.fits
38762657,33,tess2020351194500-s0033-0000000038762657-0203-s_lc.fits
307811823,33,tess2020351194500-s0033-0000000307811823-0203-s_lc.fits
64065116,33,tess2020351194500-s0033-0000000064065116-0203-s_lc.fits
71678774,33,tess2020351194500-s0033-0000000071678774-0203-s_lc.fits
55661983,33,tess2020351194500-s0033-0000000055661983-0203-s_lc.fits
372850169,33,tess2020351194500-s0033-0000000372850169-0203-s_lc.fits
37501506,33,tess2020351194500-s0033-0000000037501506-0203-s_lc.fits
389672830,33,tess2020351194500-s0033-0000000389672830-0203-s_lc.fits
269279779,33,tess2020351194500-s0033-0000000269279779-0203-s_lc.fits
20073819,33,tess2020351194500-s0033-0000000020073819-0203-s_lc.fits
277108449,33,tess2020351194500-s0033-0000000277108449-0203-s_lc.fits
79210369,33,tess2020351194500-s0033-0000000079210369-0203-s_lc.fits
52393021,33,tess2020351194500-s0033-0000000052393021-0203-s_lc.fits
202227479,33,tess2020351194500-s0033-0000000202227479-0203-s_lc.fits
140760006,33,tess2020351194500-s0033-0000000140760006-0203-s_lc.fits
156913148,33,tess2020351194500-s0033-0000000156913148-0203-s_lc.fits
765575662,33,tess2020351194500-s0033-0000000765575662-0203-s_lc.fits
156578258,33,tess2020351194500-s0033-0000000156578258-0203-s_lc.fits
220395677,33,tess2020351194500-s0033-0000000220395677-0203-s_lc.fits
142107367,33,tess2020351194500-s0033-0000000142107367-0203-s_lc.fits
348842237,33,tess2020351194500-s0033-0000000348842237-0203-s_lc.fits
130646723,33,tess2020351194500-s0033-0000000130646723-0203-s_lc.fits
453079732,33,tess2020351194500-s0033-0000000453079732-0203-s_lc.fits
372428344,33,tess2020351194500-s0033-0000000372428344-0203-s_lc.fits
346313509,33,tess2020351194500-s0033-0000000346313509-0203-s_lc.fits
389833159,33,tess2020351194500-s0033-0000000389833159-0203-s_lc.fits
220437188,33,tess2020351194500-s0033-0000000220437188-0203-s_lc.fits
280704197,33,tess2020351194500-s0033-0000000280704197-0203-s_lc.fits
33739388,33,tess2020351194500-s0033-0000000033739388-0203-s_lc.fits
440802476,33,tess2020351194500-s0033-0000000440802476-0203-s_lc.fits
317477615,33,tess2020351194500-s0033-0000000317477615-0203-s_lc.fits
206680304,33,tess2020351194500-s0033-0000000206680304-0203-s_lc.fits
167119619,33,tess2020351194500-s0033-0000000167119619-0203-s_lc.fits
282501711,33,tess2020351194500-s0033-0000000282501711-0203-s_lc.fits
78489453,33,tess2020351194500-s0033-0000000078489453-0203-s_lc.fits
382258935,33,tess2020351194500-s0033-0000000382258935-0203-s_lc.fits
38824274,33,tess2020351194500-s0033-0000000038824274-0203-s_lc.fits
200391286,33,tess2020351194500-s0033-0000000200391286-0203-s_lc.fits
38906005,33,tess2020351194500-s0033-0000000038906005-0203-s_lc.fits
317696391,33,tess2020351194500-s0033-0000000317696391-0203-s_lc.fits
219198952,33,tess2020351194500-s0033-0000000219198952-0203-s_lc.fits
150358579,33,tess2020351194500-s0033-0000000150358579-0203-s_lc.fits
96581593,33,tess2020351194500-s0033-0000000096581593-0203-s_lc.fits
149391335,33,tess2020351194500-s0033-0000000149391335-0203-s_lc.fits
355451306,33,tess2020351194500-s0033-0000000355451306-0203-s_lc.fits
59712991,33,tess2020351194500-s0033-0000000059712991-0203-s_lc.fits
468962967,33,tess2020351194500-s0033-0000000468962967-0203-s_lc.fits
167812505,33,tess2020351194500-s0033-0000000167812505-0203-s_lc.fits
238192427,33,tess2020351194500-s0033-0000000238192427-0203-s_lc.fits
287528665,33,tess2020351194500-s0033-0000000287528665-0203-s_lc.fits
167792486,33,tess2020351194500-s0033-0000000167792486-0203-s_lc.fits
373917816,33,tess2020351194500-s0033-0000000373917816-0203-s_lc.fits
349966449,33,tess2020351194500-s0033-0000000349966449-0203-s_lc.fits
72094031,33,tess2020351194500-s0033-0000000072094031-0203-s_lc.fits
265615447,33,tess2020351194500-s0033-0000000265615447-0203-s_lc.fits
61913607,33,tess2020351194500-s0033-0000000061913607-0203-s_lc.fits
33006416,33,tess2020351194500-s0033-0000000033006416-0203-s_lc.fits
55662550,33,tess2020351194500-s0033-0000000055662550-0203-s_lc.fits
257721686,33,tess2020351194500-s0033-0000000257721686-0203-s_lc.fits
80965475,33,tess2020351194500-s0033-0000000080965475-0203-s_lc.fits
120741664,33,tess2020351194500-s0033-0000000120741664-0203-s_lc.fits
220616718,33,tess2020351194500-s0033-0000000220616718-0203-s_lc.fits
149175859,33,tess2020351194500-s0033-0000000149175859-0203-s_lc.fits
134288746,33,tess2020351194500-s0033-0000000134288746-0203-s_lc.fits
26460788,33,tess2020351194500-s0033-0000000026460788-0203-s_lc.fits
235445930,33,tess2020351194500-s0033-0000000235445930-0203-s_lc.fits
300867625,33,tess2020351194500-s0033-0000000300867625-0203-s_lc.fits
434371597,33,tess2020351194500-s0033-0000000434371597-0203-s_lc.fits
140802498,33,tess2020351194500-s0033-0000000140802498-0203-s_lc.fits
272128852,33,tess2020351194500-s0033-0000000272128852-0203-s_lc.fits
438074879,33,tess2020351194500-s0033-0000000438074879-0203-s_lc.fits
158733407,33,tess2020351194500-s0033-0000000158733407-0203-s_lc.fits
220414807,33,tess2020351194500-s0033-0000000220414807-0203-s_lc.fits
765325999,33,tess2020351194500-s0033-0000000765325999-0203-s_lc.fits
425086354,33,tess2020351194500-s0033-0000000425086354-0203-s_lc.fits
176724122,33,tess2020351194500-s0033-0000000176724122-0203-s_lc.fits
53826437,33,tess2020351194500-s0033-0000000053826437-0203-s_lc.fits
425091706,33,tess2020351194500-s0033-0000000425091706-0203-s_lc.fits
140630635,33,tess2020351194500-s0033-0000000140630635-0203-s_lc.fits
141157161,33,tess2020351194500-s0033-0000000141157161-0203-s_lc.fits
35715567,33,tess2020351194500-s0033-0000000035715567-0203-s_lc.fits
23458652,33,tess2020351194500-s0033-0000000023458652-0203-s_lc.fits
123589066,33,tess2020351194500-s0033-0000000123589066-0203-s_lc.fits
231717644,33,tess2020351194500-s0033-0000000231717644-0203-s_lc.fits
55663810,33,tess2020351194500-s0033-0000000055663810-0203-s_lc.fits
759929255,33,tess2020351194500-s0033-0000000759929255-0203-s_lc.fits
119443278,33,tess2020351194500-s0033-0000000119443278-0203-s_lc.fits
238951225,33,tess2020351194500-s0033-0000000238951225-0203-s_lc.fits
238030184,33,tess2020351194500-s0033-0000000238030184-0203-s_lc.fits
232049959,33,tess2020351194500-s0033-0000000232049959-0203-s_lc.fits
124846028,33,tess2020351194500-s0033-0000000124846028-0203-s_lc.fits
33166332,33,tess2020351194500-s0033-0000000033166332-0203-s_lc.fits
265162179,33,tess2020351194500-s0033-0000000265162179-0203-s_lc.fits
26336147,33,tess2020351194500-s0033-0000000026336147-0203-s_lc.fits
124429243,33,tess2020351194500-s0033-0000000124429243-0203-s_lc.fits
119744378,33,tess2020351194500-s0033-0000000119744378-0203-s_lc.fits
30192406,33,tess2020351194500-s0033-0000000030192406-0203-s_lc.fits
5051080,33,tess2020351194500-s0033-0000000005051080-0203-s_lc.fits
453856464,33,tess2020351194500-s0033-0000000453856464-0203-s_lc.fits
143207960,33,tess2020351194500-s0033-0000000143207960-0203-s_lc.fits
99248473,33,tess2020351194500-s0033-0000000099248473-0203-s_lc.fits
79539440,33,tess2020351194500-s0033-0000000079539440-0203-s_lc.fits
150101617,33,tess2020351194500-s0033-0000000150101617-0203-s_lc.fits
350840417,33,tess2020351194500-s0033-0000000350840417-0203-s_lc.fits
350839744,33,tess2020351194500-s0033-0000000350839744-0203-s_lc.fits
238225894,33,tess2020351194500-s0033-0000000238225894-0203-s_lc.fits
231739745,33,tess2020351194500-s0033-0000000231739745-0203-s_lc.fits
26461378,33,tess2020351194500-s0033-0000000026461378-0203-s_lc.fits
238013534,33,tess2020351194500-s0033-0000000238013534-0203-s_lc.fits
229263297,33,tess2020351194500-s0033-0000000229263297-0203-s_lc.fits
59948339,33,tess2020351194500-s0033-0000000059948339-0203-s_lc.fits
147771633,33,tess2020351194500-s0033-0000000147771633-0203-s_lc.fits
391901960,33,tess2020351194500-s0033-0000000391901960-0203-s_lc.fits
219195044,33,tess2020351194500-s0033-0000000219195044-0203-s_lc.fits
150393623,33,tess2020351194500-s0033-0000000150393623-0203-s_lc.fits
177254247,33,tess2020351194500-s0033-0000000177254247-0203-s_lc.fits
349681799,33,tess2020351194500-s0033-0000000349681799-0203-s_lc.fits
155307423,33,tess2020351194500-s0033-0000000155307423-0203-s_lc.fits
141093029,33,tess2020351194500-s0033-0000000141093029-0203-s_lc.fits
349483886,33,tess2020351194500-s0033-0000000349483886-0203-s_lc.fits
234775840,33,tess2020351194500-s0033-0000000234775840-0203-s_lc.fits
32497529,33,tess2020351194500-s0033-0000000032497529-0203-s_lc.fits
247830048,33,tess2020351194500-s0033-0000000247830048-0203-s_lc.fits
167549024,33,tess2020351194500-s0033-0000000167549024-0203-s_lc.fits
318228171,33,tess2020351194500-s0033-0000000318228171-0203-s_lc.fits
53320676,33,tess2020351194500-s0033-0000000053320676-0203-s_lc.fits
260640910,33,tess2020351194500-s0033-0000000260640910-0203-s_lc.fits
318417618,33,tess2020351194500-s0033-0000000318417618-0203-s_lc.fits
234895566,33,tess2020351194500-s0033-0000000234895566-0203-s_lc.fits
61914309,33,tess2020351194500-s0033-0000000061914309-0203-s_lc.fits
393410985,33,tess2020351194500-s0033-0000000393410985-0203-s_lc.fits
235044407,33,tess2020351194500-s0033-0000000235044407-0203-s_lc.fits
167651305,33,tess2020351194500-s0033-0000000167651305-0203-s_lc.fits
260239455,33,tess2020351194500-s0033-0000000260239455-0203-s_lc.fits
219411132,33,tess2020351194500-s0033-0000000219411132-0203-s_lc.fits
123577859,33,tess2020351194500-s0033-0000000123577859-0203-s_lc.fits
282209645,33,tess2020351194500-s0033-0000000282209645-0203-s_lc.fits
349907990,33,tess2020351194500-s0033-0000000349907990-0203-s_lc.fits
55526478,33,tess2020351194500-s0033-0000000055526478-0203-s_lc.fits
72419078,33,tess2020351194500-s0033-0000000072419078-0203-s_lc.fits
91921342,33,tess2020351194500-s0033-0000000091921342-0203-s_lc.fits
277022714,33,tess2020351194500-s0033-0000000277022714-0203-s_lc.fits
340062939,33,tess2020351194500-s0033-0000000340062939-0203-s_lc.fits
291465526,33,tess2020351194500-s0033-0000000291465526-0203-s_lc.fits
168057895,33,tess2020351194500-s0033-0000000168057895-0203-s_lc.fits
26642847,33,tess2020351194500-s0033-0000000026642847-0203-s_lc.fits
192826603,33,tess2020351194500-s0033-0000000192826603-0203-s_lc.fits
35952440,33,tess2020351194500-s0033-0000000035952440-0203-s_lc.fits
24626896,33,tess2020351194500-s0033-0000000024626896-0203-s_lc.fits
119408037,33,tess2020351194500-s0033-0000000119408037-0203-s_lc.fits
260355230,33,tess2020351194500-s0033-0000000260355230-0203-s_lc.fits
260244435,33,tess2020351194500-s0033-0000000260244435-0203-s_lc.fits
168429146,33,tess2020351194500-s0033-0000000168429146-0203-s_lc.fits
445582160,33,tess2020351194500-s0033-0000000445582160-0203-s_lc.fits
140660334,33,tess2020351194500-s0033-0000000140660334-0203-s_lc.fits
744834757,33,tess2020351194500-s0033-0000000744834757-0203-s_lc.fits
734698973,33,tess2020351194500-s0033-0000000734698973-0203-s_lc.fits
229194650,33,tess2020351194500-s0033-0000000229194650-0203-s_lc.fits
235329769,33,tess2020351194500-s0033-0000000235329769-0203-s_lc.fits
453855004,33,tess2020351194500-s0033-0000000453855004-0203-s_lc.fits
149252670,33,tess2020351194500-s0033-0000000149252670-0203-s_lc.fits
65292864,33,tess2020351194500-s0033-0000000065292864-0203-s_lc.fits
443548811,33,tess2020351194500-s0033-0000000443548811-0203-s_lc.fits
220434573,33,tess2020351194500-s0033-0000000220434573-0203-s_lc.fits
33063758,33,tess2020351194500-s0033-0000000033063758-0203-s_lc.fits
41033344,33,tess2020351194500-s0033-0000000041033344-0203-s_lc.fits
33148853,33,tess2020351194500-s0033-0000000033148853-0203-s_lc.fits
263945736,33,tess2020351194500-s0033-0000000263945736-0203-s_lc.fits
100759970,33,tess2020351194500-s0033-0000000100759970-0203-s_lc.fits
306658481,33,tess2020351194500-s0033-0000000306658481-0203-s_lc.fits
255760319,33,tess2020351194500-s0033-0000000255760319-0203-s_lc.fits
238062199,33,tess2020351194500-s0033-0000000238062199-0203-s_lc.fits
219428075,33,tess2020351194500-s0033-0000000219428075-0203-s_lc.fits
207020233,33,tess2020351194500-s0033-0000000207020233-0203-s_lc.fits
283206453,33,tess2020351194500-s0033-0000000283206453-0203-s_lc.fits
294626348,33,tess2020351194500-s0033-0000000294626348-0203-s_lc.fits
272087068,33,tess2020351194500-s0033-0000000272087068-0203-s_lc.fits
319433485,33,tess2020351194500-s0033-0000000319433485-0203-s_lc.fits
53170700,33,tess2020351194500-s0033-0000000053170700-0203-s_lc.fits
141606958,33,tess2020351194500-s0033-0000000141606958-0203-s_lc.fits
149174494,33,tess2020351194500-s0033-0000000149174494-0203-s_lc.fits
281634192,33,tess2020351194500-s0033-0000000281634192-0203-s_lc.fits
250595513,33,tess2020351194500-s0033-0000000250595513-0203-s_lc.fits
382268257,33,tess2020351194500-s0033-0000000382268257-0203-s_lc.fits
425201066,33,tess2020351194500-s0033-0000000425201066-0203-s_lc.fits
30931288,33,tess2020351194500-s0033-0000000030931288-0203-s_lc.fits
294329266,33,tess2020351194500-s0033-0000000294329266-0203-s_lc.fits
140828333,33,tess2020351194500-s0033-0000000140828333-0203-s_lc.fits
234935791,33,tess2020351194500-s0033-0000000234935791-0203-s_lc.fits
293694290,33,tess2020351194500-s0033-0000000293694290-0203-s_lc.fits
80924708,33,tess2020351194500-s0033-0000000080924708-0203-s_lc.fits
65057476,33,tess2020351194500-s0033-0000000065057476-0203-s_lc.fits
59616434,33,tess2020351194500-s0033-0000000059616434-0203-s_lc.fits
21713120,33,tess2020351194500-s0033-0000000021713120-0203-s_lc.fits
291962909,33,tess2020351194500-s0033-0000000291962909-0203-s_lc.fits
20295546,33,tess2020351194500-s0033-0000000020295546-0203-s_lc.fits
98885656,33,tess2020351194500-s0033-0000000098885656-0203-s_lc.fits
350620011,33,tess2020351194500-s0033-0000000350620011-0203-s_lc.fits
147855136,33,tess2020351194500-s0033-0000000147855136-0203-s_lc.fits
123851787,33,tess2020351194500-s0033-0000000123851787-0203-s_lc.fits
260004324,33,tess2020351194500-s0033-0000000260004324-0203-s_lc.fits
201468889,33,tess2020351194500-s0033-0000000201468889-0203-s_lc.fits
220114146,33,tess2020351194500-s0033-0000000220114146-0203-s_lc.fits
234664557,33,tess2020351194500-s0033-0000000234664557-0203-s_lc.fits
123952612,33,tess2020351194500-s0033-0000000123952612-0203-s_lc.fits
393296123,33,tess2020351194500-s0033-0000000393296123-0203-s_lc.fits
177433566,33,tess2020351194500-s0033-0000000177433566-0203-s_lc.fits
425169985,33,tess2020351194500-s0033-0000000425169985-0203-s_lc.fits
99685499,33,tess2020351194500-s0033-0000000099685499-0203-s_lc.fits
317719322,33,tess2020351194500-s0033-0000000317719322-0203-s_lc.fits
140598464,33,tess2020351194500-s0033-0000000140598464-0203-s_lc.fits
445517317,33,tess2020351194500-s0033-0000000445517317-0203-s_lc.fits
404933493,33,tess2020351194500-s0033-0000000404933493-0203-s_lc.fits
278684745,33,tess2020351194500-s0033-0000000278684745-0203-s_lc.fits
232453197,33,tess2020351194500-s0033-0000000232453197-0203-s_lc.fits
231823835,33,tess2020351194500-s0033-0000000231823835-0203-s_lc.fits
350840339,33,tess2020351194500-s0033-0000000350840339-0203-s_lc.fits
172120810,33,tess2020351194500-s0033-0000000172120810-0203-s_lc.fits
48233427,33,tess2020351194500-s0033-0000000048233427-0203-s_lc.fits
434399445,33,tess2020351194500-s0033-0000000434399445-0203-s_lc.fits
350334038,33,tess2020351194500-s0033-0000000350334038-0203-s_lc.fits
219401354,33,tess2020351194500-s0033-0000000219401354-0203-s_lc.fits
100479950,33,tess2020351194500-s0033-0000000100479950-0203-s_lc.fits
350742475,33,tess2020351194500-s0033-0000000350742475-0203-s_lc.fits
80703015,33,tess2020351194500-s0033-0000000080703015-0203-s_lc.fits
143287670,33,tess2020351194500-s0033-0000000143287670-0203-s_lc.fits
172195260,33,tess2020351194500-s0033-0000000172195260-0203-s_lc.fits
375059949,33,tess2020351194500-s0033-0000000375059949-0203-s_lc.fits
155143014,33,tess2020351194500-s0033-0000000155143014-0203-s_lc.fits
140761757,33,tess2020351194500-s0033-0000000140761757-0203-s_lc.fits
317190266,33,tess2020351194500-s0033-0000000317190266-0203-s_lc.fits
55498904,33,tess2020351194500-s0033-0000000055498904-0203-s_lc.fits
124382410,33,tess2020351194500-s0033-0000000124382410-0203-s_lc.fits
754762990,33,tess2020351194500-s0033-0000000754762990-0203-s_lc.fits
235049301,33,tess2020351194500-s0033-0000000235049301-0203-s_lc.fits
440823997,33,tess2020351194500-s0033-0000000440823997-0203-s_lc.fits
268452905,33,tess2020351194500-s0033-0000000268452905-0203-s_lc.fits
241992535,33,tess2020351194500-s0033-0000000241992535-0203-s_lc.fits
31011838,33,tess2020351194500-s0033-0000000031011838-0203-s_lc.fits
29781308,33,tess2020351194500-s0033-0000000029781308-0203-s_lc.fits
167814411,33,tess2020351194500-s0033-0000000167814411-0203-s_lc.fits
262137396,33,tess2020351194500-s0033-0000000262137396-0203-s_lc.fits
55298910,33,tess2020351194500-s0033-0000000055298910-0203-s_lc.fits
97159602,33,tess2020351194500-s0033-0000000097159602-0203-s_lc.fits
231721925,33,tess2020351194500-s0033-0000000231721925-0203-s_lc.fits
130374191,33,tess2020351194500-s0033-0000000130374191-0203-s_lc.fits
12035634,33,tess2020351194500-s0033-0000000012035634-0203-s_lc.fits
143125075,33,tess2020351194500-s0033-0000000143125075-0203-s_lc.fits
242198662,33,tess2020351194500-s0033-0000000242198662-0203-s_lc.fits
153490558,33,tess2020351194500-s0033-0000000153490558-0203-s_lc.fits
147035057,33,tess2020351194500-s0033-0000000147035057-0203-s_lc.fits
443220240,33,tess2020351194500-s0033-0000000443220240-0203-s_lc.fits
52902858,33,tess2020351194500-s0033-0000000052902858-0203-s_lc.fits
292711919,33,tess2020351194500-s0033-0000000292711919-0203-s_lc.fits
409006261,33,tess2020351194500-s0033-0000000409006261-0203-s_lc.fits
32702481,33,tess2020351194500-s0033-0000000032702481-0203-s_lc.fits
49307213,33,tess2020351194500-s0033-0000000049307213-0203-s_lc.fits
46688944,33,tess2020351194500-s0033-0000000046688944-0203-s_lc.fits
149449388,33,tess2020351194500-s0033-0000000149449388-0203-s_lc.fits
271639491,33,tess2020351194500-s0033-0000000271639491-0203-s_lc.fits
176983629,33,tess2020351194500-s0033-0000000176983629-0203-s_lc.fits
141425549,33,tess2020351194500-s0033-0000000141425549-0203-s_lc.fits
219404497,33,tess2020351194500-s0033-0000000219404497-0203-s_lc.fits
382303213,33,tess2020351194500-s0033-0000000382303213-0203-s_lc.fits
170361614,33,tess2020351194500-s0033-0000000170361614-0203-s_lc.fits
219154198,33,tess2020351194500-s0033-0000000219154198-0203-s_lc.fits
192825710,33,tess2020351194500-s0033-0000000192825710-0203-s_lc.fits
148273829,33,tess2020351194500-s0033-0000000148273829-0203-s_lc.fits
167111196,33,tess2020351194500-s0033-0000000167111196-0203-s_lc.fits
232038887,33,tess2020351194500-s0033-0000000232038887-0203-s_lc.fits
708811233,33,tess2020351194500-s0033-0000000708811233-0203-s_lc.fits
51926652,33,tess2020351194500-s0033-0000000051926652-0203-s_lc.fits
200387255,33,tess2020351194500-s0033-0000000200387255-0203-s_lc.fits
279250855,33,tess2020351194500-s0033-0000000279250855-0203-s_lc.fits
155459849,33,tess2020351194500-s0033-0000000155459849-0203-s_lc.fits
220436741,33,tess2020351194500-s0033-0000000220436741-0203-s_lc.fits
350708927,33,tess2020351194500-s0033-0000000350708927-0203-s_lc.fits
5374362,33,tess2020351194500-s0033-0000000005374362-0203-s_lc.fits
20093157,33,tess2020351194500-s0033-0000000020093157-0203-s_lc.fits
302804288,33,tess2020351194500-s0033-0000000302804288-0203-s_lc.fits
31960529,33,tess2020351194500-s0033-0000000031960529-0203-s_lc.fits
299563932,33,tess2020351194500-s0033-0000000299563932-0203-s_lc.fits
97790682,33,tess2020351194500-s0033-0000000097790682-0203-s_lc.fits
453104507,33,tess2020351194500-s0033-0000000453104507-0203-s_lc.fits
355457311,33,tess2020351194500-s0033-0000000355457311-0203-s_lc.fits
260504177,33,tess2020351194500-s0033-0000000260504177-0203-s_lc.fits
143280886,33,tess2020351194500-s0033-0000000143280886-0203-s_lc.fits
167602316,33,tess2020351194500-s0033-0000000167602316-0203-s_lc.fits
350274835,33,tess2020351194500-s0033-0000000350274835-0203-s_lc.fits
389863815,33,tess2020351194500-s0033-0000000389863815-0203-s_lc.fits
66529546,33,tess2020351194500-s0033-0000000066529546-0203-s_lc.fits
443313588,33,tess2020351194500-s0033-0000000443313588-0203-s_lc.fits
232197531,33,tess2020351194500-s0033-0000000232197531-0203-s_lc.fits
238073682,33,tess2020351194500-s0033-0000000238073682-0203-s_lc.fits
167249373,33,tess2020351194500-s0033-0000000167249373-0203-s_lc.fits
37115133,33,tess2020351194500-s0033-0000000037115133-0203-s_lc.fits
445521764,33,tess2020351194500-s0033-0000000445521764-0203-s_lc.fits
192829594,33,tess2020351194500-s0033-0000000192829594-0203-s_lc.fits
80840025,33,tess2020351194500-s0033-0000000080840025-0203-s_lc.fits
229275927,33,tess2020351194500-s0033-0000000229275927-0203-s_lc.fits
291258469,33,tess2020351194500-s0033-0000000291258469-0203-s_lc.fits
280301833,33,tess2020351194500-s0033-0000000280301833-0203-s_lc.fits
38461400,33,tess2020351194500-s0033-0000000038461400-0203-s_lc.fits
32050940,33,tess2020351194500-s0033-0000000032050940-0203-s_lc.fits
167332151,33,tess2020351194500-s0033-0000000167332151-0203-s_lc.fits
99250472,33,tess2020351194500-s0033-0000000099250472-0203-s_lc.fits
159027385,33,tess2020351194500-s0033-0000000159027385-0203-s_lc.fits
200385514,33,tess2020351194500-s0033-0000000200385514-0203-s_lc.fits
300740141,33,tess2020351194500-s0033-0000000300740141-0203-s_lc.fits
102288569,33,tess2020351194500-s0033-0000000102288569-0203-s_lc.fits
349060295,33,tess2020351194500-s0033-0000000349060295-0203-s_lc.fits
141152400,33,tess2020351194500-s0033-0000000141152400-0203-s_lc.fits
238005320,33,tess2020351194500-s0033-0000000238005320-0203-s_lc.fits
234834992,33,tess2020351194500-s0033-0000000234834992-0203-s_lc.fits
264408298,33,tess2020351194500-s0033-0000000264408298-0203-s_lc.fits
231974223,33,tess2020351194500-s0033-0000000231974223-0203-s_lc.fits
25122814,33,tess2020351194500-s0033-0000000025122814-0203-s_lc.fits
268773103,33,tess2020351194500-s0033-0000000268773103-0203-s_lc.fits
167890721,33,tess2020351194500-s0033-0000000167890721-0203-s_lc.fits
382265694,33,tess2020351194500-s0033-0000000382265694-0203-s_lc.fits
336989904,33,tess2020351194500-s0033-0000000336989904-0203-s_lc.fits
34792467,33,tess2020351194500-s0033-0000000034792467-0203-s_lc.fits
284129581,33,tess2020351194500-s0033-0000000284129581-0203-s_lc.fits
55555122,33,tess2020351194500-s0033-0000000055555122-0203-s_lc.fits
237830101,33,tess2020351194500-s0033-0000000237830101-0203-s_lc.fits
167554037,33,tess2020351194500-s0033-0000000167554037-0203-s_lc.fits
307250289,33,tess2020351194500-s0033-0000000307250289-0203-s_lc.fits
33421290,33,tess2020351194500-s0033-0000000033421290-0203-s_lc.fits
299281569,33,tess2020351194500-s0033-0000000299281569-0203-s_lc.fits
319618492,33,tess2020351194500-s0033-0000000319618492-0203-s_lc.fits
93443364,33,tess2020351194500-s0033-0000000093443364-0203-s_lc.fits
296072767,33,tess2020351194500-s0033-0000000296072767-0203-s_lc.fits
468960120,33,tess2020351194500-s0033-0000000468960120-0203-s_lc.fits
234714167,33,tess2020351194500-s0033-0000000234714167-0203-s_lc.fits
66236143,33,tess2020351194500-s0033-0000000066236143-0203-s_lc.fits
64138023,33,tess2020351194500-s0033-0000000064138023-0203-s_lc.fits
278684081,33,tess2020351194500-s0033-0000000278684081-0203-s_lc.fits
307158324,33,tess2020351194500-s0033-0000000307158324-0203-s_lc.fits
386528873,33,tess2020351194500-s0033-0000000386528873-0203-s_lc.fits
141770609,33,tess2020351194500-s0033-0000000141770609-0203-s_lc.fits
231743104,33,tess2020351194500-s0033-0000000231743104-0203-s_lc.fits
66975505,33,tess2020351194500-s0033-0000000066975505-0203-s_lc.fits
7464128,33,tess2020351194500-s0033-0000000007464128-0203-s_lc.fits
33836359,33,tess2020351194500-s0033-0000000033836359-0203-s_lc.fits
66233281,33,tess2020351194500-s0033-0000000066233281-0203-s_lc.fits
683837451,33,tess2020351194500-s0033-0000000683837451-0203-s_lc.fits
382246231,33,tess2020351194500-s0033-0000000382246231-0203-s_lc.fits
177434621,33,tess2020351194500-s0033-0000000177434621-0203-s_lc.fits
404852096,33,tess2020351194500-s0033-0000000404852096-0203-s_lc.fits
370038958,33,tess2020351194500-s0033-0000000370038958-0203-s_lc.fits
349830679,33,tess2020351194500-s0033-0000000349830679-0203-s_lc.fits
167756698,33,tess2020351194500-s0033-0000000167756698-0203-s_lc.fits
382517621,33,tess2020351194500-s0033-0000000382517621-0203-s_lc.fits
707086394,33,tess2020351194500-s0033-0000000707086394-0203-s_lc.fits
98547679,33,tess2020351194500-s0033-0000000098547679-0203-s_lc.fits
150188736,33,tess2020351194500-s0033-0000000150188736-0203-s_lc.fits
350655701,33,tess2020351194500-s0033-0000000350655701-0203-s_lc.fits
170276174,33,tess2020351194500-s0033-0000000170276174-0203-s_lc.fits
389363695,33,tess2020351194500-s0033-0000000389363695-0203-s_lc.fits
220342155,33,tess2020351194500-s0033-0000000220342155-0203-s_lc.fits
20143906,33,tess2020351194500-s0033-0000000020143906-0203-s_lc.fits
457094678,33,tess2020351194500-s0033-0000000457094678-0203-s_lc.fits
12159553,33,tess2020351194500-s0033-0000000012159553-0203-s_lc.fits
53820984,33,tess2020351194500-s0033-0000000053820984-0203-s_lc.fits
52109701,33,tess2020351194500-s0033-0000000052109701-0203-s_lc.fits
266190412,33,tess2020351194500-s0033-0000000266190412-0203-s_lc.fits
350298298,33,tess2020351194500-s0033-0000000350298298-0203-s_lc.fits
250524255,33,tess2020351194500-s0033-0000000250524255-0203-s_lc.fits
358154354,33,tess2020351194500-s0033-0000000358154354-0203-s_lc.fits
55760618,33,tess2020351194500-s0033-0000000055760618-0203-s_lc.fits
255682153,33,tess2020351194500-s0033-0000000255682153-0203-s_lc.fits
50986910,33,tess2020351194500-s0033-0000000050986910-0203-s_lc.fits
340064512,33,tess2020351194500-s0033-0000000340064512-0203-s_lc.fits
118789398,33,tess2020351194500-s0033-0000000118789398-0203-s_lc.fits
234933443,33,tess2020351194500-s0033-0000000234933443-0203-s_lc.fits
350144504,33,tess2020351194500-s0033-0000000350144504-0203-s_lc.fits
32638718,33,tess2020351194500-s0033-0000000032638718-0203-s_lc.fits
229304141,33,tess2020351194500-s0033-0000000229304141-0203-s_lc.fits
31311109,33,tess2020351194500-s0033-0000000031311109-0203-s_lc.fits
134500902,33,tess2020351194500-s0033-0000000134500902-0203-s_lc.fits
10826938,33,tess2020351194500-s0033-0000000010826938-0203-s_lc.fits
219168056,33,tess2020351194500-s0033-0000000219168056-0203-s_lc.fits
346316634,33,tess2020351194500-s0033-0000000346316634-0203-s_lc.fits
106493222,33,tess2020351194500-s0033-0000000106493222-0203-s_lc.fits
49607293,33,tess2020351194500-s0033-0000000049607293-0203-s_lc.fits
349411938,33,tess2020351194500-s0033-0000000349411938-0203-s_lc.fits
220138204,33,tess2020351194500-s0033-0000000220138204-0203-s_lc.fits
320544961,33,tess2020351194500-s0033-0000000320544961-0203-s_lc.fits
232160162,33,tess2020351194500-s0033-0000000232160162-0203-s_lc.fits
21725537,33,tess2020351194500-s0033-0000000021725537-0203-s_lc.fits
349764145,33,tess2020351194500-s0033-0000000349764145-0203-s_lc.fits
123898871,33,tess2020351194500-s0033-0000000123898871-0203-s_lc.fits
125199754,33,tess2020351194500-s0033-0000000125199754-0203-s_lc.fits
130515176,33,tess2020351194500-s0033-0000000130515176-0203-s_lc.fits
72313692,33,tess2020351194500-s0033-0000000072313692-0203-s_lc.fits
165148624,33,tess2020351194500-s0033-0000000165148624-0203-s_lc.fits
408855691,33,tess2020351194500-s0033-0000000408855691-0203-s_lc.fits
14611330,33,tess2020351194500-s0033-0000000014611330-0203-s_lc.fits
177385479,33,tess2020351194500-s0033-0000000177385479-0203-s_lc.fits
25510041,33,tess2020351194500-s0033-0000000025510041-0203-s_lc.fits
319473131,33,tess2020351194500-s0033-0000000319473131-0203-s_lc.fits
66533277,33,tess2020351194500-s0033-0000000066533277-0203-s_lc.fits
219164117,33,tess2020351194500-s0033-0000000219164117-0203-s_lc.fits
167721744,33,tess2020351194500-s0033-0000000167721744-0203-s_lc.fits
461712538,33,tess2020351194500-s0033-0000000461712538-0203-s_lc.fits
277016043,33,tess2020351194500-s0033-0000000277016043-0203-s_lc.fits
65195360,33,tess2020351194500-s0033-0000000065195360-0203-s_lc.fits
36443026,33,tess2020351194500-s0033-0000000036443026-0203-s_lc.fits
258983343,33,tess2020351194500-s0033-0000000258983343-0203-s_lc.fits
119760167,33,tess2020351194500-s0033-0000000119760167-0203-s_lc.fits
358402475,33,tess2020351194500-s0033-0000000358402475-0203-s_lc.fits
167889859,33,tess2020351194500-s0033-0000000167889859-0203-s_lc.fits
355357987,33,tess2020351194500-s0033-0000000355357987-0203-s_lc.fits
150513194,33,tess2020351194500-s0033-0000000150513194-0203-s_lc.fits
262702142,33,tess2020351194500-s0033-0000000262702142-0203-s_lc.fits
159089041,33,tess2020351194500-s0033-0000000159089041-0203-s_lc.fits
232294614,33,tess2020351194500-s0033-0000000232294614-0203-s_lc.fits
453188282,33,tess2020351194500-s0033-0000000453188282-0203-s_lc.fits
350583992,33,tess2020351194500-s0033-0000000350583992-0203-s_lc.fits
293850460,33,tess2020351194500-s0033-0000000293850460-0203-s_lc.fits
167031274,33,tess2020351194500-s0033-0000000167031274-0203-s_lc.fits
229282148,33,tess2020351194500-s0033-0000000229282148-0203-s_lc.fits
339672028,33,tess2020351194500-s0033-0000000339672028-0203-s_lc.fits
235062311,33,tess2020351194500-s0033-0000000235062311-0203-s_lc.fits
93281951,33,tess2020351194500-s0033-0000000093281951-0203-s_lc.fits
52914861,33,tess2020351194500-s0033-0000000052914861-0203-s_lc.fits
117815455,33,tess2020351194500-s0033-0000000117815455-0203-s_lc.fits
26180379,33,tess2020351194500-s0033-0000000026180379-0203-s_lc.fits
41230322,33,tess2020351194500-s0033-0000000041230322-0203-s_lc.fits
25064941,33,tess2020351194500-s0033-0000000025064941-0203-s_lc.fits
7324247,33,tess2020351194500-s0033-0000000007324247-0203-s_lc.fits
333337657,33,tess2020351194500-s0033-0000000333337657-0203-s_lc.fits
232403580,33,tess2020351194500-s0033-0000000232403580-0203-s_lc.fits
142050276,33,tess2020351194500-s0033-0000000142050276-0203-s_lc.fits
317922796,33,tess2020351194500-s0033-0000000317922796-0203-s_lc.fits
287435694,33,tess2020351194500-s0033-0000000287435694-0203-s_lc.fits
142105308,33,tess2020351194500-s0033-0000000142105308-0203-s_lc.fits
151239571,33,tess2020351194500-s0033-0000000151239571-0203-s_lc.fits
238189694,33,tess2020351194500-s0033-0000000238189694-0203-s_lc.fits
178119656,33,tess2020351194500-s0033-0000000178119656-0203-s_lc.fits
167249270,33,tess2020351194500-s0033-0000000167249270-0203-s_lc.fits
55497082,33,tess2020351194500-s0033-0000000055497082-0203-s_lc.fits
434376958,33,tess2020351194500-s0033-0000000434376958-0203-s_lc.fits
260605506,33,tess2020351194500-s0033-0000000260605506-0203-s_lc.fits
172028330,33,tess2020351194500-s0033-0000000172028330-0203-s_lc.fits
355281777,33,tess2020351194500-s0033-0000000355281777-0203-s_lc.fits
53324521,33,tess2020351194500-s0033-0000000053324521-0203-s_lc.fits
151515101,33,tess2020351194500-s0033-0000000151515101-0203-s_lc.fits
263941060,33,tess2020351194500-s0033-0000000263941060-0203-s_lc.fits
306779124,33,tess2020351194500-s0033-0000000306779124-0203-s_lc.fits
234700393,33,tess2020351194500-s0033-0000000234700393-0203-s_lc.fits
52491422,33,tess2020351194500-s0033-0000000052491422-0203-s_lc.fits
317418082,33,tess2020351194500-s0033-0000000317418082-0203-s_lc.fits
79144027,33,tess2020351194500-s0033-0000000079144027-0203-s_lc.fits
354556435,33,tess2020351194500-s0033-0000000354556435-0203-s_lc.fits
292351181,33,tess2020351194500-s0033-0000000292351181-0203-s_lc.fits
55849446,33,tess2020351194500-s0033-0000000055849446-0203-s_lc.fits
47516240,33,tess2020351194500-s0033-0000000047516240-0203-s_lc.fits
177160343,33,tess2020351194500-s0033-0000000177160343-0203-s_lc.fits
262607901,33,tess2020351194500-s0033-0000000262607901-0203-s_lc.fits
177657621,33,tess2020351194500-s0033-0000000177657621-0203-s_lc.fits
408931542,33,tess2020351194500-s0033-0000000408931542-0203-s_lc.fits
207243354,33,tess2020351194500-s0033-0000000207243354-0203-s_lc.fits
14498602,33,tess2020351194500-s0033-0000000014498602-0203-s_lc.fits
232134750,33,tess2020351194500-s0033-0000000232134750-0203-s_lc.fits
234893739,33,tess2020351194500-s0033-0000000234893739-0203-s_lc.fits
231165375,33,tess2020351194500-s0033-0000000231165375-0203-s_lc.fits
33993533,33,tess2020351194500-s0033-0000000033993533-0203-s_lc.fits
97814880,33,tess2020351194500-s0033-0000000097814880-0203-s_lc.fits
438007640,33,tess2020351194500-s0033-0000000438007640-0203-s_lc.fits
237560730,33,tess2020351194500-s0033-0000000237560730-0203-s_lc.fits
49701149,33,tess2020351194500-s0033-0000000049701149-0203-s_lc.fits
33997615,33,tess2020351194500-s0033-0000000033997615-0203-s_lc.fits
172081160,33,tess2020351194500-s0033-0000000172081160-0203-s_lc.fits
66425169,33,tess2020351194500-s0033-0000000066425169-0203-s_lc.fits
319864175,33,tess2020351194500-s0033-0000000319864175-0203-s_lc.fits
120385082,33,tess2020351194500-s0033-0000000120385082-0203-s_lc.fits
179234597,33,tess2020351194500-s0033-0000000179234597-0203-s_lc.fits
287832875,33,tess2020351194500-s0033-0000000287832875-0203-s_lc.fits
93209155,33,tess2020351194500-s0033-0000000093209155-0203-s_lc.fits
237955955,33,tess2020351194500-s0033-0000000237955955-0203-s_lc.fits
271698660,33,tess2020351194500-s0033-0000000271698660-0203-s_lc.fits
124086467,33,tess2020351194500-s0033-0000000124086467-0203-s_lc.fits
32758801,33,tess2020351194500-s0033-0000000032758801-0203-s_lc.fits
291576012,33,tess2020351194500-s0033-0000000291576012-0203-s_lc.fits
306736789,33,tess2020351194500-s0033-0000000306736789-0203-s_lc.fits
33714603,33,tess2020351194500-s0033-0000000033714603-0203-s_lc.fits
42887274,33,tess2020351194500-s0033-0000000042887274-0203-s_lc.fits
134475740,33,tess2020351194500-s0033-0000000134475740-0203-s_lc.fits
167751145,33,tess2020351194500-s0033-0000000167751145-0203-s_lc.fits
124747890,33,tess2020351194500-s0033-0000000124747890-0203-s_lc.fits
202142657,33,tess2020351194500-s0033-0000000202142657-0203-s_lc.fits
237652463,33,tess2020351194500-s0033-0000000237652463-0203-s_lc.fits
350520348,33,tess2020351194500-s0033-0000000350520348-0203-s_lc.fits
287327575,33,tess2020351194500-s0033-0000000287327575-0203-s_lc.fits
299738361,33,tess2020351194500-s0033-0000000299738361-0203-s_lc.fits
81152008,33,tess2020351194500-s0033-0000000081152008-0203-s_lc.fits
177254462,33,tess2020351194500-s0033-0000000177254462-0203-s_lc.fits
276936239,33,tess2020351194500-s0033-0000000276936239-0203-s_lc.fits
391810734,33,tess2020351194500-s0033-0000000391810734-0203-s_lc.fits
772103958,33,tess2020351194500-s0033-0000000772103958-0203-s_lc.fits
202185707,33,tess2020351194500-s0033-0000000202185707-0203-s_lc.fits
179038379,33,tess2020351194500-s0033-0000000179038379-0203-s_lc.fits
139642719,33,tess2020351194500-s0033-0000000139642719-0203-s_lc.fits
355452784,33,tess2020351194500-s0033-0000000355452784-0203-s_lc.fits
291968751,33,tess2020351194500-s0033-0000000291968751-0203-s_lc.fits
149421220,33,tess2020351194500-s0033-0000000149421220-0203-s_lc.fits
119402720,33,tess2020351194500-s0033-0000000119402720-0203-s_lc.fits
339890863,33,tess2020351194500-s0033-0000000339890863-0203-s_lc.fits
123570112,33,tess2020351194500-s0033-0000000123570112-0203-s_lc.fits
746163387,33,tess2020351194500-s0033-0000000746163387-0203-s_lc.fits
21539968,33,tess2020351194500-s0033-0000000021539968-0203-s_lc.fits
42173355,33,tess2020351194500-s0033-0000000042173355-0203-s_lc.fits
235276514,33,tess2020351194500-s0033-0000000235276514-0203-s_lc.fits
270625574,33,tess2020351194500-s0033-0000000270625574-0203-s_lc.fits
32705091,33,tess2020351194500-s0033-0000000032705091-0203-s_lc.fits
350654999,33,tess2020351194500-s0033-0000000350654999-0203-s_lc.fits
150142653,33,tess2020351194500-s0033-0000000150142653-0203-s_lc.fits
255783216,33,tess2020351194500-s0033-0000000255783216-0203-s_lc.fits
284334004,33,tess2020351194500-s0033-0000000284334004-0203-s_lc.fits
255783203,33,tess2020351194500-s0033-0000000255783203-0203-s_lc.fits
431383310,33,tess2020351194500-s0033-0000000431383310-0203-s_lc.fits
348996104,33,tess2020351194500-s0033-0000000348996104-0203-s_lc.fits
134543493,33,tess2020351194500-s0033-0000000134543493-0203-s_lc.fits
38763180,33,tess2020351194500-s0033-0000000038763180-0203-s_lc.fits
350296740,33,tess2020351194500-s0033-0000000350296740-0203-s_lc.fits
375091583,33,tess2020351194500-s0033-0000000375091583-0203-s_lc.fits
290989581,33,tess2020351194500-s0033-0000000290989581-0203-s_lc.fits
393090270,33,tess2020351194500-s0033-0000000393090270-0203-s_lc.fits
409381668,33,tess2020351194500-s0033-0000000409381668-0203-s_lc.fits
708127083,33,tess2020351194500-s0033-0000000708127083-0203-s_lc.fits
51240825,33,tess2020351194500-s0033-0000000051240825-0203-s_lc.fits
382032987,33,tess2020351194500-s0033-0000000382032987-0203-s_lc.fits
124917790,33,tess2020351194500-s0033-0000000124917790-0203-s_lc.fits
322819134,33,tess2020351194500-s0033-0000000322819134-0203-s_lc.fits
42637042,33,tess2020351194500-s0033-0000000042637042-0203-s_lc.fits
260043884,33,tess2020351194500-s0033-0000000260043884-0203-s_lc.fits
234837298,33,tess2020351194500-s0033-0000000234837298-0203-s_lc.fits
192831228,33,tess2020351194500-s0033-0000000192831228-0203-s_lc.fits
219404010,33,tess2020351194500-s0033-0000000219404010-0203-s_lc.fits
235378779,33,tess2020351194500-s0033-0000000235378779-0203-s_lc.fits
382303694,33,tess2020351194500-s0033-0000000382303694-0203-s_lc.fits
348995958,33,tess2020351194500-s0033-0000000348995958-0203-s_lc.fits
299625425,33,tess2020351194500-s0033-0000000299625425-0203-s_lc.fits
32704629,33,tess2020351194500-s0033-0000000032704629-0203-s_lc.fits
97847605,33,tess2020351194500-s0033-0000000097847605-0203-s_lc.fits
97964490,33,tess2020351194500-s0033-0000000097964490-0203-s_lc.fits
471013513,33,tess2020351194500-s0033-0000000471013513-0203-s_lc.fits
317597860,33,tess2020351194500-s0033-0000000317597860-0203-s_lc.fits
425068672,33,tess2020351194500-s0033-0000000425068672-0203-s_lc.fits
349275562,33,tess2020351194500-s0033-0000000349275562-0203-s_lc.fits
317096907,33,tess2020351194500-s0033-0000000317096907-0203-s_lc.fits
149971113,33,tess2020351194500-s0033-0000000149971113-0203-s_lc.fits
734560548,33,tess2020351194500-s0033-0000000734560548-0203-s_lc.fits
317442368,33,tess2020351194500-s0033-0000000317442368-0203-s_lc.fits
445393764,33,tess2020351194500-s0033-0000000445393764-0203-s_lc.fits
20141672,33,tess2020351194500-s0033-0000000020141672-0203-s_lc.fits
235155983,33,tess2020351194500-s0033-0000000235155983-0203-s_lc.fits
134355981,33,tess2020351194500-s0033-0000000134355981-0203-s_lc.fits
272000355,33,tess2020351194500-s0033-0000000272000355-0203-s_lc.fits
307015842,33,tess2020351194500-s0033-0000000307015842-0203-s_lc.fits
155096077,33,tess2020351194500-s0033-0000000155096077-0203-s_lc.fits
101199829,33,tess2020351194500-s0033-0000000101199829-0203-s_lc.fits
319433958,33,tess2020351194500-s0033-0000000319433958-0203-s_lc.fits
33877907,33,tess2020351194500-s0033-0000000033877907-0203-s_lc.fits
348839116,33,tess2020351194500-s0033-0000000348839116-0203-s_lc.fits
425202843,33,tess2020351194500-s0033-0000000425202843-0203-s_lc.fits
235047193,33,tess2020351194500-s0033-0000000235047193-0203-s_lc.fits
234605990,33,tess2020351194500-s0033-0000000234605990-0203-s_lc.fits
445998574,33,tess2020351194500-s0033-0000000445998574-0203-s_lc.fits
443031290,33,tess2020351194500-s0033-0000000443031290-0203-s_lc.fits
200375784,33,tess2020351194500-s0033-0000000200375784-0203-s_lc.fits
142106374,33,tess2020351194500-s0033-0000000142106374-0203-s_lc.fits
202233531,33,tess2020351194500-s0033-0000000202233531-0203-s_lc.fits
388128056,33,tess2020351194500-s0033-0000000388128056-0203-s_lc.fits
97814905,33,tess2020351194500-s0033-0000000097814905-0203-s_lc.fits
436626694,33,tess2020351194500-s0033-0000000436626694-0203-s_lc.fits
33550113,33,tess2020351194500-s0033-0000000033550113-0203-s_lc.fits
238125696,33,tess2020351194500-s0033-0000000238125696-0203-s_lc.fits
232371914,33,tess2020351194500-s0033-0000000232371914-0203-s_lc.fits
219362483,33,tess2020351194500-s0033-0000000219362483-0203-s_lc.fits
37743302,33,tess2020351194500-s0033-0000000037743302-0203-s_lc.fits
62000303,33,tess2020351194500-s0033-0000000062000303-0203-s_lc.fits
279570447,33,tess2020351194500-s0033-0000000279570447-0203-s_lc.fits
385812208,33,tess2020351194500-s0033-0000000385812208-0203-s_lc.fits
81403626,33,tess2020351194500-s0033-0000000081403626-0203-s_lc.fits
143146836,33,tess2020351194500-s0033-0000000143146836-0203-s_lc.fits
123849672,33,tess2020351194500-s0033-0000000123849672-0203-s_lc.fits
300444376,33,tess2020351194500-s0033-0000000300444376-0203-s_lc.fits
119635259,33,tess2020351194500-s0033-0000000119635259-0203-s_lc.fits
177795306,33,tess2020351194500-s0033-0000000177795306-0203-s_lc.fits
150109008,33,tess2020351194500-s0033-0000000150109008-0203-s_lc.fits
71922624,33,tess2020351194500-s0033-0000000071922624-0203-s_lc.fits
25116870,33,tess2020351194500-s0033-0000000025116870-0203-s_lc.fits
350931523,33,tess2020351194500-s0033-0000000350931523-0203-s_lc.fits
41112771,33,tess2020351194500-s0033-0000000041112771-0203-s_lc.fits
23802446,33,tess2020351194500-s0033-0000000023802446-0203-s_lc.fits
60351642,33,tess2020351194500-s0033-0000000060351642-0203-s_lc.fits
71868733,33,tess2020351194500-s0033-0000000071868733-0203-s_lc.fits
147957705,33,tess2020351194500-s0033-0000000147957705-0203-s_lc.fits
97966400,33,tess2020351194500-s0033-0000000097966400-0203-s_lc.fits
732233859,33,tess2020351194500-s0033-0000000732233859-0203-s_lc.fits
55662898,33,tess2020351194500-s0033-0000000055662898-0203-s_lc.fits
123555048,33,tess2020351194500-s0033-0000000123555048-0203-s_lc.fits
100393266,33,tess2020351194500-s0033-0000000100393266-0203-s_lc.fits
149601156,33,tess2020351194500-s0033-0000000149601156-0203-s_lc.fits
301184189,33,tess2020351194500-s0033-0000000301184189-0203-s_lc.fits
150029538,33,tess2020351194500-s0033-0000000150029538-0203-s_lc.fits
130573251,33,tess2020351194500-s0033-0000000130573251-0203-s_lc.fits
375034557,33,tess2020351194500-s0033-0000000375034557-0203-s_lc.fits
66559658,33,tess2020351194500-s0033-0000000066559658-0203-s_lc.fits
337086474,33,tess2020351194500-s0033-0000000337086474-0203-s_lc.fits
260507409,33,tess2020351194500-s0033-0000000260507409-0203-s_lc.fits
38680102,33,tess2020351194500-s0033-0000000038680102-0203-s_lc.fits
72493378,33,tess2020351194500-s0033-0000000072493378-0203-s_lc.fits
81057063,33,tess2020351194500-s0033-0000000081057063-0203-s_lc.fits
7390956,33,tess2020351194500-s0033-0000000007390956-0203-s_lc.fits
389444166,33,tess2020351194500-s0033-0000000389444166-0203-s_lc.fits
234942323,33,tess2020351194500-s0033-0000000234942323-0203-s_lc.fits
151563897,33,tess2020351194500-s0033-0000000151563897-0203-s_lc.fits
33740670,33,tess2020351194500-s0033-0000000033740670-0203-s_lc.fits
350025490,33,tess2020351194500-s0033-0000000350025490-0203-s_lc.fits
308580896,33,tess2020351194500-s0033-0000000308580896-0203-s_lc.fits
309615082,33,tess2020351194500-s0033-0000000309615082-0203-s_lc.fits
119548856,33,tess2020351194500-s0033-0000000119548856-0203-s_lc.fits
172402569,33,tess2020351194500-s0033-0000000172402569-0203-s_lc.fits
25155464,33,tess2020351194500-s0033-0000000025155464-0203-s_lc.fits
147975518,33,tess2020351194500-s0033-0000000147975518-0203-s_lc.fits
350297075,33,tess2020351194500-s0033-0000000350297075-0203-s_lc.fits
231718969,33,tess2020351194500-s0033-0000000231718969-0203-s_lc.fits
80043766,33,tess2020351194500-s0033-0000000080043766-0203-s_lc.fits
36103841,33,tess2020351194500-s0033-0000000036103841-0203-s_lc.fits
31869740,33,tess2020351194500-s0033-0000000031869740-0203-s_lc.fits
150104808,33,tess2020351194500-s0033-0000000150104808-0203-s_lc.fits
192834072,33,tess2020351194500-s0033-0000000192834072-0203-s_lc.fits
340459681,33,tess2020351194500-s0033-0000000340459681-0203-s_lc.fits
32523879,33,tess2020351194500-s0033-0000000032523879-0203-s_lc.fits
293651329,33,tess2020351194500-s0033-0000000293651329-0203-s_lc.fits
255703614,33,tess2020351194500-s0033-0000000255703614-0203-s_lc.fits
282101454,33,tess2020351194500-s0033-0000000282101454-0203-s_lc.fits
268453307,33,tess2020351194500-s0033-0000000268453307-0203-s_lc.fits
120674276,33,tess2020351194500-s0033-0000000120674276-0203-s_lc.fits
425070148,33,tess2020351194500-s0033-0000000425070148-0203-s_lc.fits
237418726,33,tess2020351194500-s0033-0000000237418726-0203-s_lc.fits
51897017,33,tess2020351194500-s0033-0000000051897017-0203-s_lc.fits
231815570,33,tess2020351194500-s0033-0000000231815570-0203-s_lc.fits
340216439,33,tess2020351194500-s0033-0000000340216439-0203-s_lc.fits
149601557,33,tess2020351194500-s0033-0000000149601557-0203-s_lc.fits
307299702,33,tess2020351194500-s0033-0000000307299702-0203-s_lc.fits
281614805,33,tess2020351194500-s0033-0000000281614805-0203-s_lc.fits
63199687,33,tess2020351194500-s0033-0000000063199687-0203-s_lc.fits
102210411,33,tess2020351194500-s0033-0000000102210411-0203-s_lc.fits
349764866,33,tess2020351194500-s0033-0000000349764866-0203-s_lc.fits
349927406,33,tess2020351194500-s0033-0000000349927406-0203-s_lc.fits
344085174,33,tess2020351194500-s0033-0000000344085174-0203-s_lc.fits
317479630,33,tess2020351194500-s0033-0000000317479630-0203-s_lc.fits
40404470,33,tess2020351194500-s0033-0000000040404470-0203-s_lc.fits
369520094,33,tess2020351194500-s0033-0000000369520094-0203-s_lc.fits
711461378,33,tess2020351194500-s0033-0000000711461378-0203-s_lc.fits
201508798,33,tess2020351194500-s0033-0000000201508798-0203-s_lc.fits
64211262,33,tess2020351194500-s0033-0000000064211262-0203-s_lc.fits
220474209,33,tess2020351194500-s0033-0000000220474209-0203-s_lc.fits
143144401,33,tess2020351194500-s0033-0000000143144401-0203-s_lc.fits
172234250,33,tess2020351194500-s0033-0000000172234250-0203-s_lc.fits
234622959,33,tess2020351194500-s0033-0000000234622959-0203-s_lc.fits
382573252,33,tess2020351194500-s0033-0000000382573252-0203-s_lc.fits
260507093,33,tess2020351194500-s0033-0000000260507093-0203-s_lc.fits
134174571,33,tess2020351194500-s0033-0000000134174571-0203-s_lc.fits
168602705,33,tess2020351194500-s0033-0000000168602705-0203-s_lc.fits
100780067,33,tess2020351194500-s0033-0000000100780067-0203-s_lc.fits
89294850,33,tess2020351194500-s0033-0000000089294850-0203-s_lc.fits
255558467,33,tess2020351194500-s0033-0000000255558467-0203-s_lc.fits
95111103,33,tess2020351194500-s0033-0000000095111103-0203-s_lc.fits
255741187,33,tess2020351194500-s0033-0000000255741187-0203-s_lc.fits
391901997,33,tess2020351194500-s0033-0000000391901997-0203-s_lc.fits
232151099,33,tess2020351194500-s0033-0000000232151099-0203-s_lc.fits
293223290,33,tess2020351194500-s0033-0000000293223290-0203-s_lc.fits
374942490,33,tess2020351194500-s0033-0000000374942490-0203-s_lc.fits
93243779,33,tess2020351194500-s0033-0000000093243779-0203-s_lc.fits
79437093,33,tess2020351194500-s0033-0000000079437093-0203-s_lc.fits
220401647,33,tess2020351194500-s0033-0000000220401647-0203-s_lc.fits
79538446,33,tess2020351194500-s0033-0000000079538446-0203-s_lc.fits
42436617,33,tess2020351194500-s0033-0000000042436617-0203-s_lc.fits
337332401,33,tess2020351194500-s0033-0000000337332401-0203-s_lc.fits
282212071,33,tess2020351194500-s0033-0000000282212071-0203-s_lc.fits
387686990,33,tess2020351194500-s0033-0000000387686990-0203-s_lc.fits
52275681,33,tess2020351194500-s0033-0000000052275681-0203-s_lc.fits
238134465,33,tess2020351194500-s0033-0000000238134465-0203-s_lc.fits
388128684,33,tess2020351194500-s0033-0000000388128684-0203-s_lc.fits
147852430,33,tess2020351194500-s0033-0000000147852430-0203-s_lc.fits
300555859,33,tess2020351194500-s0033-0000000300555859-0203-s_lc.fits
707288467,33,tess2020351194500-s0033-0000000707288467-0203-s_lc.fits
148097013,33,tess2020351194500-s0033-0000000148097013-0203-s_lc.fits
20208270,33,tess2020351194500-s0033-0000000020208270-0203-s_lc.fits
220027287,33,tess2020351194500-s0033-0000000220027287-0203-s_lc.fits
124181196,33,tess2020351194500-s0033-0000000124181196-0203-s_lc.fits
339767415,33,tess2020351194500-s0033-0000000339767415-0203-s_lc.fits
192789542,33,tess2020351194500-s0033-0000000192789542-0203-s_lc.fits
79689537,33,tess2020351194500-s0033-0000000079689537-0203-s_lc.fits
425203001,33,tess2020351194500-s0033-0000000425203001-0203-s_lc.fits
314865276,33,tess2020351194500-s0033-0000000314865276-0203-s_lc.fits
141941708,33,tess2020351194500-s0033-0000000141941708-0203-s_lc.fits
235124405,33,tess2020351194500-s0033-0000000235124405-0203-s_lc.fits
160350596,33,tess2020351194500-s0033-0000000160350596-0203-s_lc.fits
59465088,33,tess2020351194500-s0033-0000000059465088-0203-s_lc.fits
134361875,33,tess2020351194500-s0033-0000000134361875-0203-s_lc.fits
147967213,33,tess2020351194500-s0033-0000000147967213-0203-s_lc.fits
238038301,33,tess2020351194500-s0033-0000000238038301-0203-s_lc.fits
124750238,33,tess2020351194500-s0033-0000000124750238-0203-s_lc.fits
376939999,33,tess2020351194500-s0033-0000000376939999-0203-s_lc.fits
291398797,33,tess2020351194500-s0033-0000000291398797-0203-s_lc.fits
220602650,33,tess2020351194500-s0033-0000000220602650-0203-s_lc.fits
167342488,33,tess2020351194500-s0033-0000000167342488-0203-s_lc.fits
238897157,33,tess2020351194500-s0033-0000000238897157-0203-s_lc.fits
319561416,33,tess2020351194500-s0033-0000000319561416-0203-s_lc.fits
100532933,33,tess2020351194500-s0033-0000000100532933-0203-s_lc.fits
158941215,33,tess2020351194500-s0033-0000000158941215-0203-s_lc.fits
141823881,33,tess2020351194500-s0033-0000000141823881-0203-s_lc.fits
93126271,33,tess2020351194500-s0033-0000000093126271-0203-s_lc.fits
408967906,33,tess2020351194500-s0033-0000000408967906-0203-s_lc.fits
220424291,33,tess2020351194500-s0033-0000000220424291-0203-s_lc.fits
343964871,33,tess2020351194500-s0033-0000000343964871-0203-s_lc.fits
173182118,33,tess2020351194500-s0033-0000000173182118-0203-s_lc.fits
206899707,33,tess2020351194500-s0033-0000000206899707-0203-s_lc.fits
55848818,33,tess2020351194500-s0033-0000000055848818-0203-s_lc.fits
372851851,33,tess2020351194500-s0033-0000000372851851-0203-s_lc.fits
355406539,33,tess2020351194500-s0033-0000000355406539-0203-s_lc.fits
292064482,33,tess2020351194500-s0033-0000000292064482-0203-s_lc.fits
151173347,33,tess2020351194500-s0033-0000000151173347-0203-s_lc.fits
349374564,33,tess2020351194500-s0033-0000000349374564-0203-s_lc.fits
48947167,33,tess2020351194500-s0033-0000000048947167-0203-s_lc.fits
308062420,33,tess2020351194500-s0033-0000000308062420-0203-s_lc.fits
300112155,33,tess2020351194500-s0033-0000000300112155-0203-s_lc.fits
300328258,33,tess2020351194500-s0033-0000000300328258-0203-s_lc.fits
63956214,33,tess2020351194500-s0033-0000000063956214-0203-s_lc.fits
32559260,33,tess2020351194500-s0033-0000000032559260-0203-s_lc.fits
97279089,33,tess2020351194500-s0033-0000000097279089-0203-s_lc.fits
408974013,33,tess2020351194500-s0033-0000000408974013-0203-s_lc.fits
317488313,33,tess2020351194500-s0033-0000000317488313-0203-s_lc.fits
153180402,33,tess2020351194500-s0033-0000000153180402-0203-s_lc.fits
172255639,33,tess2020351194500-s0033-0000000172255639-0203-s_lc.fits
53744148,33,tess2020351194500-s0033-0000000053744148-0203-s_lc.fits
264688368,33,tess2020351194500-s0033-0000000264688368-0203-s_lc.fits
155453712,33,tess2020351194500-s0033-0000000155453712-0203-s_lc.fits
317443703,33,tess2020351194500-s0033-0000000317443703-0203-s_lc.fits
158942274,33,tess2020351194500-s0033-0000000158942274-0203-s_lc.fits
100591024,33,tess2020351194500-s0033-0000000100591024-0203-s_lc.fits
229165209,33,tess2020351194500-s0033-0000000229165209-0203-s_lc.fits
382042321,33,tess2020351194500-s0033-0000000382042321-0203-s_lc.fits
206893841,33,tess2020351194500-s0033-0000000206893841-0203-s_lc.fits
63197756,33,tess2020351194500-s0033-0000000063197756-0203-s_lc.fits
47586874,33,tess2020351194500-s0033-0000000047586874-0203-s_lc.fits
260269667,33,tess2020351194500-s0033-0000000260269667-0203-s_lc.fits
156909302,33,tess2020351194500-s0033-0000000156909302-0203-s_lc.fits
301380257,33,tess2020351194500-s0033-0000000301380257-0203-s_lc.fits
67279961,33,tess2020351194500-s0033-0000000067279961-0203-s_lc.fits
140858600,33,tess2020351194500-s0033-0000000140858600-0203-s_lc.fits
291551702,33,tess2020351194500-s0033-0000000291551702-0203-s_lc.fits
393480589,33,tess2020351194500-s0033-0000000393480589-0203-s_lc.fits
388129814,33,tess2020351194500-s0033-0000000388129814-0203-s_lc.fits
167121012,33,tess2020351194500-s0033-0000000167121012-0203-s_lc.fits
143219897,33,tess2020351194500-s0033-0000000143219897-0203-s_lc.fits
277101162,33,tess2020351194500-s0033-0000000277101162-0203-s_lc.fits
306671851,33,tess2020351194500-s0033-0000000306671851-0203-s_lc.fits
706744409,33,tess2020351194500-s0033-0000000706744409-0203-s_lc.fits
293972283,33,tess2020351194500-s0033-0000000293972283-0203-s_lc.fits
231723594,33,tess2020351194500-s0033-0000000231723594-0203-s_lc.fits
271595489,33,tess2020351194500-s0033-0000000271595489-0203-s_lc.fits
265079569,33,tess2020351194500-s0033-0000000265079569-0203-s_lc.fits
33737469,33,tess2020351194500-s0033-0000000033737469-0203-s_lc.fits
149175936,33,tess2020351194500-s0033-0000000149175936-0203-s_lc.fits
277298575,33,tess2020351194500-s0033-0000000277298575-0203-s_lc.fits
179636847,33,tess2020351194500-s0033-0000000179636847-0203-s_lc.fits
235147565,33,tess2020351194500-s0033-0000000235147565-0203-s_lc.fits
291586297,33,tess2020351194500-s0033-0000000291586297-0203-s_lc.fits
453078223,33,tess2020351194500-s0033-0000000453078223-0203-s_lc.fits
125504116,33,tess2020351194500-s0033-0000000125504116-0203-s_lc.fits
33831016,33,tess2020351194500-s0033-0000000033831016-0203-s_lc.fits
263997826,33,tess2020351194500-s0033-0000000263997826-0203-s_lc.fits
7463267,33,tess2020351194500-s0033-0000000007463267-0203-s_lc.fits
120268157,33,tess2020351194500-s0033-0000000120268157-0203-s_lc.fits
140692280,33,tess2020351194500-s0033-0000000140692280-0203-s_lc.fits
147905382,33,tess2020351194500-s0033-0000000147905382-0203-s_lc.fits
440798853,33,tess2020351194500-s0033-0000000440798853-0203-s_lc.fits
150029272,33,tess2020351194500-s0033-0000000150029272-0203-s_lc.fits
97582324,33,tess2020351194500-s0033-0000000097582324-0203-s_lc.fits
177282188,33,tess2020351194500-s0033-0000000177282188-0203-s_lc.fits
7422496,33,tess2020351194500-s0033-0000000007422496-0203-s_lc.fits
229356387,33,tess2020351194500-s0033-0000000229356387-0203-s_lc.fits
207050149,33,tess2020351194500-s0033-0000000207050149-0203-s_lc.fits
235222624,33,tess2020351194500-s0033-0000000235222624-0203-s_lc.fits
64364590,33,tess2020351194500-s0033-0000000064364590-0203-s_lc.fits
268464543,33,tess2020351194500-s0033-0000000268464543-0203-s_lc.fits
234618793,33,tess2020351194500-s0033-0000000234618793-0203-s_lc.fits
156504561,33,tess2020351194500-s0033-0000000156504561-0203-s_lc.fits
176775425,33,tess2020351194500-s0033-0000000176775425-0203-s_lc.fits
263286608,33,tess2020351194500-s0033-0000000263286608-0203-s_lc.fits
150391195,33,tess2020351194500-s0033-0000000150391195-0203-s_lc.fits
282711186,33,tess2020351194500-s0033-0000000282711186-0203-s_lc.fits
255589650,33,tess2020351194500-s0033-0000000255589650-0203-s_lc.fits
120663727,33,tess2020351194500-s0033-0000000120663727-0203-s_lc.fits
23454669,33,tess2020351194500-s0033-0000000023454669-0203-s_lc.fits
150360766,33,tess2020351194500-s0033-0000000150360766-0203-s_lc.fits
255587619,33,tess2020351194500-s0033-0000000255587619-0203-s_lc.fits
270883372,33,tess2020351194500-s0033-0000000270883372-0203-s_lc.fits
237732824,33,tess2020351194500-s0033-0000000237732824-0203-s_lc.fits
140577207,33,tess2020351194500-s0033-0000000140577207-0203-s_lc.fits
141709296,33,tess2020351194500-s0033-0000000141709296-0203-s_lc.fits
167811187,33,tess2020351194500-s0033-0000000167811187-0203-s_lc.fits
60479416,33,tess2020351194500-s0033-0000000060479416-0203-s_lc.fits
60345912,33,tess2020351194500-s0033-0000000060345912-0203-s_lc.fits
358335946,33,tess2020351194500-s0033-0000000358335946-0203-s_lc.fits
123459929,33,tess2020351194500-s0033-0000000123459929-0203-s_lc.fits
67091328,33,tess2020351194500-s0033-0000000067091328-0203-s_lc.fits
299284599,33,tess2020351194500-s0033-0000000299284599-0203-s_lc.fits
265366069,33,tess2020351194500-s0033-0000000265366069-0203-s_lc.fits
31471821,33,tess2020351194500-s0033-0000000031471821-0203-s_lc.fits
713531654,33,tess2020351194500-s0033-0000000713531654-0203-s_lc.fits
219409861,33,tess2020351194500-s0033-0000000219409861-0203-s_lc.fits
134224744,33,tess2020351194500-s0033-0000000134224744-0203-s_lc.fits
141910606,33,tess2020351194500-s0033-0000000141910606-0203-s_lc.fits
293385166,33,tess2020351194500-s0033-0000000293385166-0203-s_lc.fits
255685030,33,tess2020351194500-s0033-0000000255685030-0203-s_lc.fits
37351925,33,tess2020351194500-s0033-0000000037351925-0203-s_lc.fits
177039559,33,tess2020351194500-s0033-0000000177039559-0203-s_lc.fits
140899825,33,tess2020351194500-s0033-0000000140899825-0203-s_lc.fits
268584316,33,tess2020351194500-s0033-0000000268584316-0203-s_lc.fits
237494600,33,tess2020351194500-s0033-0000000237494600-0203-s_lc.fits
167305895,33,tess2020351194500-s0033-0000000167305895-0203-s_lc.fits
63893927,33,tess2020351194500-s0033-0000000063893927-0203-s_lc.fits
60298082,33,tess2020351194500-s0033-0000000060298082-0203-s_lc.fits
438210385,33,tess2020351194500-s0033-0000000438210385-0203-s_lc.fits
279475214,33,tess2020351194500-s0033-0000000279475214-0203-s_lc.fits
425064757,33,tess2020351194500-s0033-0000000425064757-0203-s_lc.fits
270714015,33,tess2020351194500-s0033-0000000270714015-0203-s_lc.fits
282803908,33,tess2020351194500-s0033-0000000282803908-0203-s_lc.fits
207306282,33,tess2020351194500-s0033-0000000207306282-0203-s_lc.fits
177433190,33,tess2020351194500-s0033-0000000177433190-0203-s_lc.fits
81583239,33,tess2020351194500-s0033-0000000081583239-0203-s_lc.fits
5458984,33,tess2020351194500-s0033-0000000005458984-0203-s_lc.fits
279575424,33,tess2020351194500-s0033-0000000279575424-0203-s_lc.fits
34441071,33,tess2020351194500-s0033-0000000034441071-0203-s_lc.fits
149269622,33,tess2020351194500-s0033-0000000149269622-0203-s_lc.fits
220039524,33,tess2020351194500-s0033-0000000220039524-0203-s_lc.fits
438503489,33,tess2020351194500-s0033-0000000438503489-0203-s_lc.fits
10256892,33,tess2020351194500-s0033-0000000010256892-0203-s_lc.fits
61579062,33,tess2020351194500-s0033-0000000061579062-0203-s_lc.fits
445330462,33,tess2020351194500-s0033-0000000445330462-0203-s_lc.fits
319925868,33,tess2020351194500-s0033-0000000319925868-0203-s_lc.fits
37993871,33,tess2020351194500-s0033-0000000037993871-0203-s_lc.fits
232020903,33,tess2020351194500-s0033-0000000232020903-0203-s_lc.fits
238014032,33,tess2020351194500-s0033-0000000238014032-0203-s_lc.fits
156569373,33,tess2020351194500-s0033-0000000156569373-0203-s_lc.fits
33006187,33,tess2020351194500-s0033-0000000033006187-0203-s_lc.fits
344026538,33,tess2020351194500-s0033-0000000344026538-0203-s_lc.fits
751763616,33,tess2020351194500-s0033-0000000751763616-0203-s_lc.fits
142675485,33,tess2020351194500-s0033-0000000142675485-0203-s_lc.fits
231121076,33,tess2020351194500-s0033-0000000231121076-0203-s_lc.fits
53158427,33,tess2020351194500-s0033-0000000053158427-0203-s_lc.fits
300969869,33,tess2020351194500-s0033-0000000300969869-0203-s_lc.fits
96918932,33,tess2020351194500-s0033-0000000096918932-0203-s_lc.fits
52044374,33,tess2020351194500-s0033-0000000052044374-0203-s_lc.fits
100593863,33,tess2020351194500-s0033-0000000100593863-0203-s_lc.fits
33994795,33,tess2020351194500-s0033-0000000033994795-0203-s_lc.fits
81408050,33,tess2020351194500-s0033-0000000081408050-0203-s_lc.fits
220473814,33,tess2020351194500-s0033-0000000220473814-0203-s_lc.fits
30271577,33,tess2020351194500-s0033-0000000030271577-0203-s_lc.fits
60075452,33,tess2020351194500-s0033-0000000060075452-0203-s_lc.fits
29832209,33,tess2020351194500-s0033-0000000029832209-0203-s_lc.fits
72417989,33,tess2020351194500-s0033-0000000072417989-0203-s_lc.fits
280211450,33,tess2020351194500-s0033-0000000280211450-0203-s_lc.fits
124847700,33,tess2020351194500-s0033-0000000124847700-0203-s_lc.fits
219213996,33,tess2020351194500-s0033-0000000219213996-0203-s_lc.fits
96313287,33,tess2020351194500-s0033-0000000096313287-0203-s_lc.fits
148047476,33,tess2020351194500-s0033-0000000148047476-0203-s_lc.fits
96798579,33,tess2020351194500-s0033-0000000096798579-0203-s_lc.fits
25156075,33,tess2020351194500-s0033-0000000025156075-0203-s_lc.fits
150361768,33,tess2020351194500-s0033-0000000150361768-0203-s_lc.fits
445521456,33,tess2020351194500-s0033-0000000445521456-0203-s_lc.fits
64784647,33,tess2020351194500-s0033-0000000064784647-0203-s_lc.fits
219408534,33,tess2020351194500-s0033-0000000219408534-0203-s_lc.fits
124014601,33,tess2020351194500-s0033-0000000124014601-0203-s_lc.fits
279984110,33,tess2020351194500-s0033-0000000279984110-0203-s_lc.fits
167699908,33,tess2020351194500-s0033-0000000167699908-0203-s_lc.fits
391903048,33,tess2020351194500-s0033-0000000391903048-0203-s_lc.fits
167365279,33,tess2020351194500-s0033-0000000167365279-0203-s_lc.fits
407662059,33,tess2020351194500-s0033-0000000407662059-0203-s_lc.fits
177022217,33,tess2020351194500-s0033-0000000177022217-0203-s_lc.fits
235179617,33,tess2020351194500-s0033-0000000235179617-0203-s_lc.fits
147854378,33,tess2020351194500-s0033-0000000147854378-0203-s_lc.fits
372489424,33,tess2020351194500-s0033-0000000372489424-0203-s_lc.fits
47632865,33,tess2020351194500-s0033-0000000047632865-0203-s_lc.fits
60320306,33,tess2020351194500-s0033-0000000060320306-0203-s_lc.fits
63733874,33,tess2020351194500-s0033-0000000063733874-0203-s_lc.fits
170203157,33,tess2020351194500-s0033-0000000170203157-0203-s_lc.fits
375146193,33,tess2020351194500-s0033-0000000375146193-0203-s_lc.fits
279321616,33,tess2020351194500-s0033-0000000279321616-0203-s_lc.fits
391812839,33,tess2020351194500-s0033-0000000391812839-0203-s_lc.fits
150249802,33,tess2020351194500-s0033-0000000150249802-0203-s_lc.fits
93238879,33,tess2020351194500-s0033-0000000093238879-0203-s_lc.fits
220618110,33,tess2020351194500-s0033-0000000220618110-0203-s_lc.fits
149220565,33,tess2020351194500-s0033-0000000149220565-0203-s_lc.fits
232196886,33,tess2020351194500-s0033-0000000232196886-0203-s_lc.fits
393296605,33,tess2020351194500-s0033-0000000393296605-0203-s_lc.fits
283212634,33,tess2020351194500-s0033-0000000283212634-0203-s_lc.fits
192803345,33,tess2020351194500-s0033-0000000192803345-0203-s_lc.fits
320123698,33,tess2020351194500-s0033-0000000320123698-0203-s_lc.fits
37302224,33,tess2020351194500-s0033-0000000037302224-0203-s_lc.fits
124272311,33,tess2020351194500-s0033-0000000124272311-0203-s_lc.fits
41533357,33,tess2020351194500-s0033-0000000041533357-0203-s_lc.fits
178748196,33,tess2020351194500-s0033-0000000178748196-0203-s_lc.fits
140761239,33,tess2020351194500-s0033-0000000140761239-0203-s_lc.fits
234849910,33,tess2020351194500-s0033-0000000234849910-0203-s_lc.fits
55651765,33,tess2020351194500-s0033-0000000055651765-0203-s_lc.fits
350031317,33,tess2020351194500-s0033-0000000350031317-0203-s_lc.fits
177978628,33,tess2020351194500-s0033-0000000177978628-0203-s_lc.fits
231919038,33,tess2020351194500-s0033-0000000231919038-0203-s_lc.fits
11905297,33,tess2020351194500-s0033-0000000011905297-0203-s_lc.fits
302926652,33,tess2020351194500-s0033-0000000302926652-0203-s_lc.fits
159085944,33,tess2020351194500-s0033-0000000159085944-0203-s_lc.fits
237759031,33,tess2020351194500-s0033-0000000237759031-0203-s_lc.fits
219405754,33,tess2020351194500-s0033-0000000219405754-0203-s_lc.fits
49613355,33,tess2020351194500-s0033-0000000049613355-0203-s_lc.fits
25132832,33,tess2020351194500-s0033-0000000025132832-0203-s_lc.fits
756226541,33,tess2020351194500-s0033-0000000756226541-0203-s_lc.fits
264603242,33,tess2020351194500-s0033-0000000264603242-0203-s_lc.fits
172404736,33,tess2020351194500-s0033-0000000172404736-0203-s_lc.fits
393385741,33,tess2020351194500-s0033-0000000393385741-0203-s_lc.fits
237735239,33,tess2020351194500-s0033-0000000237735239-0203-s_lc.fits
220432921,33,tess2020351194500-s0033-0000000220432921-0203-s_lc.fits
97721287,33,tess2020351194500-s0033-0000000097721287-0203-s_lc.fits
179638690,33,tess2020351194500-s0033-0000000179638690-0203-s_lc.fits
468961126,33,tess2020351194500-s0033-0000000468961126-0203-s_lc.fits
293691967,33,tess2020351194500-s0033-0000000293691967-0203-s_lc.fits
148464901,33,tess2020351194500-s0033-0000000148464901-0203-s_lc.fits
34929131,33,tess2020351194500-s0033-0000000034929131-0203-s_lc.fits
59762563,33,tess2020351194500-s0033-0000000059762563-0203-s_lc.fits
339885174,33,tess2020351194500-s0033-0000000339885174-0203-s_lc.fits
98393995,33,tess2020351194500-s0033-0000000098393995-0203-s_lc.fits
322684447,33,tess2020351194500-s0033-0000000322684447-0203-s_lc.fits
260354344,33,tess2020351194500-s0033-0000000260354344-0203-s_lc.fits
734535817,33,tess2020351194500-s0033-0000000734535817-0203-s_lc.fits
172467837,33,tess2020351194500-s0033-0000000172467837-0203-s_lc.fits
438463220,33,tess2020351194500-s0033-0000000438463220-0203-s_lc.fits
37156229,33,tess2020351194500-s0033-0000000037156229-0203-s_lc.fits
255688250,33,tess2020351194500-s0033-0000000255688250-0203-s_lc.fits
32874041,33,tess2020351194500-s0033-0000000032874041-0203-s_lc.fits
26336706,33,tess2020351194500-s0033-0000000026336706-0203-s_lc.fits
319609219,33,tess2020351194500-s0033-0000000319609219-0203-s_lc.fits
348899264,33,tess2020351194500-s0033-0000000348899264-0203-s_lc.fits
93416294,33,tess2020351194500-s0033-0000000093416294-0203-s_lc.fits
381925869,33,tess2020351194500-s0033-0000000381925869-0203-s_lc.fits
49089164,33,tess2020351194500-s0033-0000000049089164-0203-s_lc.fits
151471953,33,tess2020351194500-s0033-0000000151471953-0203-s_lc.fits
235390478,33,tess2020351194500-s0033-0000000235390478-0203-s_lc.fits
32092280,33,tess2020351194500-s0033-0000000032092280-0203-s_lc.fits
282032429,33,tess2020351194500-s0033-0000000282032429-0203-s_lc.fits
167126852,33,tess2020351194500-s0033-0000000167126852-0203-s_lc.fits
219195864,33,tess2020351194500-s0033-0000000219195864-0203-s_lc.fits
148461767,33,tess2020351194500-s0033-0000000148461767-0203-s_lc.fits
60134756,33,tess2020351194500-s0033-0000000060134756-0203-s_lc.fits
38760820,33,tess2020351194500-s0033-0000000038760820-0203-s_lc.fits
238064232,33,tess2020351194500-s0033-0000000238064232-0203-s_lc.fits
168342478,33,tess2020351194500-s0033-0000000168342478-0203-s_lc.fits
160329467,33,tess2020351194500-s0033-0000000160329467-0203-s_lc.fits
79546535,33,tess2020351194500-s0033-0000000079546535-0203-s_lc.fits
220473999,33,tess2020351194500-s0033-0000000220473999-0203-s_lc.fits
260416268,33,tess2020351194500-s0033-0000000260416268-0203-s_lc.fits
141532250,33,tess2020351194500-s0033-0000000141532250-0203-s_lc.fits
232297045,33,tess2020351194500-s0033-0000000232297045-0203-s_lc.fits
170225224,33,tess2020351194500-s0033-0000000170225224-0203-s_lc.fits
290717757,33,tess2020351194500-s0033-0000000290717757-0203-s_lc.fits
234832903,33,tess2020351194500-s0033-0000000234832903-0203-s_lc.fits
294353314,33,tess2020351194500-s0033-0000000294353314-0203-s_lc.fits
31532870,33,tess2020351194500-s0033-0000000031532870-0203-s_lc.fits
284127376,33,tess2020351194500-s0033-0000000284127376-0203-s_lc.fits
31177849,33,tess2020351194500-s0033-0000000031177849-0203-s_lc.fits
705677373,33,tess2020351194500-s0033-0000000705677373-0203-s_lc.fits
279318744,33,tess2020351194500-s0033-0000000279318744-0203-s_lc.fits
255635894,33,tess2020351194500-s0033-0000000255635894-0203-s_lc.fits
393159663,33,tess2020351194500-s0033-0000000393159663-0203-s_lc.fits
149446099,33,tess2020351194500-s0033-0000000149446099-0203-s_lc.fits
59999659,33,tess2020351194500-s0033-0000000059999659-0203-s_lc.fits
148500261,33,tess2020351194500-s0033-0000000148500261-0203-s_lc.fits
219388865,33,tess2020351194500-s0033-0000000219388865-0203-s_lc.fits
306830299,33,tess2020351194500-s0033-0000000306830299-0203-s_lc.fits
292527705,33,tess2020351194500-s0033-0000000292527705-0203-s_lc.fits
453146263,33,tess2020351194500-s0033-0000000453146263-0203-s_lc.fits
231823470,33,tess2020351194500-s0033-0000000231823470-0203-s_lc.fits
427502052,33,tess2020351194500-s0033-0000000427502052-0203-s_lc.fits
207276228,33,tess2020351194500-s0033-0000000207276228-0203-s_lc.fits
318016450,33,tess2020351194500-s0033-0000000318016450-0203-s_lc.fits
66824731,33,tess2020351194500-s0033-0000000066824731-0203-s_lc.fits
96388719,33,tess2020351194500-s0033-0000000096388719-0203-s_lc.fits
220321713,33,tess2020351194500-s0033-0000000220321713-0203-s_lc.fits
358336645,33,tess2020351194500-s0033-0000000358336645-0203-s_lc.fits
30537037,33,tess2020351194500-s0033-0000000030537037-0203-s_lc.fits
300114686,33,tess2020351194500-s0033-0000000300114686-0203-s_lc.fits
263596101,33,tess2020351194500-s0033-0000000263596101-0203-s_lc.fits
425277286,33,tess2020351194500-s0033-0000000425277286-0203-s_lc.fits
307372094,33,tess2020351194500-s0033-0000000307372094-0203-s_lc.fits
372608807,33,tess2020351194500-s0033-0000000372608807-0203-s_lc.fits
11967205,33,tess2020351194500-s0033-0000000011967205-0203-s_lc.fits
370038084,33,tess2020351194500-s0033-0000000370038084-0203-s_lc.fits
172832595,33,tess2020351194500-s0033-0000000172832595-0203-s_lc.fits
55603433,33,tess2020351194500-s0033-0000000055603433-0203-s_lc.fits
300559291,33,tess2020351194500-s0033-0000000300559291-0203-s_lc.fits
140604250,33,tess2020351194500-s0033-0000000140604250-0203-s_lc.fits
37116903,33,tess2020351194500-s0033-0000000037116903-0203-s_lc.fits
438510913,33,tess2020351194500-s0033-0000000438510913-0203-s_lc.fits
119170541,33,tess2020351194500-s0033-0000000119170541-0203-s_lc.fits
158030515,33,tess2020351194500-s0033-0000000158030515-0203-s_lc.fits
123948059,33,tess2020351194500-s0033-0000000123948059-0203-s_lc.fits
262497332,33,tess2020351194500-s0033-0000000262497332-0203-s_lc.fits
53161463,33,tess2020351194500-s0033-0000000053161463-0203-s_lc.fits
219208037,33,tess2020351194500-s0033-0000000219208037-0203-s_lc.fits
375148708,33,tess2020351194500-s0033-0000000375148708-0203-s_lc.fits
157040697,33,tess2020351194500-s0033-0000000157040697-0203-s_lc.fits
120090134,33,tess2020351194500-s0033-0000000120090134-0203-s_lc.fits
150102768,33,tess2020351194500-s0033-0000000150102768-0203-s_lc.fits
436338364,33,tess2020351194500-s0033-0000000436338364-0203-s_lc.fits
386494481,33,tess2020351194500-s0033-0000000386494481-0203-s_lc.fits
130416415,33,tess2020351194500-s0033-0000000130416415-0203-s_lc.fits
80708037,33,tess2020351194500-s0033-0000000080708037-0203-s_lc.fits
24950183,33,tess2020351194500-s0033-0000000024950183-0203-s_lc.fits
238949000,33,tess2020351194500-s0033-0000000238949000-0203-s_lc.fits
31741939,33,tess2020351194500-s0033-0000000031741939-0203-s_lc.fits
37744137,33,tess2020351194500-s0033-0000000037744137-0203-s_lc.fits
350654712,33,tess2020351194500-s0033-0000000350654712-0203-s_lc.fits
299464248,33,tess2020351194500-s0033-0000000299464248-0203-s_lc.fits
279088303,33,tess2020351194500-s0033-0000000279088303-0203-s_lc.fits
78446524,33,tess2020351194500-s0033-0000000078446524-0203-s_lc.fits
172928647,33,tess2020351194500-s0033-0000000172928647-0203-s_lc.fits
134471108,33,tess2020351194500-s0033-0000000134471108-0203-s_lc.fits
309616590,33,tess2020351194500-s0033-0000000309616590-0203-s_lc.fits
317861324,33,tess2020351194500-s0033-0000000317861324-0203-s_lc.fits
140826438,33,tess2020351194500-s0033-0000000140826438-0203-s_lc.fits
53121677,33,tess2020351194500-s0033-0000000053121677-0203-s_lc.fits
382028903,33,tess2020351194500-s0033-0000000382028903-0203-s_lc.fits
317603510,33,tess2020351194500-s0033-0000000317603510-0203-s_lc.fits
140690428,33,tess2020351194500-s0033-0000000140690428-0203-s_lc.fits
31799815,33,tess2020351194500-s0033-0000000031799815-0203-s_lc.fits
166969346,33,tess2020351194500-s0033-0000000166969346-0203-s_lc.fits
37354640,33,tess2020351194500-s0033-0000000037354640-0203-s_lc.fits
177853654,33,tess2020351194500-s0033-0000000177853654-0203-s_lc.fits
93210990,33,tess2020351194500-s0033-0000000093210990-0203-s_lc.fits
232271022,33,tess2020351194500-s0033-0000000232271022-0203-s_lc.fits
99077273,33,tess2020351194500-s0033-0000000099077273-0203-s_lc.fits
151466677,33,tess2020351194500-s0033-0000000151466677-0203-s_lc.fits
150392584,33,tess2020351194500-s0033-0000000150392584-0203-s_lc.fits
151464886,33,tess2020351194500-s0033-0000000151464886-0203-s_lc.fits
219178238,33,tess2020351194500-s0033-0000000219178238-0203-s_lc.fits
29780451,33,tess2020351194500-s0033-0000000029780451-0203-s_lc.fits
38574307,33,tess2020351194500-s0033-0000000038574307-0203-s_lc.fits
382246401,33,tess2020351194500-s0033-0000000382246401-0203-s_lc.fits
293845454,33,tess2020351194500-s0033-0000000293845454-0203-s_lc.fits
348992095,33,tess2020351194500-s0033-0000000348992095-0203-s_lc.fits
178052346,33,tess2020351194500-s0033-0000000178052346-0203-s_lc.fits
370038109,33,tess2020351194500-s0033-0000000370038109-0203-s_lc.fits
317094140,33,tess2020351194500-s0033-0000000317094140-0203-s_lc.fits
39816393,33,tess2020351194500-s0033-0000000039816393-0203-s_lc.fits
350332997,33,tess2020351194500-s0033-0000000350332997-0203-s_lc.fits
21540374,33,tess2020351194500-s0033-0000000021540374-0203-s_lc.fits
36287844,33,tess2020351194500-s0033-0000000036287844-0203-s_lc.fits
177309385,33,tess2020351194500-s0033-0000000177309385-0203-s_lc.fits
294929896,33,tess2020351194500-s0033-0000000294929896-0203-s_lc.fits
39582241,33,tess2020351194500-s0033-0000000039582241-0203-s_lc.fits
143147010,33,tess2020351194500-s0033-0000000143147010-0203-s_lc.fits
387151025,33,tess2020351194500-s0033-0000000387151025-0203-s_lc.fits
53064254,33,tess2020351194500-s0033-0000000053064254-0203-s_lc.fits
147902364,33,tess2020351194500-s0033-0000000147902364-0203-s_lc.fits
255586960,33,tess2020351194500-s0033-0000000255586960-0203-s_lc.fits
31963524,33,tess2020351194500-s0033-0000000031963524-0203-s_lc.fits
235116568,33,tess2020351194500-s0033-0000000235116568-0203-s_lc.fits
31929216,33,tess2020351194500-s0033-0000000031929216-0203-s_lc.fits
71966270,33,tess2020351194500-s0033-0000000071966270-0203-s_lc.fits
64207575,33,tess2020351194500-s0033-0000000064207575-0203-s_lc.fits
52665242,33,tess2020351194500-s0033-0000000052665242-0203-s_lc.fits
172523786,33,tess2020351194500-s0033-0000000172523786-0203-s_lc.fits
232408910,33,tess2020351194500-s0033-0000000232408910-0203-s_lc.fits
358710554,33,tess2020351194500-s0033-0000000358710554-0203-s_lc.fits
157626434,33,tess2020351194500-s0033-0000000157626434-0203-s_lc.fits
59649086,33,tess2020351194500-s0033-0000000059649086-0203-s_lc.fits
59465728,33,tess2020351194500-s0033-0000000059465728-0203-s_lc.fits
123725758,33,tess2020351194500-s0033-0000000123725758-0203-s_lc.fits
234933888,33,tess2020351194500-s0033-0000000234933888-0203-s_lc.fits
150437899,33,tess2020351194500-s0033-0000000150437899-0203-s_lc.fits
141755163,33,tess2020351194500-s0033-0000000141755163-0203-s_lc.fits
234947836,33,tess2020351194500-s0033-0000000234947836-0203-s_lc.fits
123763363,33,tess2020351194500-s0033-0000000123763363-0203-s_lc.fits
78564490,33,tess2020351194500-s0033-0000000078564490-0203-s_lc.fits
59848003,33,tess2020351194500-s0033-0000000059848003-0203-s_lc.fits
71726404,33,tess2020351194500-s0033-0000000071726404-0203-s_lc.fits
168627067,33,tess2020351194500-s0033-0000000168627067-0203-s_lc.fits
34264274,33,tess2020351194500-s0033-0000000034264274-0203-s_lc.fits
123903216,33,tess2020351194500-s0033-0000000123903216-0203-s_lc.fits
231073505,33,tess2020351194500-s0033-0000000231073505-0203-s_lc.fits
142142321,33,tess2020351194500-s0033-0000000142142321-0203-s_lc.fits
34590560,33,tess2020351194500-s0033-0000000034590560-0203-s_lc.fits
317131228,33,tess2020351194500-s0033-0000000317131228-0203-s_lc.fits
271640842,33,tess2020351194500-s0033-0000000271640842-0203-s_lc.fits
437915379,33,tess2020351194500-s0033-0000000437915379-0203-s_lc.fits
80817383,33,tess2020351194500-s0033-0000000080817383-0203-s_lc.fits
96799506,33,tess2020351194500-s0033-0000000096799506-0203-s_lc.fits
49079670,33,tess2020351194500-s0033-0000000049079670-0203-s_lc.fits
373598648,33,tess2020351194500-s0033-0000000373598648-0203-s_lc.fits
22765614,33,tess2020351194500-s0033-0000000022765614-0203-s_lc.fits
271799457,33,tess2020351194500-s0033-0000000271799457-0203-s_lc.fits
23731704,33,tess2020351194500-s0033-0000000023731704-0203-s_lc.fits
350336548,33,tess2020351194500-s0033-0000000350336548-0203-s_lc.fits
234554369,33,tess2020351194500-s0033-0000000234554369-0203-s_lc.fits
67093943,33,tess2020351194500-s0033-0000000067093943-0203-s_lc.fits
393314800,33,tess2020351194500-s0033-0000000393314800-0203-s_lc.fits
34795511,33,tess2020351194500-s0033-0000000034795511-0203-s_lc.fits
231942228,33,tess2020351194500-s0033-0000000231942228-0203-s_lc.fits
25078597,33,tess2020351194500-s0033-0000000025078597-0203-s_lc.fits
59613139,33,tess2020351194500-s0033-0000000059613139-0203-s_lc.fits
167125519,33,tess2020351194500-s0033-0000000167125519-0203-s_lc.fits
146980710,33,tess2020351194500-s0033-0000000146980710-0203-s_lc.fits
250592517,33,tess2020351194500-s0033-0000000250592517-0203-s_lc.fits
168524254,33,tess2020351194500-s0033-0000000168524254-0203-s_lc.fits
119290388,33,tess2020351194500-s0033-0000000119290388-0203-s_lc.fits
55523561,33,tess2020351194500-s0033-0000000055523561-0203-s_lc.fits
66338087,33,tess2020351194500-s0033-0000000066338087-0203-s_lc.fits
382303423,33,tess2020351194500-s0033-0000000382303423-0203-s_lc.fits
167745419,33,tess2020351194500-s0033-0000000167745419-0203-s_lc.fits
39726606,33,tess2020351194500-s0033-0000000039726606-0203-s_lc.fits
404965649,33,tess2020351194500-s0033-0000000404965649-0203-s_lc.fits
278899461,33,tess2020351194500-s0033-0000000278899461-0203-s_lc.fits
453149742,33,tess2020351194500-s0033-0000000453149742-0203-s_lc.fits
64779742,33,tess2020351194500-s0033-0000000064779742-0203-s_lc.fits
167247946,33,tess2020351194500-s0033-0000000167247946-0203-s_lc.fits
389830140,33,tess2020351194500-s0033-0000000389830140-0203-s_lc.fits
294326461,33,tess2020351194500-s0033-0000000294326461-0203-s_lc.fits
167011856,33,tess2020351194500-s0033-0000000167011856-0203-s_lc.fits
167206607,33,tess2020351194500-s0033-0000000167206607-0203-s_lc.fits
80132574,33,tess2020351194500-s0033-0000000080132574-0203-s_lc.fits
101267096,33,tess2020351194500-s0033-0000000101267096-0203-s_lc.fits
234054977,33,tess2020351194500-s0033-0000000234054977-0203-s_lc.fits
284447686,33,tess2020351194500-s0033-0000000284447686-0203-s_lc.fits
168200032,33,tess2020351194500-s0033-0000000168200032-0203-s_lc.fits
349906032,33,tess2020351194500-s0033-0000000349906032-0203-s_lc.fits
260635418,33,tess2020351194500-s0033-0000000260635418-0203-s_lc.fits
256880168,33,tess2020351194500-s0033-0000000256880168-0203-s_lc.fits
255780375,33,tess2020351194500-s0033-0000000255780375-0203-s_lc.fits
369598885,33,tess2020351194500-s0033-0000000369598885-0203-s_lc.fits
220456828,33,tess2020351194500-s0033-0000000220456828-0203-s_lc.fits
260370211,33,tess2020351194500-s0033-0000000260370211-0203-s_lc.fits
141941684,33,tess2020351194500-s0033-0000000141941684-0203-s_lc.fits
141096140,33,tess2020351194500-s0033-0000000141096140-0203-s_lc.fits
264082007,33,tess2020351194500-s0033-0000000264082007-0203-s_lc.fits
34257670,33,tess2020351194500-s0033-0000000034257670-0203-s_lc.fits
234881667,33,tess2020351194500-s0033-0000000234881667-0203-s_lc.fits
140945145,33,tess2020351194500-s0033-0000000140945145-0203-s_lc.fits
124183506,33,tess2020351194500-s0033-0000000124183506-0203-s_lc.fits
231739077,33,tess2020351194500-s0033-0000000231739077-0203-s_lc.fits
39722718,33,tess2020351194500-s0033-0000000039722718-0203-s_lc.fits
443253674,33,tess2020351194500-s0033-0000000443253674-0203-s_lc.fits
5048844,33,tess2020351194500-s0033-0000000005048844-0203-s_lc.fits
425143046,33,tess2020351194500-s0033-0000000425143046-0203-s_lc.fits
53739760,33,tess2020351194500-s0033-0000000053739760-0203-s_lc.fits
235396331,33,tess2020351194500-s0033-0000000235396331-0203-s_lc.fits
349831145,33,tess2020351194500-s0033-0000000349831145-0203-s_lc.fits
140499941,33,tess2020351194500-s0033-0000000140499941-0203-s_lc.fits
255619975,33,tess2020351194500-s0033-0000000255619975-0203-s_lc.fits
66691725,33,tess2020351194500-s0033-0000000066691725-0203-s_lc.fits
30265037,33,tess2020351194500-s0033-0000000030265037-0203-s_lc.fits
317329100,33,tess2020351194500-s0033-0000000317329100-0203-s_lc.fits
265902562,33,tess2020351194500-s0033-0000000265902562-0203-s_lc.fits
264235334,33,tess2020351194500-s0033-0000000264235334-0203-s_lc.fits
320742447,33,tess2020351194500-s0033-0000000320742447-0203-s_lc.fits
262575578,33,tess2020351194500-s0033-0000000262575578-0203-s_lc.fits
276860478,33,tess2020351194500-s0033-0000000276860478-0203-s_lc.fits
143093074,33,tess2020351194500-s0033-0000000143093074-0203-s_lc.fits
262036716,33,tess2020351194500-s0033-0000000262036716-0203-s_lc.fits
344140284,33,tess2020351194500-s0033-0000000344140284-0203-s_lc.fits
140690389,33,tess2020351194500-s0033-0000000140690389-0203-s_lc.fits
349158926,33,tess2020351194500-s0033-0000000349158926-0203-s_lc.fits
277300234,33,tess2020351194500-s0033-0000000277300234-0203-s_lc.fits
206793858,33,tess2020351194500-s0033-0000000206793858-0203-s_lc.fits
100608026,33,tess2020351194500-s0033-0000000100608026-0203-s_lc.fits
270577858,33,tess2020351194500-s0033-0000000270577858-0203-s_lc.fits
438102168,33,tess2020351194500-s0033-0000000438102168-0203-s_lc.fits
97638382,33,tess2020351194500-s0033-0000000097638382-0203-s_lc.fits
100205079,33,tess2020351194500-s0033-0000000100205079-0203-s_lc.fits
177853845,33,tess2020351194500-s0033-0000000177853845-0203-s_lc.fits
39673141,33,tess2020351194500-s0033-0000000039673141-0203-s_lc.fits
307157045,33,tess2020351194500-s0033-0000000307157045-0203-s_lc.fits
282498554,33,tess2020351194500-s0033-0000000282498554-0203-s_lc.fits
72215787,33,tess2020351194500-s0033-0000000072215787-0203-s_lc.fits
139542215,33,tess2020351194500-s0033-0000000139542215-0203-s_lc.fits
349411197,33,tess2020351194500-s0033-0000000349411197-0203-s_lc.fits
340889146,33,tess2020351194500-s0033-0000000340889146-0203-s_lc.fits
143167375,33,tess2020351194500-s0033-0000000143167375-0203-s_lc.fits
192828945,33,tess2020351194500-s0033-0000000192828945-0203-s_lc.fits
148174090,33,tess2020351194500-s0033-0000000148174090-0203-s_lc.fits
318223445,33,tess2020351194500-s0033-0000000318223445-0203-s_lc.fits
279218413,33,tess2020351194500-s0033-0000000279218413-0203-s_lc.fits
32034497,33,tess2020351194500-s0033-0000000032034497-0203-s_lc.fits
30527482,33,tess2020351194500-s0033-0000000030527482-0203-s_lc.fits
293272915,33,tess2020351194500-s0033-0000000293272915-0203-s_lc.fits
21651176,33,tess2020351194500-s0033-0000000021651176-0203-s_lc.fits
149573096,33,tess2020351194500-s0033-0000000149573096-0203-s_lc.fits
179442777,33,tess2020351194500-s0033-0000000179442777-0203-s_lc.fits
219394985,33,tess2020351194500-s0033-0000000219394985-0203-s_lc.fits
805896978,33,tess2020351194500-s0033-0000000805896978-0203-s_lc.fits
32870861,33,tess2020351194500-s0033-0000000032870861-0203-s_lc.fits
282095922,33,tess2020351194500-s0033-0000000282095922-0203-s_lc.fits
51933715,33,tess2020351194500-s0033-0000000051933715-0203-s_lc.fits
153491264,33,tess2020351194500-s0033-0000000153491264-0203-s_lc.fits
235060712,33,tess2020351194500-s0033-0000000235060712-0203-s_lc.fits
32869782,33,tess2020351194500-s0033-0000000032869782-0203-s_lc.fits
219389540,33,tess2020351194500-s0033-0000000219389540-0203-s_lc.fits
130469351,33,tess2020351194500-s0033-0000000130469351-0203-s_lc.fits
21627965,33,tess2020351194500-s0033-0000000021627965-0203-s_lc.fits
141478854,33,tess2020351194500-s0033-0000000141478854-0203-s_lc.fits
393388452,33,tess2020351194500-s0033-0000000393388452-0203-s_lc.fits
21650187,33,tess2020351194500-s0033-0000000021650187-0203-s_lc.fits
300558459,33,tess2020351194500-s0033-0000000300558459-0203-s_lc.fits
192846995,33,tess2020351194500-s0033-0000000192846995-0203-s_lc.fits
238097136,33,tess2020351194500-s0033-0000000238097136-0203-s_lc.fits
220115026,33,tess2020351194500-s0033-0000000220115026-0203-s_lc.fits
172464481,33,tess2020351194500-s0033-0000000172464481-0203-s_lc.fits
237611960,33,tess2020351194500-s0033-0000000237611960-0203-s_lc.fits
30275737,33,tess2020351194500-s0033-0000000030275737-0203-s_lc.fits
317921889,33,tess2020351194500-s0033-0000000317921889-0203-s_lc.fits
31946252,33,tess2020351194500-s0033-0000000031946252-0203-s_lc.fits
25132720,33,tess2020351194500-s0033-0000000025132720-0203-s_lc.fits
80571902,33,tess2020351194500-s0033-0000000080571902-0203-s_lc.fits
14441939,33,tess2020351194500-s0033-0000000014441939-0203-s_lc.fits
207244931,33,tess2020351194500-s0033-0000000207244931-0203-s_lc.fits
33770773,33,tess2020351194500-s0033-0000000033770773-0203-s_lc.fits
123463555,33,tess2020351194500-s0033-0000000123463555-0203-s_lc.fits
149347629,33,tess2020351194500-s0033-0000000149347629-0203-s_lc.fits
142528315,33,tess2020351194500-s0033-0000000142528315-0203-s_lc.fits
33770766,33,tess2020351194500-s0033-0000000033770766-0203-s_lc.fits
287493162,33,tess2020351194500-s0033-0000000287493162-0203-s_lc.fits
300148166,33,tess2020351194500-s0033-0000000300148166-0203-s_lc.fits
32000460,33,tess2020351194500-s0033-0000000032000460-0203-s_lc.fits
53122807,33,tess2020351194500-s0033-0000000053122807-0203-s_lc.fits
234041259,33,tess2020351194500-s0033-0000000234041259-0203-s_lc.fits
10171418,33,tess2020351194500-s0033-0000000010171418-0203-s_lc.fits
278987334,33,tess2020351194500-s0033-0000000278987334-0203-s_lc.fits
262418660,33,tess2020351194500-s0033-0000000262418660-0203-s_lc.fits
438211606,33,tess2020351194500-s0033-0000000438211606-0203-s_lc.fits
123587690,33,tess2020351194500-s0033-0000000123587690-0203-s_lc.fits
339672887,33,tess2020351194500-s0033-0000000339672887-0203-s_lc.fits
349907707,33,tess2020351194500-s0033-0000000349907707-0203-s_lc.fits
382101770,33,tess2020351194500-s0033-0000000382101770-0203-s_lc.fits
140757571,33,tess2020351194500-s0033-0000000140757571-0203-s_lc.fits
201421676,33,tess2020351194500-s0033-0000000201421676-0203-s_lc.fits
40797555,33,tess2020351194500-s0033-0000000040797555-0203-s_lc.fits
232416398,33,tess2020351194500-s0033-0000000232416398-0203-s_lc.fits
438545788,33,tess2020351194500-s0033-0000000438545788-0203-s_lc.fits
50900392,33,tess2020351194500-s0033-0000000050900392-0203-s_lc.fits
143173347,33,tess2020351194500-s0033-0000000143173347-0203-s_lc.fits
364267483,33,tess2020351194500-s0033-0000000364267483-0203-s_lc.fits
237641215,33,tess2020351194500-s0033-0000000237641215-0203-s_lc.fits
5006224,33,tess2020351194500-s0033-0000000005006224-0203-s_lc.fits
31475829,33,tess2020351194500-s0033-0000000031475829-0203-s_lc.fits
170159194,33,tess2020351194500-s0033-0000000170159194-0203-s_lc.fits
300509425,33,tess2020351194500-s0033-0000000300509425-0203-s_lc.fits
26402363,33,tess2020351194500-s0033-0000000026402363-0203-s_lc.fits
172303326,33,tess2020351194500-s0033-0000000172303326-0203-s_lc.fits
382160281,33,tess2020351194500-s0033-0000000382160281-0203-s_lc.fits
119375540,33,tess2020351194500-s0033-0000000119375540-0203-s_lc.fits
257720280,33,tess2020351194500-s0033-0000000257720280-0203-s_lc.fits
31852879,33,tess2020351194500-s0033-0000000031852879-0203-s_lc.fits
93243778,33,tess2020351194500-s0033-0000000093243778-0203-s_lc.fits
79437092,33,tess2020351194500-s0033-0000000079437092-0203-s_lc.fits
150323113,33,tess2020351194500-s0033-0000000150323113-0203-s_lc.fits
52221362,33,tess2020351194500-s0033-0000000052221362-0203-s_lc.fits
53901173,33,tess2020351194500-s0033-0000000053901173-0203-s_lc.fits
30111936,33,tess2020351194500-s0033-0000000030111936-0203-s_lc.fits
291472646,33,tess2020351194500-s0033-0000000291472646-0203-s_lc.fits
284499654,33,tess2020351194500-s0033-0000000284499654-0203-s_lc.fits
125592806,33,tess2020351194500-s0033-0000000125592806-0203-s_lc.fits
32830198,33,tess2020351194500-s0033-0000000032830198-0203-s_lc.fits
386422495,33,tess2020351194500-s0033-0000000386422495-0203-s_lc.fits
250548693,33,tess2020351194500-s0033-0000000250548693-0203-s_lc.fits
302871923,33,tess2020351194500-s0033-0000000302871923-0203-s_lc.fits
231926735,33,tess2020351194500-s0033-0000000231926735-0203-s_lc.fits
350332540,33,tess2020351194500-s0033-0000000350332540-0203-s_lc.fits
160377962,33,tess2020351194500-s0033-0000000160377962-0203-s_lc.fits
307719546,33,tess2020351194500-s0033-0000000307719546-0203-s_lc.fits
386585997,33,tess2020351194500-s0033-0000000386585997-0203-s_lc.fits
52918500,33,tess2020351194500-s0033-0000000052918500-0203-s_lc.fits
5500112,33,tess2020351194500-s0033-0000000005500112-0203-s_lc.fits
157051414,33,tess2020351194500-s0033-0000000157051414-0203-s_lc.fits
296076977,33,tess2020351194500-s0033-0000000296076977-0203-s_lc.fits
350443250,33,tess2020351194500-s0033-0000000350443250-0203-s_lc.fits
173033741,33,tess2020351194500-s0033-0000000173033741-0203-s_lc.fits
66564438,33,tess2020351194500-s0033-0000000066564438-0203-s_lc.fits
148102424,33,tess2020351194500-s0033-0000000148102424-0203-s_lc.fits
93282488,33,tess2020351194500-s0033-0000000093282488-0203-s_lc.fits
364268911,33,tess2020351194500-s0033-0000000364268911-0203-s_lc.fits
349273939,33,tess2020351194500-s0033-0000000349273939-0203-s_lc.fits
41485573,33,tess2020351194500-s0033-0000000041485573-0203-s_lc.fits
234946011,33,tess2020351194500-s0033-0000000234946011-0203-s_lc.fits
255569181,33,tess2020351194500-s0033-0000000255569181-0203-s_lc.fits
157115717,33,tess2020351194500-s0033-0000000157115717-0203-s_lc.fits
207251309,33,tess2020351194500-s0033-0000000207251309-0203-s_lc.fits
120665257,33,tess2020351194500-s0033-0000000120665257-0203-s_lc.fits
317599000,33,tess2020351194500-s0033-0000000317599000-0203-s_lc.fits
37656069,33,tess2020351194500-s0033-0000000037656069-0203-s_lc.fits
192784069,33,tess2020351194500-s0033-0000000192784069-0203-s_lc.fits
415593110,33,tess2020351194500-s0033-0000000415593110-0203-s_lc.fits
80463839,33,tess2020351194500-s0033-0000000080463839-0203-s_lc.fits
148098024,33,tess2020351194500-s0033-0000000148098024-0203-s_lc.fits
80283112,33,tess2020351194500-s0033-0000000080283112-0203-s_lc.fits
130294631,33,tess2020351194500-s0033-0000000130294631-0203-s_lc.fits
232269436,33,tess2020351194500-s0033-0000000232269436-0203-s_lc.fits
33521996,33,tess2020351194500-s0033-0000000033521996-0203-s_lc.fits
354572196,33,tess2020351194500-s0033-0000000354572196-0203-s_lc.fits
202147018,33,tess2020351194500-s0033-0000000202147018-0203-s_lc.fits
350857661,33,tess2020351194500-s0033-0000000350857661-0203-s_lc.fits
172831492,33,tess2020351194500-s0033-0000000172831492-0203-s_lc.fits
66530392,33,tess2020351194500-s0033-0000000066530392-0203-s_lc.fits
176518630,33,tess2020351194500-s0033-0000000176518630-0203-s_lc.fits
141336513,33,tess2020351194500-s0033-0000000141336513-0203-s_lc.fits
53747816,33,tess2020351194500-s0033-0000000053747816-0203-s_lc.fits
123544620,33,tess2020351194500-s0033-0000000123544620-0203-s_lc.fits
404934352,33,tess2020351194500-s0033-0000000404934352-0203-s_lc.fits
172121206,33,tess2020351194500-s0033-0000000172121206-0203-s_lc.fits
271900960,33,tess2020351194500-s0033-0000000271900960-0203-s_lc.fits
59728221,33,tess2020351194500-s0033-0000000059728221-0203-s_lc.fits
167570926,33,tess2020351194500-s0033-0000000167570926-0203-s_lc.fits
232053172,33,tess2020351194500-s0033-0000000232053172-0203-s_lc.fits
260472262,33,tess2020351194500-s0033-0000000260472262-0203-s_lc.fits
261377762,33,tess2020351194500-s0033-0000000261377762-0203-s_lc.fits
293345700,33,tess2020351194500-s0033-0000000293345700-0203-s_lc.fits
180943289,33,tess2020351194500-s0033-0000000180943289-0203-s_lc.fits
72304931,33,tess2020351194500-s0033-0000000072304931-0203-s_lc.fits
234772092,33,tess2020351194500-s0033-0000000234772092-0203-s_lc.fits
124122983,33,tess2020351194500-s0033-0000000124122983-0203-s_lc.fits
48402444,33,tess2020351194500-s0033-0000000048402444-0203-s_lc.fits
317136821,33,tess2020351194500-s0033-0000000317136821-0203-s_lc.fits
317867851,33,tess2020351194500-s0033-0000000317867851-0203-s_lc.fits
251191494,33,tess2020351194500-s0033-0000000251191494-0203-s_lc.fits
317136191,33,tess2020351194500-s0033-0000000317136191-0203-s_lc.fits
299742453,33,tess2020351194500-s0033-0000000299742453-0203-s_lc.fits
404768912,33,tess2020351194500-s0033-0000000404768912-0203-s_lc.fits
293647867,33,tess2020351194500-s0033-0000000293647867-0203-s_lc.fits
279957416,33,tess2020351194500-s0033-0000000279957416-0203-s_lc.fits
167524561,33,tess2020351194500-s0033-0000000167524561-0203-s_lc.fits
231731313,33,tess2020351194500-s0033-0000000231731313-0203-s_lc.fits
46743833,33,tess2020351194500-s0033-0000000046743833-0203-s_lc.fits
235172060,33,tess2020351194500-s0033-0000000235172060-0203-s_lc.fits
39675678,33,tess2020351194500-s0033-0000000039675678-0203-s_lc.fits
778498245,33,tess2020351194500-s0033-0000000778498245-0203-s_lc.fits
350933263,33,tess2020351194500-s0033-0000000350933263-0203-s_lc.fits
235413407,33,tess2020351194500-s0033-0000000235413407-0203-s_lc.fits
149473074,33,tess2020351194500-s0033-0000000149473074-0203-s_lc.fits
52686583,33,tess2020351194500-s0033-0000000052686583-0203-s_lc.fits
158030067,33,tess2020351194500-s0033-0000000158030067-0203-s_lc.fits
165188672,33,tess2020351194500-s0033-0000000165188672-0203-s_lc.fits
176954173,33,tess2020351194500-s0033-0000000176954173-0203-s_lc.fits
231726935,33,tess2020351194500-s0033-0000000231726935-0203-s_lc.fits
288263279,33,tess2020351194500-s0033-0000000288263279-0203-s_lc.fits
220617441,33,tess2020351194500-s0033-0000000220617441-0203-s_lc.fits
31265217,33,tess2020351194500-s0033-0000000031265217-0203-s_lc.fits
292713896,33,tess2020351194500-s0033-0000000292713896-0203-s_lc.fits
282095821,33,tess2020351194500-s0033-0000000282095821-0203-s_lc.fits
149902366,33,tess2020351194500-s0033-0000000149902366-0203-s_lc.fits
260041674,33,tess2020351194500-s0033-0000000260041674-0203-s_lc.fits
32704628,33,tess2020351194500-s0033-0000000032704628-0203-s_lc.fits
134358581,33,tess2020351194500-s0033-0000000134358581-0203-s_lc.fits
125127977,33,tess2020351194500-s0033-0000000125127977-0203-s_lc.fits
167572013,33,tess2020351194500-s0033-0000000167572013-0203-s_lc.fits
124124868,33,tess2020351194500-s0033-0000000124124868-0203-s_lc.fits
282384432,33,tess2020351194500-s0033-0000000282384432-0203-s_lc.fits
350481307,33,tess2020351194500-s0033-0000000350481307-0203-s_lc.fits
119489880,33,tess2020351194500-s0033-0000000119489880-0203-s_lc.fits
23856429,33,tess2020351194500-s0033-0000000023856429-0203-s_lc.fits
31017334,33,tess2020351194500-s0033-0000000031017334-0203-s_lc.fits
260353472,33,tess2020351194500-s0033-0000000260353472-0203-s_lc.fits
389570470,33,tess2020351194500-s0033-0000000389570470-0203-s_lc.fits
55557135,33,tess2020351194500-s0033-0000000055557135-0203-s_lc.fits
234806809,33,tess2020351194500-s0033-0000000234806809-0203-s_lc.fits
125019732,33,tess2020351194500-s0033-0000000125019732-0203-s_lc.fits
382200700,33,tess2020351194500-s0033-0000000382200700-0203-s_lc.fits
349682044,33,tess2020351194500-s0033-0000000349682044-0203-s_lc.fits
231915091,33,tess2020351194500-s0033-0000000231915091-0203-s_lc.fits
148166862,33,tess2020351194500-s0033-0000000148166862-0203-s_lc.fits
765723055,33,tess2020351194500-s0033-0000000765723055-0203-s_lc.fits
231730433,33,tess2020351194500-s0033-0000000231730433-0203-s_lc.fits
291399664,33,tess2020351194500-s0033-0000000291399664-0203-s_lc.fits
39541680,33,tess2020351194500-s0033-0000000039541680-0203-s_lc.fits
140606063,33,tess2020351194500-s0033-0000000140606063-0203-s_lc.fits
179517557,33,tess2020351194500-s0033-0000000179517557-0203-s_lc.fits
382625239,33,tess2020351194500-s0033-0000000382625239-0203-s_lc.fits
234212188,33,tess2020351194500-s0033-0000000234212188-0203-s_lc.fits
306512249,33,tess2020351194500-s0033-0000000306512249-0203-s_lc.fits
37077600,33,tess2020351194500-s0033-0000000037077600-0203-s_lc.fits
124381332,33,tess2020351194500-s0033-0000000124381332-0203-s_lc.fits
60343602,33,tess2020351194500-s0033-0000000060343602-0203-s_lc.fits
277291895,33,tess2020351194500-s0033-0000000277291895-0203-s_lc.fits
24533586,33,tess2020351194500-s0033-0000000024533586-0203-s_lc.fits
206723570,33,tess2020351194500-s0033-0000000206723570-0203-s_lc.fits
168431789,33,tess2020351194500-s0033-0000000168431789-0203-s_lc.fits
11899719,33,tess2020351194500-s0033-0000000011899719-0203-s_lc.fits
142054159,33,tess2020351194500-s0033-0000000142054159-0203-s_lc.fits
257719099,33,tess2020351194500-s0033-0000000257719099-0203-s_lc.fits
300241371,33,tess2020351194500-s0033-0000000300241371-0203-s_lc.fits
219387657,33,tess2020351194500-s0033-0000000219387657-0203-s_lc.fits
12346718,33,tess2020351194500-s0033-0000000012346718-0203-s_lc.fits
168595004,33,tess2020351194500-s0033-0000000168595004-0203-s_lc.fits
231929600,33,tess2020351194500-s0033-0000000231929600-0203-s_lc.fits
277103955,33,tess2020351194500-s0033-0000000277103955-0203-s_lc.fits
440827393,33,tess2020351194500-s0033-0000000440827393-0203-s_lc.fits
150029905,33,tess2020351194500-s0033-0000000150029905-0203-s_lc.fits
336993215,33,tess2020351194500-s0033-0000000336993215-0203-s_lc.fits
339890862,33,tess2020351194500-s0033-0000000339890862-0203-s_lc.fits
38696264,33,tess2020351194500-s0033-0000000038696264-0203-s_lc.fits
97573304,33,tess2020351194500-s0033-0000000097573304-0203-s_lc.fits
269206136,33,tess2020351194500-s0033-0000000269206136-0203-s_lc.fits
299585575,33,tess2020351194500-s0033-0000000299585575-0203-s_lc.fits
151368169,33,tess2020351194500-s0033-0000000151368169-0203-s_lc.fits
141756071,33,tess2020351194500-s0033-0000000141756071-0203-s_lc.fits
32848171,33,tess2020351194500-s0033-0000000032848171-0203-s_lc.fits
119364463,33,tess2020351194500-s0033-0000000119364463-0203-s_lc.fits
157130004,33,tess2020351194500-s0033-0000000157130004-0203-s_lc.fits
255784694,33,tess2020351194500-s0033-0000000255784694-0203-s_lc.fits
452375025,33,tess2020351194500-s0033-0000000452375025-0203-s_lc.fits
66889168,33,tess2020351194500-s0033-0000000066889168-0203-s_lc.fits
59734628,33,tess2020351194500-s0033-0000000059734628-0203-s_lc.fits
386527071,33,tess2020351194500-s0033-0000000386527071-0203-s_lc.fits
29990592,33,tess2020351194500-s0033-0000000029990592-0203-s_lc.fits
25132222,33,tess2020351194500-s0033-0000000025132222-0203-s_lc.fits
306534367,33,tess2020351194500-s0033-0000000306534367-0203-s_lc.fits
358549402,33,tess2020351194500-s0033-0000000358549402-0203-s_lc.fits
176590441,33,tess2020351194500-s0033-0000000176590441-0203-s_lc.fits
220622046,33,tess2020351194500-s0033-0000000220622046-0203-s_lc.fits
247899998,33,tess2020351194500-s0033-0000000247899998-0203-s_lc.fits
32948754,33,tess2020351194500-s0033-0000000032948754-0203-s_lc.fits
155140337,33,tess2020351194500-s0033-0000000155140337-0203-s_lc.fits
37768205,33,tess2020351194500-s0033-0000000037768205-0203-s_lc.fits
167087044,33,tess2020351194500-s0033-0000000167087044-0203-s_lc.fits
97419106,33,tess2020351194500-s0033-0000000097419106-0203-s_lc.fits
142108949,33,tess2020351194500-s0033-0000000142108949-0203-s_lc.fits
167554898,33,tess2020351194500-s0033-0000000167554898-0203-s_lc.fits
306933992,33,tess2020351194500-s0033-0000000306933992-0203-s_lc.fits
238086649,33,tess2020351194500-s0033-0000000238086649-0203-s_lc.fits
260371427,33,tess2020351194500-s0033-0000000260371427-0203-s_lc.fits
317417983,33,tess2020351194500-s0033-0000000317417983-0203-s_lc.fits
370139723,33,tess2020351194500-s0033-0000000370139723-0203-s_lc.fits
61502400,33,tess2020351194500-s0033-0000000061502400-0203-s_lc.fits
220037740,33,tess2020351194500-s0033-0000000220037740-0203-s_lc.fits
48619535,33,tess2020351194500-s0033-0000000048619535-0203-s_lc.fits
237426126,33,tess2020351194500-s0033-0000000237426126-0203-s_lc.fits
148477465,33,tess2020351194500-s0033-0000000148477465-0203-s_lc.fits
300244204,33,tess2020351194500-s0033-0000000300244204-0203-s_lc.fits
316974131,33,tess2020351194500-s0033-0000000316974131-0203-s_lc.fits
369523085,33,tess2020351194500-s0033-0000000369523085-0203-s_lc.fits
293013553,33,tess2020351194500-s0033-0000000293013553-0203-s_lc.fits
264410393,33,tess2020351194500-s0033-0000000264410393-0203-s_lc.fits
229163042,33,tess2020351194500-s0033-0000000229163042-0203-s_lc.fits
81735329,33,tess2020351194500-s0033-0000000081735329-0203-s_lc.fits
49775101,33,tess2020351194500-s0033-0000000049775101-0203-s_lc.fits
176521059,33,tess2020351194500-s0033-0000000176521059-0203-s_lc.fits
38635849,33,tess2020351194500-s0033-0000000038635849-0203-s_lc.fits
255700967,33,tess2020351194500-s0033-0000000255700967-0203-s_lc.fits
25698518,33,tess2020351194500-s0033-0000000025698518-0203-s_lc.fits
231098214,33,tess2020351194500-s0033-0000000231098214-0203-s_lc.fits
39668423,33,tess2020351194500-s0033-0000000039668423-0203-s_lc.fits
24464353,33,tess2020351194500-s0033-0000000024464353-0203-s_lc.fits
31943231,33,tess2020351194500-s0033-0000000031943231-0203-s_lc.fits
767727733,33,tess2020351194500-s0033-0000000767727733-0203-s_lc.fits
232024546,33,tess2020351194500-s0033-0000000232024546-0203-s_lc.fits
38025760,33,tess2020351194500-s0033-0000000038025760-0203-s_lc.fits
389365864,33,tess2020351194500-s0033-0000000389365864-0203-s_lc.fits
26640624,33,tess2020351194500-s0033-0000000026640624-0203-s_lc.fits
37385077,33,tess2020351194500-s0033-0000000037385077-0203-s_lc.fits
271893721,33,tess2020351194500-s0033-0000000271893721-0203-s_lc.fits
220477045,33,tess2020351194500-s0033-0000000220477045-0203-s_lc.fits
385818415,33,tess2020351194500-s0033-0000000385818415-0203-s_lc.fits
143108950,33,tess2020351194500-s0033-0000000143108950-0203-s_lc.fits
250571475,33,tess2020351194500-s0033-0000000250571475-0203-s_lc.fits
55500860,33,tess2020351194500-s0033-0000000055500860-0203-s_lc.fits
292834657,33,tess2020351194500-s0033-0000000292834657-0203-s_lc.fits
172366251,33,tess2020351194500-s0033-0000000172366251-0203-s_lc.fits
307951032,33,tess2020351194500-s0033-0000000307951032-0203-s_lc.fits
370137879,33,tess2020351194500-s0033-0000000370137879-0203-s_lc.fits
292954567,33,tess2020351194500-s0033-0000000292954567-0203-s_lc.fits
354571754,33,tess2020351194500-s0033-0000000354571754-0203-s_lc.fits
382068562,33,tess2020351194500-s0033-0000000382068562-0203-s_lc.fits
294870118,33,tess2020351194500-s0033-0000000294870118-0203-s_lc.fits
35243104,33,tess2020351194500-s0033-0000000035243104-0203-s_lc.fits
167418903,33,tess2020351194500-s0033-0000000167418903-0203-s_lc.fits
59354070,33,tess2020351194500-s0033-0000000059354070-0203-s_lc.fits
234006133,33,tess2020351194500-s0033-0000000234006133-0203-s_lc.fits
291491935,33,tess2020351194500-s0033-0000000291491935-0203-s_lc.fits
349973650,33,tess2020351194500-s0033-0000000349973650-0203-s_lc.fits
271976400,33,tess2020351194500-s0033-0000000271976400-0203-s_lc.fits
119247055,33,tess2020351194500-s0033-0000000119247055-0203-s_lc.fits
318137654,33,tess2020351194500-s0033-0000000318137654-0203-s_lc.fits
39417914,33,tess2020351194500-s0033-0000000039417914-0203-s_lc.fits
33715210,33,tess2020351194500-s0033-0000000033715210-0203-s_lc.fits
349308191,33,tess2020351194500-s0033-0000000349308191-0203-s_lc.fits
167308252,33,tess2020351194500-s0033-0000000167308252-0203-s_lc.fits
150431712,33,tess2020351194500-s0033-0000000150431712-0203-s_lc.fits
382160135,33,tess2020351194500-s0033-0000000382160135-0203-s_lc.fits
207306050,33,tess2020351194500-s0033-0000000207306050-0203-s_lc.fits
33871272,33,tess2020351194500-s0033-0000000033871272-0203-s_lc.fits
99860834,33,tess2020351194500-s0033-0000000099860834-0203-s_lc.fits
124988288,33,tess2020351194500-s0033-0000000124988288-0203-s_lc.fits
271905275,33,tess2020351194500-s0033-0000000271905275-0203-s_lc.fits
5186466,33,tess2020351194500-s0033-0000000005186466-0203-s_lc.fits
381950094,33,tess2020351194500-s0033-0000000381950094-0203-s_lc.fits
72167955,33,tess2020351194500-s0033-0000000072167955-0203-s_lc.fits
55604374,33,tess2020351194500-s0033-0000000055604374-0203-s_lc.fits
339637355,33,tess2020351194500-s0033-0000000339637355-0203-s_lc.fits
67098778,33,tess2020351194500-s0033-0000000067098778-0203-s_lc.fits
98286404,33,tess2020351194500-s0033-0000000098286404-0203-s_lc.fits
93371431,33,tess2020351194500-s0033-0000000093371431-0203-s_lc.fits
339637340,33,tess2020351194500-s0033-0000000339637340-0203-s_lc.fits
165225278,33,tess2020351194500-s0033-0000000165225278-0203-s_lc.fits
301779501,33,tess2020351194500-s0033-0000000301779501-0203-s_lc.fits
33421888,33,tess2020351194500-s0033-0000000033421888-0203-s_lc.fits
46686960,33,tess2020351194500-s0033-0000000046686960-0203-s_lc.fits
319733194,33,tess2020351194500-s0033-0000000319733194-0203-s_lc.fits
177237464,33,tess2020351194500-s0033-0000000177237464-0203-s_lc.fits
101201594,33,tess2020351194500-s0033-0000000101201594-0203-s_lc.fits
37351247,33,tess2020351194500-s0033-0000000037351247-0203-s_lc.fits
7321572,33,tess2020351194500-s0033-0000000007321572-0203-s_lc.fits
63362155,33,tess2020351194500-s0033-0000000063362155-0203-s_lc.fits
206948365,33,tess2020351194500-s0033-0000000206948365-0203-s_lc.fits
307157269,33,tess2020351194500-s0033-0000000307157269-0203-s_lc.fits
32150334,33,tess2020351194500-s0033-0000000032150334-0203-s_lc.fits
167793334,33,tess2020351194500-s0033-0000000167793334-0203-s_lc.fits
257719472,33,tess2020351194500-s0033-0000000257719472-0203-s_lc.fits
260656935,33,tess2020351194500-s0033-0000000260656935-0203-s_lc.fits
119329738,33,tess2020351194500-s0033-0000000119329738-0203-s_lc.fits
22604388,33,tess2020351194500-s0033-0000000022604388-0203-s_lc.fits
147712589,33,tess2020351194500-s0033-0000000147712589-0203-s_lc.fits
47858741,33,tess2020351194500-s0033-0000000047858741-0203-s_lc.fits
140995987,33,tess2020351194500-s0033-0000000140995987-0203-s_lc.fits
149304271,33,tess2020351194500-s0033-0000000149304271-0203-s_lc.fits
140571204,33,tess2020351194500-s0033-0000000140571204-0203-s_lc.fits
438495546,33,tess2020351194500-s0033-0000000438495546-0203-s_lc.fits
386528993,33,tess2020351194500-s0033-0000000386528993-0203-s_lc.fits
60524522,33,tess2020351194500-s0033-0000000060524522-0203-s_lc.fits
438201177,33,tess2020351194500-s0033-0000000438201177-0203-s_lc.fits
685125879,33,tess2020351194500-s0033-0000000685125879-0203-s_lc.fits
300327709,33,tess2020351194500-s0033-0000000300327709-0203-s_lc.fits
294667917,33,tess2020351194500-s0033-0000000294667917-0203-s_lc.fits
255779209,33,tess2020351194500-s0033-0000000255779209-0203-s_lc.fits
100527818,33,tess2020351194500-s0033-0000000100527818-0203-s_lc.fits
382101148,33,tess2020351194500-s0033-0000000382101148-0203-s_lc.fits
381925156,33,tess2020351194500-s0033-0000000381925156-0203-s_lc.fits
177539869,33,tess2020351194500-s0033-0000000177539869-0203-s_lc.fits
207327465,33,tess2020351194500-s0033-0000000207327465-0203-s_lc.fits
241921773,33,tess2020351194500-s0033-0000000241921773-0203-s_lc.fits
319611434,33,tess2020351194500-s0033-0000000319611434-0203-s_lc.fits
220405105,33,tess2020351194500-s0033-0000000220405105-0203-s_lc.fits
59771699,33,tess2020351194500-s0033-0000000059771699-0203-s_lc.fits
172598832,33,tess2020351194500-s0033-0000000172598832-0203-s_lc.fits
279050066,33,tess2020351194500-s0033-0000000279050066-0203-s_lc.fits
207305994,33,tess2020351194500-s0033-0000000207305994-0203-s_lc.fits
52387596,33,tess2020351194500-s0033-0000000052387596-0203-s_lc.fits
167574513,33,tess2020351194500-s0033-0000000167574513-0203-s_lc.fits
237838143,33,tess2020351194500-s0033-0000000237838143-0203-s_lc.fits
393416705,33,tess2020351194500-s0033-0000000393416705-0203-s_lc.fits
80914862,33,tess2020351194500-s0033-0000000080914862-0203-s_lc.fits
278862239,33,tess2020351194500-s0033-0000000278862239-0203-s_lc.fits
93277807,33,tess2020351194500-s0033-0000000093277807-0203-s_lc.fits
32499622,33,tess2020351194500-s0033-0000000032499622-0203-s_lc.fits
124751941,33,tess2020351194500-s0033-0000000124751941-0203-s_lc.fits
100528110,33,tess2020351194500-s0033-0000000100528110-0203-s_lc.fits
294057763,33,tess2020351194500-s0033-0000000294057763-0203-s_lc.fits
231082997,33,tess2020351194500-s0033-0000000231082997-0203-s_lc.fits
31778786,33,tess2020351194500-s0033-0000000031778786-0203-s_lc.fits
59777913,33,tess2020351194500-s0033-0000000059777913-0203-s_lc.fits
650243086,33,tess2020351194500-s0033-0000000650243086-0203-s_lc.fits
97723148,33,tess2020351194500-s0033-0000000097723148-0203-s_lc.fits
238121307,33,tess2020351194500-s0033-0000000238121307-0203-s_lc.fits
388180041,33,tess2020351194500-s0033-0000000388180041-0203-s_lc.fits
97492670,33,tess2020351194500-s0033-0000000097492670-0203-s_lc.fits
235049919,33,tess2020351194500-s0033-0000000235049919-0203-s_lc.fits
375089653,33,tess2020351194500-s0033-0000000375089653-0203-s_lc.fits
14673586,33,tess2020351194500-s0033-0000000014673586-0203-s_lc.fits
140900726,33,tess2020351194500-s0033-0000000140900726-0203-s_lc.fits
234810620,33,tess2020351194500-s0033-0000000234810620-0203-s_lc.fits
143313191,33,tess2020351194500-s0033-0000000143313191-0203-s_lc.fits
172085561,33,tess2020351194500-s0033-0000000172085561-0203-s_lc.fits
156887755,33,tess2020351194500-s0033-0000000156887755-0203-s_lc.fits
713539130,33,tess2020351194500-s0033-0000000713539130-0203-s_lc.fits
440801822,33,tess2020351194500-s0033-0000000440801822-0203-s_lc.fits
124982237,33,tess2020351194500-s0033-0000000124982237-0203-s_lc.fits
339767239,33,tess2020351194500-s0033-0000000339767239-0203-s_lc.fits
148045621,33,tess2020351194500-s0033-0000000148045621-0203-s_lc.fits
148045634,33,tess2020351194500-s0033-0000000148045634-0203-s_lc.fits
201514279,33,tess2020351194500-s0033-0000000201514279-0203-s_lc.fits
391927730,33,tess2020351194500-s0033-0000000391927730-0203-s_lc.fits
425083410,33,tess2020351194500-s0033-0000000425083410-0203-s_lc.fits
201427275,33,tess2020351194500-s0033-0000000201427275-0203-s_lc.fits
234732425,33,tess2020351194500-s0033-0000000234732425-0203-s_lc.fits
38940036,33,tess2020351194500-s0033-0000000038940036-0203-s_lc.fits
96385944,33,tess2020351194500-s0033-0000000096385944-0203-s_lc.fits
43145177,33,tess2020351194500-s0033-0000000043145177-0203-s_lc.fits
317285102,33,tess2020351194500-s0033-0000000317285102-0203-s_lc.fits
237547878,33,tess2020351194500-s0033-0000000237547878-0203-s_lc.fits
262498873,33,tess2020351194500-s0033-0000000262498873-0203-s_lc.fits
251242112,33,tess2020351194500-s0033-0000000251242112-0203-s_lc.fits
300117122,33,tess2020351194500-s0033-0000000300117122-0203-s_lc.fits
220475970,33,tess2020351194500-s0033-0000000220475970-0203-s_lc.fits
100513716,33,tess2020351194500-s0033-0000000100513716-0203-s_lc.fits
220430517,33,tess2020351194500-s0033-0000000220430517-0203-s_lc.fits
231202446,33,tess2020351194500-s0033-0000000231202446-0203-s_lc.fits
172084191,33,tess2020351194500-s0033-0000000172084191-0203-s_lc.fits
415590003,33,tess2020351194500-s0033-0000000415590003-0203-s_lc.fits
317191763,33,tess2020351194500-s0033-0000000317191763-0203-s_lc.fits
59712275,33,tess2020351194500-s0033-0000000059712275-0203-s_lc.fits
124227698,33,tess2020351194500-s0033-0000000124227698-0203-s_lc.fits
200375527,33,tess2020351194500-s0033-0000000200375527-0203-s_lc.fits
238166585,33,tess2020351194500-s0033-0000000238166585-0203-s_lc.fits
177276318,33,tess2020351194500-s0033-0000000177276318-0203-s_lc.fits
235050903,33,tess2020351194500-s0033-0000000235050903-0203-s_lc.fits
41089123,33,tess2020351194500-s0033-0000000041089123-0203-s_lc.fits
177242528,33,tess2020351194500-s0033-0000000177242528-0203-s_lc.fits
264596314,33,tess2020351194500-s0033-0000000264596314-0203-s_lc.fits
51331880,33,tess2020351194500-s0033-0000000051331880-0203-s_lc.fits
177649110,33,tess2020351194500-s0033-0000000177649110-0203-s_lc.fits
159033091,33,tess2020351194500-s0033-0000000159033091-0203-s_lc.fits
124016284,33,tess2020351194500-s0033-0000000124016284-0203-s_lc.fits
348962381,33,tess2020351194500-s0033-0000000348962381-0203-s_lc.fits
59843967,33,tess2020351194500-s0033-0000000059843967-0203-s_lc.fits
350933606,33,tess2020351194500-s0033-0000000350933606-0203-s_lc.fits
675252793,33,tess2020351194500-s0033-0000000675252793-0203-s_lc.fits
123575739,33,tess2020351194500-s0033-0000000123575739-0203-s_lc.fits
260416034,33,tess2020351194500-s0033-0000000260416034-0203-s_lc.fits
102284297,33,tess2020351194500-s0033-0000000102284297-0203-s_lc.fits
232024450,33,tess2020351194500-s0033-0000000232024450-0203-s_lc.fits
349835304,33,tess2020351194500-s0033-0000000349835304-0203-s_lc.fits
350024659,33,tess2020351194500-s0033-0000000350024659-0203-s_lc.fits
167655802,33,tess2020351194500-s0033-0000000167655802-0203-s_lc.fits
237694263,33,tess2020351194500-s0033-0000000237694263-0203-s_lc.fits
235303296,33,tess2020351194500-s0033-0000000235303296-0203-s_lc.fits
124918488,33,tess2020351194500-s0033-0000000124918488-0203-s_lc.fits
79869527,33,tess2020351194500-s0033-0000000079869527-0203-s_lc.fits
705677372,33,tess2020351194500-s0033-0000000705677372-0203-s_lc.fits
55603918,33,tess2020351194500-s0033-0000000055603918-0203-s_lc.fits
277172664,33,tess2020351194500-s0033-0000000277172664-0203-s_lc.fits
167758233,33,tess2020351194500-s0033-0000000167758233-0203-s_lc.fits
33518759,33,tess2020351194500-s0033-0000000033518759-0203-s_lc.fits
151236429,33,tess2020351194500-s0033-0000000151236429-0203-s_lc.fits
308055615,33,tess2020351194500-s0033-0000000308055615-0203-s_lc.fits
270627594,33,tess2020351194500-s0033-0000000270627594-0203-s_lc.fits
21727447,33,tess2020351194500-s0033-0000000021727447-0203-s_lc.fits
279088861,33,tess2020351194500-s0033-0000000279088861-0203-s_lc.fits
33798564,33,tess2020351194500-s0033-0000000033798564-0203-s_lc.fits
767239576,33,tess2020351194500-s0033-0000000767239576-0203-s_lc.fits
23803963,33,tess2020351194500-s0033-0000000023803963-0203-s_lc.fits
177426546,33,tess2020351194500-s0033-0000000177426546-0203-s_lc.fits
333250259,33,tess2020351194500-s0033-0000000333250259-0203-s_lc.fits
234929785,33,tess2020351194500-s0033-0000000234929785-0203-s_lc.fits
231813167,33,tess2020351194500-s0033-0000000231813167-0203-s_lc.fits
167249390,33,tess2020351194500-s0033-0000000167249390-0203-s_lc.fits
219414760,33,tess2020351194500-s0033-0000000219414760-0203-s_lc.fits
99417613,33,tess2020351194500-s0033-0000000099417613-0203-s_lc.fits
29789648,33,tess2020351194500-s0033-0000000029789648-0203-s_lc.fits
20295999,33,tess2020351194500-s0033-0000000020295999-0203-s_lc.fits
48542658,33,tess2020351194500-s0033-0000000048542658-0203-s_lc.fits
277172038,33,tess2020351194500-s0033-0000000277172038-0203-s_lc.fits
149601126,33,tess2020351194500-s0033-0000000149601126-0203-s_lc.fits
25078924,33,tess2020351194500-s0033-0000000025078924-0203-s_lc.fits
241991806,33,tess2020351194500-s0033-0000000241991806-0203-s_lc.fits
318554408,33,tess2020351194500-s0033-0000000318554408-0203-s_lc.fits
150322340,33,tess2020351194500-s0033-0000000150322340-0203-s_lc.fits
438215396,33,tess2020351194500-s0033-0000000438215396-0203-s_lc.fits
299314882,33,tess2020351194500-s0033-0000000299314882-0203-s_lc.fits
263998614,33,tess2020351194500-s0033-0000000263998614-0203-s_lc.fits
78384108,33,tess2020351194500-s0033-0000000078384108-0203-s_lc.fits
141805944,33,tess2020351194500-s0033-0000000141805944-0203-s_lc.fits
124810282,33,tess2020351194500-s0033-0000000124810282-0203-s_lc.fits
443506679,33,tess2020351194500-s0033-0000000443506679-0203-s_lc.fits
153121546,33,tess2020351194500-s0033-0000000153121546-0203-s_lc.fits
294276843,33,tess2020351194500-s0033-0000000294276843-0203-s_lc.fits
80640902,33,tess2020351194500-s0033-0000000080640902-0203-s_lc.fits
348957793,33,tess2020351194500-s0033-0000000348957793-0203-s_lc.fits
386273417,33,tess2020351194500-s0033-0000000386273417-0203-s_lc.fits
270977501,33,tess2020351194500-s0033-0000000270977501-0203-s_lc.fits
55497576,33,tess2020351194500-s0033-0000000055497576-0203-s_lc.fits
33865093,33,tess2020351194500-s0033-0000000033865093-0203-s_lc.fits
349092320,33,tess2020351194500-s0033-0000000349092320-0203-s_lc.fits
149059584,33,tess2020351194500-s0033-0000000149059584-0203-s_lc.fits
140443817,33,tess2020351194500-s0033-0000000140443817-0203-s_lc.fits
149972102,33,tess2020351194500-s0033-0000000149972102-0203-s_lc.fits
354555265,33,tess2020351194500-s0033-0000000354555265-0203-s_lc.fits
220617819,33,tess2020351194500-s0033-0000000220617819-0203-s_lc.fits
290717357,33,tess2020351194500-s0033-0000000290717357-0203-s_lc.fits
167554964,33,tess2020351194500-s0033-0000000167554964-0203-s_lc.fits
409472003,33,tess2020351194500-s0033-0000000409472003-0203-s_lc.fits
393412768,33,tess2020351194500-s0033-0000000393412768-0203-s_lc.fits
287724107,33,tess2020351194500-s0033-0000000287724107-0203-s_lc.fits
33419248,33,tess2020351194500-s0033-0000000033419248-0203-s_lc.fits
759209883,33,tess2020351194500-s0033-0000000759209883-0203-s_lc.fits
150318672,33,tess2020351194500-s0033-0000000150318672-0203-s_lc.fits
38022880,33,tess2020351194500-s0033-0000000038022880-0203-s_lc.fits
309658086,33,tess2020351194500-s0033-0000000309658086-0203-s_lc.fits
39843046,33,tess2020351194500-s0033-0000000039843046-0203-s_lc.fits
142148289,33,tess2020351194500-s0033-0000000142148289-0203-s_lc.fits
130649285,33,tess2020351194500-s0033-0000000130649285-0203-s_lc.fits
337333197,33,tess2020351194500-s0033-0000000337333197-0203-s_lc.fits
21749933,33,tess2020351194500-s0033-0000000021749933-0203-s_lc.fits
320744683,33,tess2020351194500-s0033-0000000320744683-0203-s_lc.fits
167123841,33,tess2020351194500-s0033-0000000167123841-0203-s_lc.fits
272234061,33,tess2020351194500-s0033-0000000272234061-0203-s_lc.fits
130514466,33,tess2020351194500-s0033-0000000130514466-0203-s_lc.fits
172460488,33,tess2020351194500-s0033-0000000172460488-0203-s_lc.fits
26585765,33,tess2020351194500-s0033-0000000026585765-0203-s_lc.fits
168057371,33,tess2020351194500-s0033-0000000168057371-0203-s_lc.fits
287532602,33,tess2020351194500-s0033-0000000287532602-0203-s_lc.fits
22939322,33,tess2020351194500-s0033-0000000022939322-0203-s_lc.fits
294120117,33,tess2020351194500-s0033-0000000294120117-0203-s_lc.fits
100679848,33,tess2020351194500-s0033-0000000100679848-0203-s_lc.fits
11756053,33,tess2020351194500-s0033-0000000011756053-0203-s_lc.fits
391904697,33,tess2020351194500-s0033-0000000391904697-0203-s_lc.fits
300009970,33,tess2020351194500-s0033-0000000300009970-0203-s_lc.fits
31945490,33,tess2020351194500-s0033-0000000031945490-0203-s_lc.fits
220421985,33,tess2020351194500-s0033-0000000220421985-0203-s_lc.fits
5053251,33,tess2020351194500-s0033-0000000005053251-0203-s_lc.fits
167602025,33,tess2020351194500-s0033-0000000167602025-0203-s_lc.fits
59619084,33,tess2020351194500-s0033-0000000059619084-0203-s_lc.fits
33473432,33,tess2020351194500-s0033-0000000033473432-0203-s_lc.fits
176765642,33,tess2020351194500-s0033-0000000176765642-0203-s_lc.fits
349683698,33,tess2020351194500-s0033-0000000349683698-0203-s_lc.fits
282504791,33,tess2020351194500-s0033-0000000282504791-0203-s_lc.fits
78568716,33,tess2020351194500-s0033-0000000078568716-0203-s_lc.fits
102575185,33,tess2020351194500-s0033-0000000102575185-0203-s_lc.fits
64786506,33,tess2020351194500-s0033-0000000064786506-0203-s_lc.fits
150165810,33,tess2020351194500-s0033-0000000150165810-0203-s_lc.fits
25702582,33,tess2020351194500-s0033-0000000025702582-0203-s_lc.fits
71512186,33,tess2020351194500-s0033-0000000071512186-0203-s_lc.fits
229297622,33,tess2020351194500-s0033-0000000229297622-0203-s_lc.fits
219393398,33,tess2020351194500-s0033-0000000219393398-0203-s_lc.fits
35575018,33,tess2020351194500-s0033-0000000035575018-0203-s_lc.fits
37199922,33,tess2020351194500-s0033-0000000037199922-0203-s_lc.fits
385821794,33,tess2020351194500-s0033-0000000385821794-0203-s_lc.fits
337270216,33,tess2020351194500-s0033-0000000337270216-0203-s_lc.fits
370039162,33,tess2020351194500-s0033-0000000370039162-0203-s_lc.fits
150272064,33,tess2020351194500-s0033-0000000150272064-0203-s_lc.fits
409076753,33,tess2020351194500-s0033-0000000409076753-0203-s_lc.fits
387145100,33,tess2020351194500-s0033-0000000387145100-0203-s_lc.fits
40605409,33,tess2020351194500-s0033-0000000040605409-0203-s_lc.fits
272131069,33,tess2020351194500-s0033-0000000272131069-0203-s_lc.fits
231731917,33,tess2020351194500-s0033-0000000231731917-0203-s_lc.fits
277099925,33,tess2020351194500-s0033-0000000277099925-0203-s_lc.fits
148405684,33,tess2020351194500-s0033-0000000148405684-0203-s_lc.fits
219175972,33,tess2020351194500-s0033-0000000219175972-0203-s_lc.fits
278823382,33,tess2020351194500-s0033-0000000278823382-0203-s_lc.fits
63948272,33,tess2020351194500-s0033-0000000063948272-0203-s_lc.fits
350656545,33,tess2020351194500-s0033-0000000350656545-0203-s_lc.fits
350930672,33,tess2020351194500-s0033-0000000350930672-0203-s_lc.fits
231973593,33,tess2020351194500-s0033-0000000231973593-0203-s_lc.fits
350332918,33,tess2020351194500-s0033-0000000350332918-0203-s_lc.fits
140376054,33,tess2020351194500-s0033-0000000140376054-0203-s_lc.fits
238027452,33,tess2020351194500-s0033-0000000238027452-0203-s_lc.fits
22731538,33,tess2020351194500-s0033-0000000022731538-0203-s_lc.fits
277301232,33,tess2020351194500-s0033-0000000277301232-0203-s_lc.fits
389433788,33,tess2020351194500-s0033-0000000389433788-0203-s_lc.fits
235270343,33,tess2020351194500-s0033-0000000235270343-0203-s_lc.fits
48615019,33,tess2020351194500-s0033-0000000048615019-0203-s_lc.fits
39727989,33,tess2020351194500-s0033-0000000039727989-0203-s_lc.fits
231812407,33,tess2020351194500-s0033-0000000231812407-0203-s_lc.fits
319476146,33,tess2020351194500-s0033-0000000319476146-0203-s_lc.fits
220274772,33,tess2020351194500-s0033-0000000220274772-0203-s_lc.fits
31814089,33,tess2020351194500-s0033-0000000031814089-0203-s_lc.fits
219150008,33,tess2020351194500-s0033-0000000219150008-0203-s_lc.fits
141944800,33,tess2020351194500-s0033-0000000141944800-0203-s_lc.fits
52049935,33,tess2020351194500-s0033-0000000052049935-0203-s_lc.fits
95056696,33,tess2020351194500-s0033-0000000095056696-0203-s_lc.fits
350655910,33,tess2020351194500-s0033-0000000350655910-0203-s_lc.fits
293233172,33,tess2020351194500-s0033-0000000293233172-0203-s_lc.fits
202142472,33,tess2020351194500-s0033-0000000202142472-0203-s_lc.fits
48324942,33,tess2020351194500-s0033-0000000048324942-0203-s_lc.fits
148043110,33,tess2020351194500-s0033-0000000148043110-0203-s_lc.fits
140379941,33,tess2020351194500-s0033-0000000140379941-0203-s_lc.fits
7422229,33,tess2020351194500-s0033-0000000007422229-0203-s_lc.fits
52549113,33,tess2020351194500-s0033-0000000052549113-0203-s_lc.fits
279571543,33,tess2020351194500-s0033-0000000279571543-0203-s_lc.fits
177924675,33,tess2020351194500-s0033-0000000177924675-0203-s_lc.fits
41596872,33,tess2020351194500-s0033-0000000041596872-0203-s_lc.fits
157663171,33,tess2020351194500-s0033-0000000157663171-0203-s_lc.fits
442991114,33,tess2020351194500-s0033-0000000442991114-0203-s_lc.fits
348842168,33,tess2020351194500-s0033-0000000348842168-0203-s_lc.fits
155145929,33,tess2020351194500-s0033-0000000155145929-0203-s_lc.fits
231158570,33,tess2020351194500-s0033-0000000231158570-0203-s_lc.fits
167031605,33,tess2020351194500-s0033-0000000167031605-0203-s_lc.fits
386198549,33,tess2020351194500-s0033-0000000386198549-0203-s_lc.fits
37996042,33,tess2020351194500-s0033-0000000037996042-0203-s_lc.fits
80285930,33,tess2020351194500-s0033-0000000080285930-0203-s_lc.fits
229291258,33,tess2020351194500-s0033-0000000229291258-0203-s_lc.fits
55663264,33,tess2020351194500-s0033-0000000055663264-0203-s_lc.fits
149272739,33,tess2020351194500-s0033-0000000149272739-0203-s_lc.fits
192786080,33,tess2020351194500-s0033-0000000192786080-0203-s_lc.fits
151584683,33,tess2020351194500-s0033-0000000151584683-0203-s_lc.fits
255569629,33,tess2020351194500-s0033-0000000255569629-0203-s_lc.fits
25065471,33,tess2020351194500-s0033-0000000025065471-0203-s_lc.fits
40602927,33,tess2020351194500-s0033-0000000040602927-0203-s_lc.fits
337388617,33,tess2020351194500-s0033-0000000337388617-0203-s_lc.fits
381979590,33,tess2020351194500-s0033-0000000381979590-0203-s_lc.fits
279614617,33,tess2020351194500-s0033-0000000279614617-0203-s_lc.fits
231825108,33,tess2020351194500-s0033-0000000231825108-0203-s_lc.fits
66529269,33,tess2020351194500-s0033-0000000066529269-0203-s_lc.fits
20178111,33,tess2020351194500-s0033-0000000020178111-0203-s_lc.fits
277024372,33,tess2020351194500-s0033-0000000277024372-0203-s_lc.fits
124807341,33,tess2020351194500-s0033-0000000124807341-0203-s_lc.fits
7391847,33,tess2020351194500-s0033-0000000007391847-0203-s_lc.fits
220434166,33,tess2020351194500-s0033-0000000220434166-0203-s_lc.fits
294124071,33,tess2020351194500-s0033-0000000294124071-0203-s_lc.fits
156835509,33,tess2020351194500-s0033-0000000156835509-0203-s_lc.fits
299276962,33,tess2020351194500-s0033-0000000299276962-0203-s_lc.fits
350297825,33,tess2020351194500-s0033-0000000350297825-0203-s_lc.fits
157627043,33,tess2020351194500-s0033-0000000157627043-0203-s_lc.fits
150140723,33,tess2020351194500-s0033-0000000150140723-0203-s_lc.fits
282576340,33,tess2020351194500-s0033-0000000282576340-0203-s_lc.fits
38584652,33,tess2020351194500-s0033-0000000038584652-0203-s_lc.fits
33839693,33,tess2020351194500-s0033-0000000033839693-0203-s_lc.fits
284194555,33,tess2020351194500-s0033-0000000284194555-0203-s_lc.fits
167126073,33,tess2020351194500-s0033-0000000167126073-0203-s_lc.fits
393411975,33,tess2020351194500-s0033-0000000393411975-0203-s_lc.fits
281414534,33,tess2020351194500-s0033-0000000281414534-0203-s_lc.fits
48650392,33,tess2020351194500-s0033-0000000048650392-0203-s_lc.fits
276863576,33,tess2020351194500-s0033-0000000276863576-0203-s_lc.fits
177241155,33,tess2020351194500-s0033-0000000177241155-0203-s_lc.fits
59883481,33,tess2020351194500-s0033-0000000059883481-0203-s_lc.fits
167798670,33,tess2020351194500-s0033-0000000167798670-0203-s_lc.fits
51341739,33,tess2020351194500-s0033-0000000051341739-0203-s_lc.fits
124982575,33,tess2020351194500-s0033-0000000124982575-0203-s_lc.fits
255617226,33,tess2020351194500-s0033-0000000255617226-0203-s_lc.fits
156933503,33,tess2020351194500-s0033-0000000156933503-0203-s_lc.fits
306530664,33,tess2020351194500-s0033-0000000306530664-0203-s_lc.fits
153183745,33,tess2020351194500-s0033-0000000153183745-0203-s_lc.fits
255618973,33,tess2020351194500-s0033-0000000255618973-0203-s_lc.fits
140802749,33,tess2020351194500-s0033-0000000140802749-0203-s_lc.fits
271694519,33,tess2020351194500-s0033-0000000271694519-0203-s_lc.fits
235055433,33,tess2020351194500-s0033-0000000235055433-0203-s_lc.fits
237807334,33,tess2020351194500-s0033-0000000237807334-0203-s_lc.fits
37353194,33,tess2020351194500-s0033-0000000037353194-0203-s_lc.fits
280120902,33,tess2020351194500-s0033-0000000280120902-0203-s_lc.fits
124227392,33,tess2020351194500-s0033-0000000124227392-0203-s_lc.fits
300136240,33,tess2020351194500-s0033-0000000300136240-0203-s_lc.fits
247921188,33,tess2020351194500-s0033-0000000247921188-0203-s_lc.fits
343962319,33,tess2020351194500-s0033-0000000343962319-0203-s_lc.fits
220296530,33,tess2020351194500-s0033-0000000220296530-0203-s_lc.fits
141768040,33,tess2020351194500-s0033-0000000141768040-0203-s_lc.fits
148272246,33,tess2020351194500-s0033-0000000148272246-0203-s_lc.fits
231935664,33,tess2020351194500-s0033-0000000231935664-0203-s_lc.fits
294625561,33,tess2020351194500-s0033-0000000294625561-0203-s_lc.fits
25648505,33,tess2020351194500-s0033-0000000025648505-0203-s_lc.fits
32090394,33,tess2020351194500-s0033-0000000032090394-0203-s_lc.fits
279052858,33,tess2020351194500-s0033-0000000279052858-0203-s_lc.fits
150437023,33,tess2020351194500-s0033-0000000150437023-0203-s_lc.fits
294872353,33,tess2020351194500-s0033-0000000294872353-0203-s_lc.fits
445267184,33,tess2020351194500-s0033-0000000445267184-0203-s_lc.fits
440767223,33,tess2020351194500-s0033-0000000440767223-0203-s_lc.fits
317330474,33,tess2020351194500-s0033-0000000317330474-0203-s_lc.fits
52970056,33,tess2020351194500-s0033-0000000052970056-0203-s_lc.fits
177756108,33,tess2020351194500-s0033-0000000177756108-0203-s_lc.fits
317863953,33,tess2020351194500-s0033-0000000317863953-0203-s_lc.fits
443219675,33,tess2020351194500-s0033-0000000443219675-0203-s_lc.fits
277018227,33,tess2020351194500-s0033-0000000277018227-0203-s_lc.fits
22941759,33,tess2020351194500-s0033-0000000022941759-0203-s_lc.fits
168529903,33,tess2020351194500-s0033-0000000168529903-0203-s_lc.fits
279157652,33,tess2020351194500-s0033-0000000279157652-0203-s_lc.fits
386152278,33,tess2020351194500-s0033-0000000386152278-0203-s_lc.fits
37389028,33,tess2020351194500-s0033-0000000037389028-0203-s_lc.fits
277172980,33,tess2020351194500-s0033-0000000277172980-0203-s_lc.fits
150101616,33,tess2020351194500-s0033-0000000150101616-0203-s_lc.fits
220471360,33,tess2020351194500-s0033-0000000220471360-0203-s_lc.fits
294667668,33,tess2020351194500-s0033-0000000294667668-0203-s_lc.fits
369522736,33,tess2020351194500-s0033-0000000369522736-0203-s_lc.fits
142017509,33,tess2020351194500-s0033-0000000142017509-0203-s_lc.fits
268368514,33,tess2020351194500-s0033-0000000268368514-0203-s_lc.fits
67267526,33,tess2020351194500-s0033-0000000067267526-0203-s_lc.fits
61683509,33,tess2020351194500-s0033-0000000061683509-0203-s_lc.fits
299884837,33,tess2020351194500-s0033-0000000299884837-0203-s_lc.fits
270889166,33,tess2020351194500-s0033-0000000270889166-0203-s_lc.fits
364327045,33,tess2020351194500-s0033-0000000364327045-0203-s_lc.fits
350332771,33,tess2020351194500-s0033-0000000350332771-0203-s_lc.fits
220478846,33,tess2020351194500-s0033-0000000220478846-0203-s_lc.fits
425083927,33,tess2020351194500-s0033-0000000425083927-0203-s_lc.fits
38761335,33,tess2020351194500-s0033-0000000038761335-0203-s_lc.fits
431591561,33,tess2020351194500-s0033-0000000431591561-0203-s_lc.fits
79292375,33,tess2020351194500-s0033-0000000079292375-0203-s_lc.fits
278957489,33,tess2020351194500-s0033-0000000278957489-0203-s_lc.fits
49706036,33,tess2020351194500-s0033-0000000049706036-0203-s_lc.fits
65652471,33,tess2020351194500-s0033-0000000065652471-0203-s_lc.fits
284584842,33,tess2020351194500-s0033-0000000284584842-0203-s_lc.fits
37391966,33,tess2020351194500-s0033-0000000037391966-0203-s_lc.fits
438525423,33,tess2020351194500-s0033-0000000438525423-0203-s_lc.fits
140595903,33,tess2020351194500-s0033-0000000140595903-0203-s_lc.fits
55781202,33,tess2020351194500-s0033-0000000055781202-0203-s_lc.fits
350715741,33,tess2020351194500-s0033-0000000350715741-0203-s_lc.fits
158068894,33,tess2020351194500-s0033-0000000158068894-0203-s_lc.fits
172739295,33,tess2020351194500-s0033-0000000172739295-0203-s_lc.fits
348900380,33,tess2020351194500-s0033-0000000348900380-0203-s_lc.fits
151280044,33,tess2020351194500-s0033-0000000151280044-0203-s_lc.fits
760738297,33,tess2020351194500-s0033-0000000760738297-0203-s_lc.fits
80823993,33,tess2020351194500-s0033-0000000080823993-0203-s_lc.fits
272546319,33,tess2020351194500-s0033-0000000272546319-0203-s_lc.fits
453107249,33,tess2020351194500-s0033-0000000453107249-0203-s_lc.fits
130471504,33,tess2020351194500-s0033-0000000130471504-0203-s_lc.fits
25155654,33,tess2020351194500-s0033-0000000025155654-0203-s_lc.fits
156841266,33,tess2020351194500-s0033-0000000156841266-0203-s_lc.fits
238037112,33,tess2020351194500-s0033-0000000238037112-0203-s_lc.fits
158030823,33,tess2020351194500-s0033-0000000158030823-0203-s_lc.fits
167714333,33,tess2020351194500-s0033-0000000167714333-0203-s_lc.fits
344023137,33,tess2020351194500-s0033-0000000344023137-0203-s_lc.fits
295518671,33,tess2020351194500-s0033-0000000295518671-0203-s_lc.fits
60001334,33,tess2020351194500-s0033-0000000060001334-0203-s_lc.fits
271723952,33,tess2020351194500-s0033-0000000271723952-0203-s_lc.fits
381951850,33,tess2020351194500-s0033-0000000381951850-0203-s_lc.fits
143168071,33,tess2020351194500-s0033-0000000143168071-0203-s_lc.fits
344173711,33,tess2020351194500-s0033-0000000344173711-0203-s_lc.fits
220336348,33,tess2020351194500-s0033-0000000220336348-0203-s_lc.fits
53591786,33,tess2020351194500-s0033-0000000053591786-0203-s_lc.fits
20143614,33,tess2020351194500-s0033-0000000020143614-0203-s_lc.fits
65470544,33,tess2020351194500-s0033-0000000065470544-0203-s_lc.fits
237362502,33,tess2020351194500-s0033-0000000237362502-0203-s_lc.fits
238898583,33,tess2020351194500-s0033-0000000238898583-0203-s_lc.fits
167201539,33,tess2020351194500-s0033-0000000167201539-0203-s_lc.fits
78680163,33,tess2020351194500-s0033-0000000078680163-0203-s_lc.fits
168195934,33,tess2020351194500-s0033-0000000168195934-0203-s_lc.fits
301594608,33,tess2020351194500-s0033-0000000301594608-0203-s_lc.fits
39167167,33,tess2020351194500-s0033-0000000039167167-0203-s_lc.fits
375148300,33,tess2020351194500-s0033-0000000375148300-0203-s_lc.fits
65409617,33,tess2020351194500-s0033-0000000065409617-0203-s_lc.fits
234259330,33,tess2020351194500-s0033-0000000234259330-0203-s_lc.fits
158733089,33,tess2020351194500-s0033-0000000158733089-0203-s_lc.fits
143282206,33,tess2020351194500-s0033-0000000143282206-0203-s_lc.fits
231088741,33,tess2020351194500-s0033-0000000231088741-0203-s_lc.fits
37879352,33,tess2020351194500-s0033-0000000037879352-0203-s_lc.fits
20140801,33,tess2020351194500-s0033-0000000020140801-0203-s_lc.fits
40716446,33,tess2020351194500-s0033-0000000040716446-0203-s_lc.fits
438331506,33,tess2020351194500-s0033-0000000438331506-0203-s_lc.fits
40612150,33,tess2020351194500-s0033-0000000040612150-0203-s_lc.fits
306601798,33,tess2020351194500-s0033-0000000306601798-0203-s_lc.fits
293646861,33,tess2020351194500-s0033-0000000293646861-0203-s_lc.fits
270674067,33,tess2020351194500-s0033-0000000270674067-0203-s_lc.fits
149423652,33,tess2020351194500-s0033-0000000149423652-0203-s_lc.fits
80767187,33,tess2020351194500-s0033-0000000080767187-0203-s_lc.fits
64843059,33,tess2020351194500-s0033-0000000064843059-0203-s_lc.fits
150390490,33,tess2020351194500-s0033-0000000150390490-0203-s_lc.fits
220423993,33,tess2020351194500-s0033-0000000220423993-0203-s_lc.fits
287298969,33,tess2020351194500-s0033-0000000287298969-0203-s_lc.fits
270557309,33,tess2020351194500-s0033-0000000270557309-0203-s_lc.fits
167364796,33,tess2020351194500-s0033-0000000167364796-0203-s_lc.fits
140209607,33,tess2020351194500-s0033-0000000140209607-0203-s_lc.fits
438228171,33,tess2020351194500-s0033-0000000438228171-0203-s_lc.fits
81150226,33,tess2020351194500-s0033-0000000081150226-0203-s_lc.fits
53682170,33,tess2020351194500-s0033-0000000053682170-0203-s_lc.fits
317953828,33,tess2020351194500-s0033-0000000317953828-0203-s_lc.fits
106347931,33,tess2020351194500-s0033-0000000106347931-0203-s_lc.fits
291871000,33,tess2020351194500-s0033-0000000291871000-0203-s_lc.fits
167717650,33,tess2020351194500-s0033-0000000167717650-0203-s_lc.fits
167203424,33,tess2020351194500-s0033-0000000167203424-0203-s_lc.fits
143124578,33,tess2020351194500-s0033-0000000143124578-0203-s_lc.fits
167422188,33,tess2020351194500-s0033-0000000167422188-0203-s_lc.fits
407700537,33,tess2020351194500-s0033-0000000407700537-0203-s_lc.fits
237612719,33,tess2020351194500-s0033-0000000237612719-0203-s_lc.fits
93281187,33,tess2020351194500-s0033-0000000093281187-0203-s_lc.fits
231941654,33,tess2020351194500-s0033-0000000231941654-0203-s_lc.fits
306741844,33,tess2020351194500-s0033-0000000306741844-0203-s_lc.fits
350583319,33,tess2020351194500-s0033-0000000350583319-0203-s_lc.fits
71723642,33,tess2020351194500-s0033-0000000071723642-0203-s_lc.fits
318900953,33,tess2020351194500-s0033-0000000318900953-0203-s_lc.fits
143275486,33,tess2020351194500-s0033-0000000143275486-0203-s_lc.fits
143210019,33,tess2020351194500-s0033-0000000143210019-0203-s_lc.fits
445145694,33,tess2020351194500-s0033-0000000445145694-0203-s_lc.fits
148036049,33,tess2020351194500-s0033-0000000148036049-0203-s_lc.fits
34855316,33,tess2020351194500-s0033-0000000034855316-0203-s_lc.fits
192928325,33,tess2020351194500-s0033-0000000192928325-0203-s_lc.fits
322822248,33,tess2020351194500-s0033-0000000322822248-0203-s_lc.fits
24462175,33,tess2020351194500-s0033-0000000024462175-0203-s_lc.fits
147033608,33,tess2020351194500-s0033-0000000147033608-0203-s_lc.fits
143271239,33,tess2020351194500-s0033-0000000143271239-0203-s_lc.fits
220430492,33,tess2020351194500-s0033-0000000220430492-0203-s_lc.fits
71864308,33,tess2020351194500-s0033-0000000071864308-0203-s_lc.fits
81739998,33,tess2020351194500-s0033-0000000081739998-0203-s_lc.fits
294212483,33,tess2020351194500-s0033-0000000294212483-0203-s_lc.fits
124407255,33,tess2020351194500-s0033-0000000124407255-0203-s_lc.fits
293271918,33,tess2020351194500-s0033-0000000293271918-0203-s_lc.fits
22647078,33,tess2020351194500-s0033-0000000022647078-0203-s_lc.fits
262699311,33,tess2020351194500-s0033-0000000262699311-0203-s_lc.fits
349055133,33,tess2020351194500-s0033-0000000349055133-0203-s_lc.fits
31798699,33,tess2020351194500-s0033-0000000031798699-0203-s_lc.fits
340060346,33,tess2020351194500-s0033-0000000340060346-0203-s_lc.fits
143105158,33,tess2020351194500-s0033-0000000143105158-0203-s_lc.fits
93415272,33,tess2020351194500-s0033-0000000093415272-0203-s_lc.fits
36557487,33,tess2020351194500-s0033-0000000036557487-0203-s_lc.fits
59773449,33,tess2020351194500-s0033-0000000059773449-0203-s_lc.fits
386270941,33,tess2020351194500-s0033-0000000386270941-0203-s_lc.fits
219201178,33,tess2020351194500-s0033-0000000219201178-0203-s_lc.fits
149603524,33,tess2020351194500-s0033-0000000149603524-0203-s_lc.fits
270576160,33,tess2020351194500-s0033-0000000270576160-0203-s_lc.fits
219145395,33,tess2020351194500-s0033-0000000219145395-0203-s_lc.fits
150030205,33,tess2020351194500-s0033-0000000150030205-0203-s_lc.fits
320652927,33,tess2020351194500-s0033-0000000320652927-0203-s_lc.fits
234230362,33,tess2020351194500-s0033-0000000234230362-0203-s_lc.fits
319921981,33,tess2020351194500-s0033-0000000319921981-0203-s_lc.fits
452377786,33,tess2020351194500-s0033-0000000452377786-0203-s_lc.fits
404933947,33,tess2020351194500-s0033-0000000404933947-0203-s_lc.fits
65978111,33,tess2020351194500-s0033-0000000065978111-0203-s_lc.fits
71966031,33,tess2020351194500-s0033-0000000071966031-0203-s_lc.fits
157126618,33,tess2020351194500-s0033-0000000157126618-0203-s_lc.fits
320031632,33,tess2020351194500-s0033-0000000320031632-0203-s_lc.fits
306932279,33,tess2020351194500-s0033-0000000306932279-0203-s_lc.fits
72425267,33,tess2020351194500-s0033-0000000072425267-0203-s_lc.fits
21503085,33,tess2020351194500-s0033-0000000021503085-0203-s_lc.fits
142411596,33,tess2020351194500-s0033-0000000142411596-0203-s_lc.fits
143281666,33,tess2020351194500-s0033-0000000143281666-0203-s_lc.fits
153499847,33,tess2020351194500-s0033-0000000153499847-0203-s_lc.fits
176959991,33,tess2020351194500-s0033-0000000176959991-0203-s_lc.fits
229275723,33,tess2020351194500-s0033-0000000229275723-0203-s_lc.fits
436625202,33,tess2020351194500-s0033-0000000436625202-0203-s_lc.fits
23550713,33,tess2020351194500-s0033-0000000023550713-0203-s_lc.fits
219203070,33,tess2020351194500-s0033-0000000219203070-0203-s_lc.fits
11762992,33,tess2020351194500-s0033-0000000011762992-0203-s_lc.fits
53063082,33,tess2020351194500-s0033-0000000053063082-0203-s_lc.fits
220478950,33,tess2020351194500-s0033-0000000220478950-0203-s_lc.fits
124125383,33,tess2020351194500-s0033-0000000124125383-0203-s_lc.fits
409689333,33,tess2020351194500-s0033-0000000409689333-0203-s_lc.fits
259701231,33,tess2020351194500-s0033-0000000259701231-0203-s_lc.fits
130414928,33,tess2020351194500-s0033-0000000130414928-0203-s_lc.fits
234052684,33,tess2020351194500-s0033-0000000234052684-0203-s_lc.fits
299903841,33,tess2020351194500-s0033-0000000299903841-0203-s_lc.fits
231717352,33,tess2020351194500-s0033-0000000231717352-0203-s_lc.fits
39841781,33,tess2020351194500-s0033-0000000039841781-0203-s_lc.fits
291385317,33,tess2020351194500-s0033-0000000291385317-0203-s_lc.fits
147365774,33,tess2020351194500-s0033-0000000147365774-0203-s_lc.fits
238225427,33,tess2020351194500-s0033-0000000238225427-0203-s_lc.fits
49183531,33,tess2020351194500-s0033-0000000049183531-0203-s_lc.fits
425149118,33,tess2020351194500-s0033-0000000425149118-0203-s_lc.fits
234596857,33,tess2020351194500-s0033-0000000234596857-0203-s_lc.fits
350621085,33,tess2020351194500-s0033-0000000350621085-0203-s_lc.fits
179376451,33,tess2020351194500-s0033-0000000179376451-0203-s_lc.fits
382148212,33,tess2020351194500-s0033-0000000382148212-0203-s_lc.fits
440849465,33,tess2020351194500-s0033-0000000440849465-0203-s_lc.fits
287438823,33,tess2020351194500-s0033-0000000287438823-0203-s_lc.fits
81677445,33,tess2020351194500-s0033-0000000081677445-0203-s_lc.fits
320739670,33,tess2020351194500-s0033-0000000320739670-0203-s_lc.fits
271793579,33,tess2020351194500-s0033-0000000271793579-0203-s_lc.fits
287408257,33,tess2020351194500-s0033-0000000287408257-0203-s_lc.fits
235067270,33,tess2020351194500-s0033-0000000235067270-0203-s_lc.fits
179306195,33,tess2020351194500-s0033-0000000179306195-0203-s_lc.fits
167422005,33,tess2020351194500-s0033-0000000167422005-0203-s_lc.fits
178745889,33,tess2020351194500-s0033-0000000178745889-0203-s_lc.fits
179637336,33,tess2020351194500-s0033-0000000179637336-0203-s_lc.fits
201390140,33,tess2020351194500-s0033-0000000201390140-0203-s_lc.fits
179574710,33,tess2020351194500-s0033-0000000179574710-0203-s_lc.fits
279957325,33,tess2020351194500-s0033-0000000279957325-0203-s_lc.fits
142142160,33,tess2020351194500-s0033-0000000142142160-0203-s_lc.fits
318414882,33,tess2020351194500-s0033-0000000318414882-0203-s_lc.fits
309791561,33,tess2020351194500-s0033-0000000309791561-0203-s_lc.fits
31799697,33,tess2020351194500-s0033-0000000031799697-0203-s_lc.fits
279956577,33,tess2020351194500-s0033-0000000279956577-0203-s_lc.fits
97651086,33,tess2020351194500-s0033-0000000097651086-0203-s_lc.fits
238066092,33,tess2020351194500-s0033-0000000238066092-0203-s_lc.fits
350954265,33,tess2020351194500-s0033-0000000350954265-0203-s_lc.fits
72313556,33,tess2020351194500-s0033-0000000072313556-0203-s_lc.fits
280910766,33,tess2020351194500-s0033-0000000280910766-0203-s_lc.fits
177690765,33,tess2020351194500-s0033-0000000177690765-0203-s_lc.fits
177181728,33,tess2020351194500-s0033-0000000177181728-0203-s_lc.fits
156633336,33,tess2020351194500-s0033-0000000156633336-0203-s_lc.fits
26235372,33,tess2020351194500-s0033-0000000026235372-0203-s_lc.fits
743827081,33,tess2020351194500-s0033-0000000743827081-0203-s_lc.fits
177174910,33,tess2020351194500-s0033-0000000177174910-0203-s_lc.fits
142049025,33,tess2020351194500-s0033-0000000142049025-0203-s_lc.fits
95416754,33,tess2020351194500-s0033-0000000095416754-0203-s_lc.fits
260003329,33,tess2020351194500-s0033-0000000260003329-0203-s_lc.fits
7444177,33,tess2020351194500-s0033-0000000007444177-0203-s_lc.fits
150274632,33,tess2020351194500-s0033-0000000150274632-0203-s_lc.fits
151402763,33,tess2020351194500-s0033-0000000151402763-0203-s_lc.fits
445456758,33,tess2020351194500-s0033-0000000445456758-0203-s_lc.fits
350444342,33,tess2020351194500-s0033-0000000350444342-0203-s_lc.fits
382201815,33,tess2020351194500-s0033-0000000382201815-0203-s_lc.fits
167339584,33,tess2020351194500-s0033-0000000167339584-0203-s_lc.fits
293270903,33,tess2020351194500-s0033-0000000293270903-0203-s_lc.fits
294308857,33,tess2020351194500-s0033-0000000294308857-0203-s_lc.fits
234890938,33,tess2020351194500-s0033-0000000234890938-0203-s_lc.fits
262704125,33,tess2020351194500-s0033-0000000262704125-0203-s_lc.fits
149571930,33,tess2020351194500-s0033-0000000149571930-0203-s_lc.fits
307306545,33,tess2020351194500-s0033-0000000307306545-0203-s_lc.fits
219155856,33,tess2020351194500-s0033-0000000219155856-0203-s_lc.fits
120534470,33,tess2020351194500-s0033-0000000120534470-0203-s_lc.fits
408904545,33,tess2020351194500-s0033-0000000408904545-0203-s_lc.fits
118873360,33,tess2020351194500-s0033-0000000118873360-0203-s_lc.fits
30275228,33,tess2020351194500-s0033-0000000030275228-0203-s_lc.fits
149252615,33,tess2020351194500-s0033-0000000149252615-0203-s_lc.fits
47855207,33,tess2020351194500-s0033-0000000047855207-0203-s_lc.fits
167969093,33,tess2020351194500-s0033-0000000167969093-0203-s_lc.fits
51332128,33,tess2020351194500-s0033-0000000051332128-0203-s_lc.fits
453124159,33,tess2020351194500-s0033-0000000453124159-0203-s_lc.fits
232197032,33,tess2020351194500-s0033-0000000232197032-0203-s_lc.fits
153165824,33,tess2020351194500-s0033-0000000153165824-0203-s_lc.fits
291076820,33,tess2020351194500-s0033-0000000291076820-0203-s_lc.fits
255743591,33,tess2020351194500-s0033-0000000255743591-0203-s_lc.fits
255784970,33,tess2020351194500-s0033-0000000255784970-0203-s_lc.fits
219422536,33,tess2020351194500-s0033-0000000219422536-0203-s_lc.fits
234264023,33,tess2020351194500-s0033-0000000234264023-0203-s_lc.fits
679096376,33,tess2020351194500-s0033-0000000679096376-0203-s_lc.fits
100481243,33,tess2020351194500-s0033-0000000100481243-0203-s_lc.fits
219415989,33,tess2020351194500-s0033-0000000219415989-0203-s_lc.fits
220411388,33,tess2020351194500-s0033-0000000220411388-0203-s_lc.fits
443316500,33,tess2020351194500-s0033-0000000443316500-0203-s_lc.fits
255617242,33,tess2020351194500-s0033-0000000255617242-0203-s_lc.fits
280705414,33,tess2020351194500-s0033-0000000280705414-0203-s_lc.fits
21541767,33,tess2020351194500-s0033-0000000021541767-0203-s_lc.fits
318017386,33,tess2020351194500-s0033-0000000318017386-0203-s_lc.fits
52744899,33,tess2020351194500-s0033-0000000052744899-0203-s_lc.fits
42885135,33,tess2020351194500-s0033-0000000042885135-0203-s_lc.fits
148479278,33,tess2020351194500-s0033-0000000148479278-0203-s_lc.fits
317131926,33,tess2020351194500-s0033-0000000317131926-0203-s_lc.fits
178260937,33,tess2020351194500-s0033-0000000178260937-0203-s_lc.fits
34657150,33,tess2020351194500-s0033-0000000034657150-0203-s_lc.fits
170160868,33,tess2020351194500-s0033-0000000170160868-0203-s_lc.fits
386582769,33,tess2020351194500-s0033-0000000386582769-0203-s_lc.fits
156998462,33,tess2020351194500-s0033-0000000156998462-0203-s_lc.fits
177022027,33,tess2020351194500-s0033-0000000177022027-0203-s_lc.fits
349191740,33,tess2020351194500-s0033-0000000349191740-0203-s_lc.fits
64202255,33,tess2020351194500-s0033-0000000064202255-0203-s_lc.fits
140605593,33,tess2020351194500-s0033-0000000140605593-0203-s_lc.fits
284230347,33,tess2020351194500-s0033-0000000284230347-0203-s_lc.fits
238032339,33,tess2020351194500-s0033-0000000238032339-0203-s_lc.fits
374910243,33,tess2020351194500-s0033-0000000374910243-0203-s_lc.fits
260507598,33,tess2020351194500-s0033-0000000260507598-0203-s_lc.fits
72217454,33,tess2020351194500-s0033-0000000072217454-0203-s_lc.fits
49084768,33,tess2020351194500-s0033-0000000049084768-0203-s_lc.fits
767177500,33,tess2020351194500-s0033-0000000767177500-0203-s_lc.fits
349645354,33,tess2020351194500-s0033-0000000349645354-0203-s_lc.fits
301189818,33,tess2020351194500-s0033-0000000301189818-0203-s_lc.fits
32547423,33,tess2020351194500-s0033-0000000032547423-0203-s_lc.fits
375034962,33,tess2020351194500-s0033-0000000375034962-0203-s_lc.fits
300146024,33,tess2020351194500-s0033-0000000300146024-0203-s_lc.fits
425069313,33,tess2020351194500-s0033-0000000425069313-0203-s_lc.fits
333146701,33,tess2020351194500-s0033-0000000333146701-0203-s_lc.fits
149573659,33,tess2020351194500-s0033-0000000149573659-0203-s_lc.fits
53404189,33,tess2020351194500-s0033-0000000053404189-0203-s_lc.fits
192790782,33,tess2020351194500-s0033-0000000192790782-0203-s_lc.fits
242060369,33,tess2020351194500-s0033-0000000242060369-0203-s_lc.fits
434298787,33,tess2020351194500-s0033-0000000434298787-0203-s_lc.fits
97578357,33,tess2020351194500-s0033-0000000097578357-0203-s_lc.fits
149498531,33,tess2020351194500-s0033-0000000149498531-0203-s_lc.fits
300378596,33,tess2020351194500-s0033-0000000300378596-0203-s_lc.fits
220324427,33,tess2020351194500-s0033-0000000220324427-0203-s_lc.fits
176723875,33,tess2020351194500-s0033-0000000176723875-0203-s_lc.fits
63355768,33,tess2020351194500-s0033-0000000063355768-0203-s_lc.fits
89192933,33,tess2020351194500-s0033-0000000089192933-0203-s_lc.fits
444949840,33,tess2020351194500-s0033-0000000444949840-0203-s_lc.fits
66331137,33,tess2020351194500-s0033-0000000066331137-0203-s_lc.fits
220422988,33,tess2020351194500-s0033-0000000220422988-0203-s_lc.fits
42177847,33,tess2020351194500-s0033-0000000042177847-0203-s_lc.fits
337390301,33,tess2020351194500-s0033-0000000337390301-0203-s_lc.fits
294328887,33,tess2020351194500-s0033-0000000294328887-0203-s_lc.fits
267196087,33,tess2020351194500-s0033-0000000267196087-0203-s_lc.fits
22763554,33,tess2020351194500-s0033-0000000022763554-0203-s_lc.fits
177023707,33,tess2020351194500-s0033-0000000177023707-0203-s_lc.fits
309699051,33,tess2020351194500-s0033-0000000309699051-0203-s_lc.fits
141090270,33,tess2020351194500-s0033-0000000141090270-0203-s_lc.fits
47763431,33,tess2020351194500-s0033-0000000047763431-0203-s_lc.fits
119369057,33,tess2020351194500-s0033-0000000119369057-0203-s_lc.fits
167337440,33,tess2020351194500-s0033-0000000167337440-0203-s_lc.fits
242060121,33,tess2020351194500-s0033-0000000242060121-0203-s_lc.fits
106624504,33,tess2020351194500-s0033-0000000106624504-0203-s_lc.fits
12305164,33,tess2020351194500-s0033-0000000012305164-0203-s_lc.fits
453125995,33,tess2020351194500-s0033-0000000453125995-0203-s_lc.fits
79145706,33,tess2020351194500-s0033-0000000079145706-0203-s_lc.fits
231741096,33,tess2020351194500-s0033-0000000231741096-0203-s_lc.fits
443033384,33,tess2020351194500-s0033-0000000443033384-0203-s_lc.fits
374980969,33,tess2020351194500-s0033-0000000374980969-0203-s_lc.fits
306939494,33,tess2020351194500-s0033-0000000306939494-0203-s_lc.fits
155144580,33,tess2020351194500-s0033-0000000155144580-0203-s_lc.fits
350765919,33,tess2020351194500-s0033-0000000350765919-0203-s_lc.fits
157077133,33,tess2020351194500-s0033-0000000157077133-0203-s_lc.fits
358109985,33,tess2020351194500-s0033-0000000358109985-0203-s_lc.fits
38709037,33,tess2020351194500-s0033-0000000038709037-0203-s_lc.fits
317717269,33,tess2020351194500-s0033-0000000317717269-0203-s_lc.fits
179155220,33,tess2020351194500-s0033-0000000179155220-0203-s_lc.fits
20233955,33,tess2020351194500-s0033-0000000020233955-0203-s_lc.fits
140527781,33,tess2020351194500-s0033-0000000140527781-0203-s_lc.fits
53122894,33,tess2020351194500-s0033-0000000053122894-0203-s_lc.fits
55604447,33,tess2020351194500-s0033-0000000055604447-0203-s_lc.fits
177115978,33,tess2020351194500-s0033-0000000177115978-0203-s_lc.fits
117667161,33,tess2020351194500-s0033-0000000117667161-0203-s_lc.fits
409460813,33,tess2020351194500-s0033-0000000409460813-0203-s_lc.fits
349523628,33,tess2020351194500-s0033-0000000349523628-0203-s_lc.fits
409122174,33,tess2020351194500-s0033-0000000409122174-0203-s_lc.fits
445324999,33,tess2020351194500-s0033-0000000445324999-0203-s_lc.fits
176775767,33,tess2020351194500-s0033-0000000176775767-0203-s_lc.fits
151355975,33,tess2020351194500-s0033-0000000151355975-0203-s_lc.fits
369468251,33,tess2020351194500-s0033-0000000369468251-0203-s_lc.fits
149930673,33,tess2020351194500-s0033-0000000149930673-0203-s_lc.fits
21630649,33,tess2020351194500-s0033-0000000021630649-0203-s_lc.fits
63953680,33,tess2020351194500-s0033-0000000063953680-0203-s_lc.fits
340005947,33,tess2020351194500-s0033-0000000340005947-0203-s_lc.fits
320347774,33,tess2020351194500-s0033-0000000320347774-0203-s_lc.fits
293647796,33,tess2020351194500-s0033-0000000293647796-0203-s_lc.fits
21619826,33,tess2020351194500-s0033-0000000021619826-0203-s_lc.fits
262289348,33,tess2020351194500-s0033-0000000262289348-0203-s_lc.fits
41488282,33,tess2020351194500-s0033-0000000041488282-0203-s_lc.fits
21504160,33,tess2020351194500-s0033-0000000021504160-0203-s_lc.fits
22863310,33,tess2020351194500-s0033-0000000022863310-0203-s_lc.fits
425147993,33,tess2020351194500-s0033-0000000425147993-0203-s_lc.fits
282639187,33,tess2020351194500-s0033-0000000282639187-0203-s_lc.fits
142399528,33,tess2020351194500-s0033-0000000142399528-0203-s_lc.fits
303858564,33,tess2020351194500-s0033-0000000303858564-0203-s_lc.fits
106595628,33,tess2020351194500-s0033-0000000106595628-0203-s_lc.fits
220422671,33,tess2020351194500-s0033-0000000220422671-0203-s_lc.fits
93374970,33,tess2020351194500-s0033-0000000093374970-0203-s_lc.fits
306370102,33,tess2020351194500-s0033-0000000306370102-0203-s_lc.fits
307134888,33,tess2020351194500-s0033-0000000307134888-0203-s_lc.fits
67093512,33,tess2020351194500-s0033-0000000067093512-0203-s_lc.fits
393482104,33,tess2020351194500-s0033-0000000393482104-0203-s_lc.fits
153095900,33,tess2020351194500-s0033-0000000153095900-0203-s_lc.fits
270576089,33,tess2020351194500-s0033-0000000270576089-0203-s_lc.fits
340219007,33,tess2020351194500-s0033-0000000340219007-0203-s_lc.fits
21631222,33,tess2020351194500-s0033-0000000021631222-0203-s_lc.fits
52042991,33,tess2020351194500-s0033-0000000052042991-0203-s_lc.fits
232231013,33,tess2020351194500-s0033-0000000232231013-0203-s_lc.fits
445150847,33,tess2020351194500-s0033-0000000445150847-0203-s_lc.fits
97569801,33,tess2020351194500-s0033-0000000097569801-0203-s_lc.fits
149598862,33,tess2020351194500-s0033-0000000149598862-0203-s_lc.fits
34738587,33,tess2020351194500-s0033-0000000034738587-0203-s_lc.fits
231078132,33,tess2020351194500-s0033-0000000231078132-0203-s_lc.fits
443132382,33,tess2020351194500-s0033-0000000443132382-0203-s_lc.fits
172600508,33,tess2020351194500-s0033-0000000172600508-0203-s_lc.fits
139646768,33,tess2020351194500-s0033-0000000139646768-0203-s_lc.fits
24461739,33,tess2020351194500-s0033-0000000024461739-0203-s_lc.fits
265709144,33,tess2020351194500-s0033-0000000265709144-0203-s_lc.fits
124228404,33,tess2020351194500-s0033-0000000124228404-0203-s_lc.fits
260542710,33,tess2020351194500-s0033-0000000260542710-0203-s_lc.fits
438217420,33,tess2020351194500-s0033-0000000438217420-0203-s_lc.fits
354570245,33,tess2020351194500-s0033-0000000354570245-0203-s_lc.fits
745190367,33,tess2020351194500-s0033-0000000745190367-0203-s_lc.fits
306931668,33,tess2020351194500-s0033-0000000306931668-0203-s_lc.fits
106417258,33,tess2020351194500-s0033-0000000106417258-0203-s_lc.fits
59614206,33,tess2020351194500-s0033-0000000059614206-0203-s_lc.fits
234899541,33,tess2020351194500-s0033-0000000234899541-0203-s_lc.fits
266006879,33,tess2020351194500-s0033-0000000266006879-0203-s_lc.fits
142142488,33,tess2020351194500-s0033-0000000142142488-0203-s_lc.fits
777864400,33,tess2020351194500-s0033-0000000777864400-0203-s_lc.fits
263291582,33,tess2020351194500-s0033-0000000263291582-0203-s_lc.fits
319617676,33,tess2020351194500-s0033-0000000319617676-0203-s_lc.fits
179305185,33,tess2020351194500-s0033-0000000179305185-0203-s_lc.fits
149346498,33,tess2020351194500-s0033-0000000149346498-0203-s_lc.fits
167418152,33,tess2020351194500-s0033-0000000167418152-0203-s_lc.fits
177241027,33,tess2020351194500-s0033-0000000177241027-0203-s_lc.fits
282099787,33,tess2020351194500-s0033-0000000282099787-0203-s_lc.fits
177538144,33,tess2020351194500-s0033-0000000177538144-0203-s_lc.fits
124226211,33,tess2020351194500-s0033-0000000124226211-0203-s_lc.fits
255616848,33,tess2020351194500-s0033-0000000255616848-0203-s_lc.fits
41168549,33,tess2020351194500-s0033-0000000041168549-0203-s_lc.fits
124943895,33,tess2020351194500-s0033-0000000124943895-0203-s_lc.fits
51407609,33,tess2020351194500-s0033-0000000051407609-0203-s_lc.fits
200373765,33,tess2020351194500-s0033-0000000200373765-0203-s_lc.fits
93243139,33,tess2020351194500-s0033-0000000093243139-0203-s_lc.fits
124185941,33,tess2020351194500-s0033-0000000124185941-0203-s_lc.fits
43358194,33,tess2020351194500-s0033-0000000043358194-0203-s_lc.fits
382260143,33,tess2020351194500-s0033-0000000382260143-0203-s_lc.fits
438103655,33,tess2020351194500-s0033-0000000438103655-0203-s_lc.fits
52111139,33,tess2020351194500-s0033-0000000052111139-0203-s_lc.fits
291472007,33,tess2020351194500-s0033-0000000291472007-0203-s_lc.fits
293971913,33,tess2020351194500-s0033-0000000293971913-0203-s_lc.fits
14494641,33,tess2020351194500-s0033-0000000014494641-0203-s_lc.fits
149303312,33,tess2020351194500-s0033-0000000149303312-0203-s_lc.fits
257721425,33,tess2020351194500-s0033-0000000257721425-0203-s_lc.fits
421833481,33,tess2020351194500-s0033-0000000421833481-0203-s_lc.fits
291799281,33,tess2020351194500-s0033-0000000291799281-0203-s_lc.fits
322684915,33,tess2020351194500-s0033-0000000322684915-0203-s_lc.fits
229384040,33,tess2020351194500-s0033-0000000229384040-0203-s_lc.fits
139370701,33,tess2020351194500-s0033-0000000139370701-0203-s_lc.fits
318223864,33,tess2020351194500-s0033-0000000318223864-0203-s_lc.fits
270673094,33,tess2020351194500-s0033-0000000270673094-0203-s_lc.fits
299469781,33,tess2020351194500-s0033-0000000299469781-0203-s_lc.fits
30034268,33,tess2020351194500-s0033-0000000030034268-0203-s_lc.fits
391823416,33,tess2020351194500-s0033-0000000391823416-0203-s_lc.fits
160379240,33,tess2020351194500-s0033-0000000160379240-0203-s_lc.fits
59999235,33,tess2020351194500-s0033-0000000059999235-0203-s_lc.fits
124123618,33,tess2020351194500-s0033-0000000124123618-0203-s_lc.fits
257721678,33,tess2020351194500-s0033-0000000257721678-0203-s_lc.fits
279055830,33,tess2020351194500-s0033-0000000279055830-0203-s_lc.fits
281977548,33,tess2020351194500-s0033-0000000281977548-0203-s_lc.fits
232308539,33,tess2020351194500-s0033-0000000232308539-0203-s_lc.fits
67266760,33,tess2020351194500-s0033-0000000067266760-0203-s_lc.fits
277173662,33,tess2020351194500-s0033-0000000277173662-0203-s_lc.fits
306931269,33,tess2020351194500-s0033-0000000306931269-0203-s_lc.fits
375059160,33,tess2020351194500-s0033-0000000375059160-0203-s_lc.fits
231823585,33,tess2020351194500-s0033-0000000231823585-0203-s_lc.fits
438060759,33,tess2020351194500-s0033-0000000438060759-0203-s_lc.fits
156506628,33,tess2020351194500-s0033-0000000156506628-0203-s_lc.fits
37440273,33,tess2020351194500-s0033-0000000037440273-0203-s_lc.fits
764850011,33,tess2020351194500-s0033-0000000764850011-0203-s_lc.fits
149349809,33,tess2020351194500-s0033-0000000149349809-0203-s_lc.fits
443290243,33,tess2020351194500-s0033-0000000443290243-0203-s_lc.fits
306576958,33,tess2020351194500-s0033-0000000306576958-0203-s_lc.fits
33766654,33,tess2020351194500-s0033-0000000033766654-0203-s_lc.fits
25117273,33,tess2020351194500-s0033-0000000025117273-0203-s_lc.fits
300709613,33,tess2020351194500-s0033-0000000300709613-0203-s_lc.fits
38462475,33,tess2020351194500-s0033-0000000038462475-0203-s_lc.fits
123844931,33,tess2020351194500-s0033-0000000123844931-0203-s_lc.fits
279252161,33,tess2020351194500-s0033-0000000279252161-0203-s_lc.fits
167799037,33,tess2020351194500-s0033-0000000167799037-0203-s_lc.fits
176981169,33,tess2020351194500-s0033-0000000176981169-0203-s_lc.fits
63481992,33,tess2020351194500-s0033-0000000063481992-0203-s_lc.fits
61753348,33,tess2020351194500-s0033-0000000061753348-0203-s_lc.fits
151174590,33,tess2020351194500-s0033-0000000151174590-0203-s_lc.fits
373522149,33,tess2020351194500-s0033-0000000373522149-0203-s_lc.fits
277101323,33,tess2020351194500-s0033-0000000277101323-0203-s_lc.fits
231726417,33,tess2020351194500-s0033-0000000231726417-0203-s_lc.fits
38000192,33,tess2020351194500-s0033-0000000038000192-0203-s_lc.fits
37116146,33,tess2020351194500-s0033-0000000037116146-0203-s_lc.fits
234948552,33,tess2020351194500-s0033-0000000234948552-0203-s_lc.fits
142144162,33,tess2020351194500-s0033-0000000142144162-0203-s_lc.fits
202184771,33,tess2020351194500-s0033-0000000202184771-0203-s_lc.fits
293969860,33,tess2020351194500-s0033-0000000293969860-0203-s_lc.fits
149216845,33,tess2020351194500-s0033-0000000149216845-0203-s_lc.fits
251235811,33,tess2020351194500-s0033-0000000251235811-0203-s_lc.fits
97641291,33,tess2020351194500-s0033-0000000097641291-0203-s_lc.fits
167799987,33,tess2020351194500-s0033-0000000167799987-0203-s_lc.fits
349518888,33,tess2020351194500-s0033-0000000349518888-0203-s_lc.fits
350336131,33,tess2020351194500-s0033-0000000350336131-0203-s_lc.fits
177038703,33,tess2020351194500-s0033-0000000177038703-0203-s_lc.fits
387690507,33,tess2020351194500-s0033-0000000387690507-0203-s_lc.fits
32667467,33,tess2020351194500-s0033-0000000032667467-0203-s_lc.fits
350857886,33,tess2020351194500-s0033-0000000350857886-0203-s_lc.fits
349096321,33,tess2020351194500-s0033-0000000349096321-0203-s_lc.fits
170398680,33,tess2020351194500-s0033-0000000170398680-0203-s_lc.fits
443249873,33,tess2020351194500-s0033-0000000443249873-0203-s_lc.fits
306610419,33,tess2020351194500-s0033-0000000306610419-0203-s_lc.fits
278895705,33,tess2020351194500-s0033-0000000278895705-0203-s_lc.fits
53746615,33,tess2020351194500-s0033-0000000053746615-0203-s_lc.fits
443220241,33,tess2020351194500-s0033-0000000443220241-0203-s_lc.fits
320126434,33,tess2020351194500-s0033-0000000320126434-0203-s_lc.fits
269187158,33,tess2020351194500-s0033-0000000269187158-0203-s_lc.fits
349576238,33,tess2020351194500-s0033-0000000349576238-0203-s_lc.fits
453077292,33,tess2020351194500-s0033-0000000453077292-0203-s_lc.fits
93172617,33,tess2020351194500-s0033-0000000093172617-0203-s_lc.fits
25153109,33,tess2020351194500-s0033-0000000025153109-0203-s_lc.fits
220424315,33,tess2020351194500-s0033-0000000220424315-0203-s_lc.fits
148002142,33,tess2020351194500-s0033-0000000148002142-0203-s_lc.fits
65909054,33,tess2020351194500-s0033-0000000065909054-0203-s_lc.fits
99934473,33,tess2020351194500-s0033-0000000099934473-0203-s_lc.fits
140891159,33,tess2020351194500-s0033-0000000140891159-0203-s_lc.fits
168598533,33,tess2020351194500-s0033-0000000168598533-0203-s_lc.fits
404934011,33,tess2020351194500-s0033-0000000404934011-0203-s_lc.fits
287591183,33,tess2020351194500-s0033-0000000287591183-0203-s_lc.fits
102204276,33,tess2020351194500-s0033-0000000102204276-0203-s_lc.fits
25116696,33,tess2020351194500-s0033-0000000025116696-0203-s_lc.fits
63483377,33,tess2020351194500-s0033-0000000063483377-0203-s_lc.fits
21437232,33,tess2020351194500-s0033-0000000021437232-0203-s_lc.fits
33996992,33,tess2020351194500-s0033-0000000033996992-0203-s_lc.fits
234566781,33,tess2020351194500-s0033-0000000234566781-0203-s_lc.fits
32154622,33,tess2020351194500-s0033-0000000032154622-0203-s_lc.fits
343936388,33,tess2020351194500-s0033-0000000343936388-0203-s_lc.fits
124225664,33,tess2020351194500-s0033-0000000124225664-0203-s_lc.fits
157010816,33,tess2020351194500-s0033-0000000157010816-0203-s_lc.fits
220481259,33,tess2020351194500-s0033-0000000220481259-0203-s_lc.fits
346432884,33,tess2020351194500-s0033-0000000346432884-0203-s_lc.fits
235163702,33,tess2020351194500-s0033-0000000235163702-0203-s_lc.fits
255558852,33,tess2020351194500-s0033-0000000255558852-0203-s_lc.fits
231919542,33,tess2020351194500-s0033-0000000231919542-0203-s_lc.fits
262594753,33,tess2020351194500-s0033-0000000262594753-0203-s_lc.fits
220459128,33,tess2020351194500-s0033-0000000220459128-0203-s_lc.fits
309791758,33,tess2020351194500-s0033-0000000309791758-0203-s_lc.fits
38697612,33,tess2020351194500-s0033-0000000038697612-0203-s_lc.fits
71965809,33,tess2020351194500-s0033-0000000071965809-0203-s_lc.fits
234171460,33,tess2020351194500-s0033-0000000234171460-0203-s_lc.fits
220023025,33,tess2020351194500-s0033-0000000220023025-0203-s_lc.fits
79635841,33,tess2020351194500-s0033-0000000079635841-0203-s_lc.fits
264239035,33,tess2020351194500-s0033-0000000264239035-0203-s_lc.fits
24587624,33,tess2020351194500-s0033-0000000024587624-0203-s_lc.fits
32545814,33,tess2020351194500-s0033-0000000032545814-0203-s_lc.fits
64356109,33,tess2020351194500-s0033-0000000064356109-0203-s_lc.fits
237598192,33,tess2020351194500-s0033-0000000237598192-0203-s_lc.fits
440788366,33,tess2020351194500-s0033-0000000440788366-0203-s_lc.fits
350765777,33,tess2020351194500-s0033-0000000350765777-0203-s_lc.fits
22600056,33,tess2020351194500-s0033-0000000022600056-0203-s_lc.fits
407661867,33,tess2020351194500-s0033-0000000407661867-0203-s_lc.fits
319466859,33,tess2020351194500-s0033-0000000319466859-0203-s_lc.fits
317328178,33,tess2020351194500-s0033-0000000317328178-0203-s_lc.fits
375222834,33,tess2020351194500-s0033-0000000375222834-0203-s_lc.fits
309698892,33,tess2020351194500-s0033-0000000309698892-0203-s_lc.fits
33690280,33,tess2020351194500-s0033-0000000033690280-0203-s_lc.fits
124548070,33,tess2020351194500-s0033-0000000124548070-0203-s_lc.fits
150389853,33,tess2020351194500-s0033-0000000150389853-0203-s_lc.fits
232485466,33,tess2020351194500-s0033-0000000232485466-0203-s_lc.fits
143280667,33,tess2020351194500-s0033-0000000143280667-0203-s_lc.fits
153096451,33,tess2020351194500-s0033-0000000153096451-0203-s_lc.fits
59953834,33,tess2020351194500-s0033-0000000059953834-0203-s_lc.fits
231734313,33,tess2020351194500-s0033-0000000231734313-0203-s_lc.fits
29781865,33,tess2020351194500-s0033-0000000029781865-0203-s_lc.fits
279161002,33,tess2020351194500-s0033-0000000279161002-0203-s_lc.fits
78383638,33,tess2020351194500-s0033-0000000078383638-0203-s_lc.fits
22972926,33,tess2020351194500-s0033-0000000022972926-0203-s_lc.fits
157653933,33,tess2020351194500-s0033-0000000157653933-0203-s_lc.fits
93443984,33,tess2020351194500-s0033-0000000093443984-0203-s_lc.fits
156919106,33,tess2020351194500-s0033-0000000156919106-0203-s_lc.fits
734721650,33,tess2020351194500-s0033-0000000734721650-0203-s_lc.fits
234612075,33,tess2020351194500-s0033-0000000234612075-0203-s_lc.fits
55481273,33,tess2020351194500-s0033-0000000055481273-0203-s_lc.fits
156919113,33,tess2020351194500-s0033-0000000156919113-0203-s_lc.fits
72426532,33,tess2020351194500-s0033-0000000072426532-0203-s_lc.fits
306764602,33,tess2020351194500-s0033-0000000306764602-0203-s_lc.fits
299833944,33,tess2020351194500-s0033-0000000299833944-0203-s_lc.fits
178165095,33,tess2020351194500-s0033-0000000178165095-0203-s_lc.fits
250587904,33,tess2020351194500-s0033-0000000250587904-0203-s_lc.fits
397150743,33,tess2020351194500-s0033-0000000397150743-0203-s_lc.fits
255784686,33,tess2020351194500-s0033-0000000255784686-0203-s_lc.fits
220411786,33,tess2020351194500-s0033-0000000220411786-0203-s_lc.fits
178739559,33,tess2020351194500-s0033-0000000178739559-0203-s_lc.fits
232278838,33,tess2020351194500-s0033-0000000232278838-0203-s_lc.fits
382099535,33,tess2020351194500-s0033-0000000382099535-0203-s_lc.fits
260005509,33,tess2020351194500-s0033-0000000260005509-0203-s_lc.fits
391947345,33,tess2020351194500-s0033-0000000391947345-0203-s_lc.fits
49669659,33,tess2020351194500-s0033-0000000049669659-0203-s_lc.fits
141269964,33,tess2020351194500-s0033-0000000141269964-0203-s_lc.fits
22595500,33,tess2020351194500-s0033-0000000022595500-0203-s_lc.fits
293695442,33,tess2020351194500-s0033-0000000293695442-0203-s_lc.fits
294754396,33,tess2020351194500-s0033-0000000294754396-0203-s_lc.fits
80467330,33,tess2020351194500-s0033-0000000080467330-0203-s_lc.fits
279322448,33,tess2020351194500-s0033-0000000279322448-0203-s_lc.fits
71865555,33,tess2020351194500-s0033-0000000071865555-0203-s_lc.fits
147904816,33,tess2020351194500-s0033-0000000147904816-0203-s_lc.fits
427502527,33,tess2020351194500-s0033-0000000427502527-0203-s_lc.fits
685251180,33,tess2020351194500-s0033-0000000685251180-0203-s_lc.fits
167249993,33,tess2020351194500-s0033-0000000167249993-0203-s_lc.fits
300085625,33,tess2020351194500-s0033-0000000300085625-0203-s_lc.fits
372658213,33,tess2020351194500-s0033-0000000372658213-0203-s_lc.fits
201529325,33,tess2020351194500-s0033-0000000201529325-0203-s_lc.fits
52447148,33,tess2020351194500-s0033-0000000052447148-0203-s_lc.fits
270429780,33,tess2020351194500-s0033-0000000270429780-0203-s_lc.fits
271891098,33,tess2020351194500-s0033-0000000271891098-0203-s_lc.fits
385899587,33,tess2020351194500-s0033-0000000385899587-0203-s_lc.fits
63107295,33,tess2020351194500-s0033-0000000063107295-0203-s_lc.fits
389328965,33,tess2020351194500-s0033-0000000389328965-0203-s_lc.fits
59651924,33,tess2020351194500-s0033-0000000059651924-0203-s_lc.fits
229261030,33,tess2020351194500-s0033-0000000229261030-0203-s_lc.fits
140577962,33,tess2020351194500-s0033-0000000140577962-0203-s_lc.fits
292835403,33,tess2020351194500-s0033-0000000292835403-0203-s_lc.fits
263805130,33,tess2020351194500-s0033-0000000263805130-0203-s_lc.fits
177075997,33,tess2020351194500-s0033-0000000177075997-0203-s_lc.fits
300658296,33,tess2020351194500-s0033-0000000300658296-0203-s_lc.fits
48620475,33,tess2020351194500-s0033-0000000048620475-0203-s_lc.fits
705430854,33,tess2020351194500-s0033-0000000705430854-0203-s_lc.fits
172622444,33,tess2020351194500-s0033-0000000172622444-0203-s_lc.fits
281913262,33,tess2020351194500-s0033-0000000281913262-0203-s_lc.fits
119489892,33,tess2020351194500-s0033-0000000119489892-0203-s_lc.fits
141610990,33,tess2020351194500-s0033-0000000141610990-0203-s_lc.fits
267196088,33,tess2020351194500-s0033-0000000267196088-0203-s_lc.fits
79945120,33,tess2020351194500-s0033-0000000079945120-0203-s_lc.fits
140828939,33,tess2020351194500-s0033-0000000140828939-0203-s_lc.fits
272550198,33,tess2020351194500-s0033-0000000272550198-0203-s_lc.fits
150393198,33,tess2020351194500-s0033-0000000150393198-0203-s_lc.fits
440766941,33,tess2020351194500-s0033-0000000440766941-0203-s_lc.fits
11816849,33,tess2020351194500-s0033-0000000011816849-0203-s_lc.fits
375055905,33,tess2020351194500-s0033-0000000375055905-0203-s_lc.fits
53314372,33,tess2020351194500-s0033-0000000053314372-0203-s_lc.fits
232294383,33,tess2020351194500-s0033-0000000232294383-0203-s_lc.fits
706774495,33,tess2020351194500-s0033-0000000706774495-0203-s_lc.fits
373685196,33,tess2020351194500-s0033-0000000373685196-0203-s_lc.fits
34138113,33,tess2020351194500-s0033-0000000034138113-0203-s_lc.fits
375034551,33,tess2020351194500-s0033-0000000375034551-0203-s_lc.fits
453104193,33,tess2020351194500-s0033-0000000453104193-0203-s_lc.fits
179201407,33,tess2020351194500-s0033-0000000179201407-0203-s_lc.fits
754347000,33,tess2020351194500-s0033-0000000754347000-0203-s_lc.fits
300244770,33,tess2020351194500-s0033-0000000300244770-0203-s_lc.fits
176758790,33,tess2020351194500-s0033-0000000176758790-0203-s_lc.fits
97572992,33,tess2020351194500-s0033-0000000097572992-0203-s_lc.fits
25134592,33,tess2020351194500-s0033-0000000025134592-0203-s_lc.fits
53683570,33,tess2020351194500-s0033-0000000053683570-0203-s_lc.fits
150139182,33,tess2020351194500-s0033-0000000150139182-0203-s_lc.fits
403692563,33,tess2020351194500-s0033-0000000403692563-0203-s_lc.fits
63952037,33,tess2020351194500-s0033-0000000063952037-0203-s_lc.fits
300448625,33,tess2020351194500-s0033-0000000300448625-0203-s_lc.fits
282802803,33,tess2020351194500-s0033-0000000282802803-0203-s_lc.fits
300445381,33,tess2020351194500-s0033-0000000300445381-0203-s_lc.fits
11692731,33,tess2020351194500-s0033-0000000011692731-0203-s_lc.fits
234890342,33,tess2020351194500-s0033-0000000234890342-0203-s_lc.fits
438429339,33,tess2020351194500-s0033-0000000438429339-0203-s_lc.fits
443262044,33,tess2020351194500-s0033-0000000443262044-0203-s_lc.fits
173089262,33,tess2020351194500-s0033-0000000173089262-0203-s_lc.fits
32929167,33,tess2020351194500-s0033-0000000032929167-0203-s_lc.fits
38508526,33,tess2020351194500-s0033-0000000038508526-0203-s_lc.fits
55272404,33,tess2020351194500-s0033-0000000055272404-0203-s_lc.fits
372524298,33,tess2020351194500-s0033-0000000372524298-0203-s_lc.fits
260369147,33,tess2020351194500-s0033-0000000260369147-0203-s_lc.fits
37391918,33,tess2020351194500-s0033-0000000037391918-0203-s_lc.fits
232369049,33,tess2020351194500-s0033-0000000232369049-0203-s_lc.fits
149473467,33,tess2020351194500-s0033-0000000149473467-0203-s_lc.fits
752527535,33,tess2020351194500-s0033-0000000752527535-0203-s_lc.fits
95328122,33,tess2020351194500-s0033-0000000095328122-0203-s_lc.fits
40274375,33,tess2020351194500-s0033-0000000040274375-0203-s_lc.fits
201430096,33,tess2020351194500-s0033-0000000201430096-0203-s_lc.fits
220042690,33,tess2020351194500-s0033-0000000220042690-0203-s_lc.fits
293272264,33,tess2020351194500-s0033-0000000293272264-0203-s_lc.fits
349060601,33,tess2020351194500-s0033-0000000349060601-0203-s_lc.fits
38709988,33,tess2020351194500-s0033-0000000038709988-0203-s_lc.fits
738307102,33,tess2020351194500-s0033-0000000738307102-0203-s_lc.fits
387226824,33,tess2020351194500-s0033-0000000387226824-0203-s_lc.fits
33992208,33,tess2020351194500-s0033-0000000033992208-0203-s_lc.fits
294097015,33,tess2020351194500-s0033-0000000294097015-0203-s_lc.fits
270623499,33,tess2020351194500-s0033-0000000270623499-0203-s_lc.fits
772073696,33,tess2020351194500-s0033-0000000772073696-0203-s_lc.fits
219198412,33,tess2020351194500-s0033-0000000219198412-0203-s_lc.fits
306661669,33,tess2020351194500-s0033-0000000306661669-0203-s_lc.fits
167654890,33,tess2020351194500-s0033-0000000167654890-0203-s_lc.fits
282636895,33,tess2020351194500-s0033-0000000282636895-0203-s_lc.fits
37392545,33,tess2020351194500-s0033-0000000037392545-0203-s_lc.fits
141152931,33,tess2020351194500-s0033-0000000141152931-0203-s_lc.fits
235255673,33,tess2020351194500-s0033-0000000235255673-0203-s_lc.fits
350522196,33,tess2020351194500-s0033-0000000350522196-0203-s_lc.fits
375058105,33,tess2020351194500-s0033-0000000375058105-0203-s_lc.fits
24609894,33,tess2020351194500-s0033-0000000024609894-0203-s_lc.fits
219403518,33,tess2020351194500-s0033-0000000219403518-0203-s_lc.fits
62965796,33,tess2020351194500-s0033-0000000062965796-0203-s_lc.fits
61689450,33,tess2020351194500-s0033-0000000061689450-0203-s_lc.fits
309617117,33,tess2020351194500-s0033-0000000309617117-0203-s_lc.fits
7323195,33,tess2020351194500-s0033-0000000007323195-0203-s_lc.fits
37607089,33,tess2020351194500-s0033-0000000037607089-0203-s_lc.fits
32089522,33,tess2020351194500-s0033-0000000032089522-0203-s_lc.fits
293347978,33,tess2020351194500-s0033-0000000293347978-0203-s_lc.fits
264599508,33,tess2020351194500-s0033-0000000264599508-0203-s_lc.fits
231928819,33,tess2020351194500-s0033-0000000231928819-0203-s_lc.fits
307172350,33,tess2020351194500-s0033-0000000307172350-0203-s_lc.fits
150168739,33,tess2020351194500-s0033-0000000150168739-0203-s_lc.fits
29987961,33,tess2020351194500-s0033-0000000029987961-0203-s_lc.fits
734806280,33,tess2020351194500-s0033-0000000734806280-0203-s_lc.fits
149450458,33,tess2020351194500-s0033-0000000149450458-0203-s_lc.fits
238926393,33,tess2020351194500-s0033-0000000238926393-0203-s_lc.fits
20068974,33,tess2020351194500-s0033-0000000020068974-0203-s_lc.fits
393452654,33,tess2020351194500-s0033-0000000393452654-0203-s_lc.fits
99681228,33,tess2020351194500-s0033-0000000099681228-0203-s_lc.fits
710663136,33,tess2020351194500-s0033-0000000710663136-0203-s_lc.fits
147257996,33,tess2020351194500-s0033-0000000147257996-0203-s_lc.fits
99349256,33,tess2020351194500-s0033-0000000099349256-0203-s_lc.fits
234665994,33,tess2020351194500-s0033-0000000234665994-0203-s_lc.fits
80609280,33,tess2020351194500-s0033-0000000080609280-0203-s_lc.fits
97158538,33,tess2020351194500-s0033-0000000097158538-0203-s_lc.fits
255704443,33,tess2020351194500-s0033-0000000255704443-0203-s_lc.fits
33003331,33,tess2020351194500-s0033-0000000033003331-0203-s_lc.fits
219175812,33,tess2020351194500-s0033-0000000219175812-0203-s_lc.fits
31944115,33,tess2020351194500-s0033-0000000031944115-0203-s_lc.fits
339735827,33,tess2020351194500-s0033-0000000339735827-0203-s_lc.fits
167554039,33,tess2020351194500-s0033-0000000167554039-0203-s_lc.fits
220475913,33,tess2020351194500-s0033-0000000220475913-0203-s_lc.fits
234895253,33,tess2020351194500-s0033-0000000234895253-0203-s_lc.fits
267254702,33,tess2020351194500-s0033-0000000267254702-0203-s_lc.fits
81050620,33,tess2020351194500-s0033-0000000081050620-0203-s_lc.fits
177255827,33,tess2020351194500-s0033-0000000177255827-0203-s_lc.fits
282505201,33,tess2020351194500-s0033-0000000282505201-0203-s_lc.fits
408906554,33,tess2020351194500-s0033-0000000408906554-0203-s_lc.fits
33770761,33,tess2020351194500-s0033-0000000033770761-0203-s_lc.fits
350953813,33,tess2020351194500-s0033-0000000350953813-0203-s_lc.fits
150430044,33,tess2020351194500-s0033-0000000150430044-0203-s_lc.fits
277171889,33,tess2020351194500-s0033-0000000277171889-0203-s_lc.fits
350839859,33,tess2020351194500-s0033-0000000350839859-0203-s_lc.fits
272434749,33,tess2020351194500-s0033-0000000272434749-0203-s_lc.fits
55850719,33,tess2020351194500-s0033-0000000055850719-0203-s_lc.fits
294667961,33,tess2020351194500-s0033-0000000294667961-0203-s_lc.fits
255549208,33,tess2020351194500-s0033-0000000255549208-0203-s_lc.fits
37391033,33,tess2020351194500-s0033-0000000037391033-0203-s_lc.fits
10066435,33,tess2020351194500-s0033-0000000010066435-0203-s_lc.fits
158069378,33,tess2020351194500-s0033-0000000158069378-0203-s_lc.fits
7321088,33,tess2020351194500-s0033-0000000007321088-0203-s_lc.fits
93058382,33,tess2020351194500-s0033-0000000093058382-0203-s_lc.fits
124088122,33,tess2020351194500-s0033-0000000124088122-0203-s_lc.fits
348898031,33,tess2020351194500-s0033-0000000348898031-0203-s_lc.fits
98222056,33,tess2020351194500-s0033-0000000098222056-0203-s_lc.fits
39219516,33,tess2020351194500-s0033-0000000039219516-0203-s_lc.fits
149931603,33,tess2020351194500-s0033-0000000149931603-0203-s_lc.fits
38711614,33,tess2020351194500-s0033-0000000038711614-0203-s_lc.fits
32930843,33,tess2020351194500-s0033-0000000032930843-0203-s_lc.fits
72426025,33,tess2020351194500-s0033-0000000072426025-0203-s_lc.fits
25195362,33,tess2020351194500-s0033-0000000025195362-0203-s_lc.fits
24821909,33,tess2020351194500-s0033-0000000024821909-0203-s_lc.fits
220479847,33,tess2020351194500-s0033-0000000220479847-0203-s_lc.fits
220427527,33,tess2020351194500-s0033-0000000220427527-0203-s_lc.fits
452358384,33,tess2020351194500-s0033-0000000452358384-0203-s_lc.fits
39225392,33,tess2020351194500-s0033-0000000039225392-0203-s_lc.fits
141610893,33,tess2020351194500-s0033-0000000141610893-0203-s_lc.fits
346492238,33,tess2020351194500-s0033-0000000346492238-0203-s_lc.fits
201527027,33,tess2020351194500-s0033-0000000201527027-0203-s_lc.fits
290751794,33,tess2020351194500-s0033-0000000290751794-0203-s_lc.fits
60108363,33,tess2020351194500-s0033-0000000060108363-0203-s_lc.fits
148400027,33,tess2020351194500-s0033-0000000148400027-0203-s_lc.fits
130647468,33,tess2020351194500-s0033-0000000130647468-0203-s_lc.fits
31782711,33,tess2020351194500-s0033-0000000031782711-0203-s_lc.fits
64356512,33,tess2020351194500-s0033-0000000064356512-0203-s_lc.fits
279572216,33,tess2020351194500-s0033-0000000279572216-0203-s_lc.fits
260657002,33,tess2020351194500-s0033-0000000260657002-0203-s_lc.fits
32036415,33,tess2020351194500-s0033-0000000032036415-0203-s_lc.fits
156886417,33,tess2020351194500-s0033-0000000156886417-0203-s_lc.fits
125130240,33,tess2020351194500-s0033-0000000125130240-0203-s_lc.fits
219393128,33,tess2020351194500-s0033-0000000219393128-0203-s_lc.fits
238024147,33,tess2020351194500-s0033-0000000238024147-0203-s_lc.fits
343933451,33,tess2020351194500-s0033-0000000343933451-0203-s_lc.fits
143146096,33,tess2020351194500-s0033-0000000143146096-0203-s_lc.fits
231948779,33,tess2020351194500-s0033-0000000231948779-0203-s_lc.fits
231724359,33,tess2020351194500-s0033-0000000231724359-0203-s_lc.fits
33005493,33,tess2020351194500-s0033-0000000033005493-0203-s_lc.fits
268459579,33,tess2020351194500-s0033-0000000268459579-0203-s_lc.fits
219154196,33,tess2020351194500-s0033-0000000219154196-0203-s_lc.fits
53327605,33,tess2020351194500-s0033-0000000053327605-0203-s_lc.fits
21627716,33,tess2020351194500-s0033-0000000021627716-0203-s_lc.fits
220414682,33,tess2020351194500-s0033-0000000220414682-0203-s_lc.fits
141808678,33,tess2020351194500-s0033-0000000141808678-0203-s_lc.fits
118720960,33,tess2020351194500-s0033-0000000118720960-0203-s_lc.fits
26469462,33,tess2020351194500-s0033-0000000026469462-0203-s_lc.fits
317699093,33,tess2020351194500-s0033-0000000317699093-0203-s_lc.fits
381979728,33,tess2020351194500-s0033-0000000381979728-0203-s_lc.fits
11757613,33,tess2020351194500-s0033-0000000011757613-0203-s_lc.fits
235550296,33,tess2020351194500-s0033-0000000235550296-0203-s_lc.fits
72309669,33,tess2020351194500-s0033-0000000072309669-0203-s_lc.fits
290987555,33,tess2020351194500-s0033-0000000290987555-0203-s_lc.fits
33994895,33,tess2020351194500-s0033-0000000033994895-0203-s_lc.fits
339668717,33,tess2020351194500-s0033-0000000339668717-0203-s_lc.fits
279249069,33,tess2020351194500-s0033-0000000279249069-0203-s_lc.fits
234007804,33,tess2020351194500-s0033-0000000234007804-0203-s_lc.fits
293856922,33,tess2020351194500-s0033-0000000293856922-0203-s_lc.fits
149575726,33,tess2020351194500-s0033-0000000149575726-0203-s_lc.fits
80767475,33,tess2020351194500-s0033-0000000080767475-0203-s_lc.fits
306856458,33,tess2020351194500-s0033-0000000306856458-0203-s_lc.fits
33940300,33,tess2020351194500-s0033-0000000033940300-0203-s_lc.fits
53980587,33,tess2020351194500-s0033-0000000053980587-0203-s_lc.fits
318896045,33,tess2020351194500-s0033-0000000318896045-0203-s_lc.fits
278779095,33,tess2020351194500-s0033-0000000278779095-0203-s_lc.fits
290051429,33,tess2020351194500-s0033-0000000290051429-0203-s_lc.fits
98286073,33,tess2020351194500-s0033-0000000098286073-0203-s_lc.fits
148356371,33,tess2020351194500-s0033-0000000148356371-0203-s_lc.fits
336885653,33,tess2020351194500-s0033-0000000336885653-0203-s_lc.fits
382028301,33,tess2020351194500-s0033-0000000382028301-0203-s_lc.fits
734469567,33,tess2020351194500-s0033-0000000734469567-0203-s_lc.fits
388106446,33,tess2020351194500-s0033-0000000388106446-0203-s_lc.fits
260267074,33,tess2020351194500-s0033-0000000260267074-0203-s_lc.fits
142146238,33,tess2020351194500-s0033-0000000142146238-0203-s_lc.fits
168198977,33,tess2020351194500-s0033-0000000168198977-0203-s_lc.fits
177725448,33,tess2020351194500-s0033-0000000177725448-0203-s_lc.fits
744556404,33,tess2020351194500-s0033-0000000744556404-0203-s_lc.fits
241915437,33,tess2020351194500-s0033-0000000241915437-0203-s_lc.fits
148509118,33,tess2020351194500-s0033-0000000148509118-0203-s_lc.fits
443537265,33,tess2020351194500-s0033-0000000443537265-0203-s_lc.fits
294978365,33,tess2020351194500-s0033-0000000294978365-0203-s_lc.fits
172410811,33,tess2020351194500-s0033-0000000172410811-0203-s_lc.fits
292950637,33,tess2020351194500-s0033-0000000292950637-0203-s_lc.fits
317190020,33,tess2020351194500-s0033-0000000317190020-0203-s_lc.fits
393315886,33,tess2020351194500-s0033-0000000393315886-0203-s_lc.fits
149346752,33,tess2020351194500-s0033-0000000149346752-0203-s_lc.fits
155018370,33,tess2020351194500-s0033-0000000155018370-0203-s_lc.fits
260542286,33,tess2020351194500-s0033-0000000260542286-0203-s_lc.fits
25081575,33,tess2020351194500-s0033-0000000025081575-0203-s_lc.fits
292835066,33,tess2020351194500-s0033-0000000292835066-0203-s_lc.fits
31013470,33,tess2020351194500-s0033-0000000031013470-0203-s_lc.fits
99691873,33,tess2020351194500-s0033-0000000099691873-0203-s_lc.fits
33834564,33,tess2020351194500-s0033-0000000033834564-0203-s_lc.fits
29759938,33,tess2020351194500-s0033-0000000029759938-0203-s_lc.fits
52000240,33,tess2020351194500-s0033-0000000052000240-0203-s_lc.fits
385817278,33,tess2020351194500-s0033-0000000385817278-0203-s_lc.fits
99076793,33,tess2020351194500-s0033-0000000099076793-0203-s_lc.fits
307027114,33,tess2020351194500-s0033-0000000307027114-0203-s_lc.fits
284332414,33,tess2020351194500-s0033-0000000284332414-0203-s_lc.fits
373597981,33,tess2020351194500-s0033-0000000373597981-0203-s_lc.fits
147974007,33,tess2020351194500-s0033-0000000147974007-0203-s_lc.fits
160329848,33,tess2020351194500-s0033-0000000160329848-0203-s_lc.fits
391891461,33,tess2020351194500-s0033-0000000391891461-0203-s_lc.fits
41110382,33,tess2020351194500-s0033-0000000041110382-0203-s_lc.fits
124987954,33,tess2020351194500-s0033-0000000124987954-0203-s_lc.fits
262609922,33,tess2020351194500-s0033-0000000262609922-0203-s_lc.fits
124987941,33,tess2020351194500-s0033-0000000124987941-0203-s_lc.fits
425168421,33,tess2020351194500-s0033-0000000425168421-0203-s_lc.fits
343938725,33,tess2020351194500-s0033-0000000343938725-0203-s_lc.fits
59736357,33,tess2020351194500-s0033-0000000059736357-0203-s_lc.fits
52642549,33,tess2020351194500-s0033-0000000052642549-0203-s_lc.fits
148231261,33,tess2020351194500-s0033-0000000148231261-0203-s_lc.fits
124249088,33,tess2020351194500-s0033-0000000124249088-0203-s_lc.fits
282210419,33,tess2020351194500-s0033-0000000282210419-0203-s_lc.fits
234063124,33,tess2020351194500-s0033-0000000234063124-0203-s_lc.fits
170103717,33,tess2020351194500-s0033-0000000170103717-0203-s_lc.fits
24523885,33,tess2020351194500-s0033-0000000024523885-0203-s_lc.fits
291493359,33,tess2020351194500-s0033-0000000291493359-0203-s_lc.fits
235081444,33,tess2020351194500-s0033-0000000235081444-0203-s_lc.fits
291204285,33,tess2020351194500-s0033-0000000291204285-0203-s_lc.fits
684810420,33,tess2020351194500-s0033-0000000684810420-0203-s_lc.fits
31962715,33,tess2020351194500-s0033-0000000031962715-0203-s_lc.fits
318791268,33,tess2020351194500-s0033-0000000318791268-0203-s_lc.fits
263477003,33,tess2020351194500-s0033-0000000263477003-0203-s_lc.fits
306824236,33,tess2020351194500-s0033-0000000306824236-0203-s_lc.fits
260075919,33,tess2020351194500-s0033-0000000260075919-0203-s_lc.fits
300329250,33,tess2020351194500-s0033-0000000300329250-0203-s_lc.fits
715836313,33,tess2020351194500-s0033-0000000715836313-0203-s_lc.fits
96583832,33,tess2020351194500-s0033-0000000096583832-0203-s_lc.fits
140506182,33,tess2020351194500-s0033-0000000140506182-0203-s_lc.fits
78375671,33,tess2020351194500-s0033-0000000078375671-0203-s_lc.fits
150319968,33,tess2020351194500-s0033-0000000150319968-0203-s_lc.fits
393388883,33,tess2020351194500-s0033-0000000393388883-0203-s_lc.fits
156951111,33,tess2020351194500-s0033-0000000156951111-0203-s_lc.fits
179315999,33,tess2020351194500-s0033-0000000179315999-0203-s_lc.fits
374912335,33,tess2020351194500-s0033-0000000374912335-0203-s_lc.fits
322683312,33,tess2020351194500-s0033-0000000322683312-0203-s_lc.fits
279482487,33,tess2020351194500-s0033-0000000279482487-0203-s_lc.fits
734797650,33,tess2020351194500-s0033-0000000734797650-0203-s_lc.fits
147799311,33,tess2020351194500-s0033-0000000147799311-0203-s_lc.fits
350712255,33,tess2020351194500-s0033-0000000350712255-0203-s_lc.fits
23459321,33,tess2020351194500-s0033-0000000023459321-0203-s_lc.fits
150296832,33,tess2020351194500-s0033-0000000150296832-0203-s_lc.fits
364395684,33,tess2020351194500-s0033-0000000364395684-0203-s_lc.fits
31942249,33,tess2020351194500-s0033-0000000031942249-0203-s_lc.fits
63192079,33,tess2020351194500-s0033-0000000063192079-0203-s_lc.fits
21726761,33,tess2020351194500-s0033-0000000021726761-0203-s_lc.fits
272232401,33,tess2020351194500-s0033-0000000272232401-0203-s_lc.fits
24669790,33,tess2020351194500-s0033-0000000024669790-0203-s_lc.fits
166979292,33,tess2020351194500-s0033-0000000166979292-0203-s_lc.fits
34529885,33,tess2020351194500-s0033-0000000034529885-0203-s_lc.fits
270625102,33,tess2020351194500-s0033-0000000270625102-0203-s_lc.fits
123626244,33,tess2020351194500-s0033-0000000123626244-0203-s_lc.fits
79134838,33,tess2020351194500-s0033-0000000079134838-0203-s_lc.fits
141472806,33,tess2020351194500-s0033-0000000141472806-0203-s_lc.fits
60039549,33,tess2020351194500-s0033-0000000060039549-0203-s_lc.fits
148340570,33,tess2020351194500-s0033-0000000148340570-0203-s_lc.fits
43086984,33,tess2020351194500-s0033-0000000043086984-0203-s_lc.fits
150357290,33,tess2020351194500-s0033-0000000150357290-0203-s_lc.fits
354518617,33,tess2020351194500-s0033-0000000354518617-0203-s_lc.fits
173041662,33,tess2020351194500-s0033-0000000173041662-0203-s_lc.fits
63043857,33,tess2020351194500-s0033-0000000063043857-0203-s_lc.fits
306539959,33,tess2020351194500-s0033-0000000306539959-0203-s_lc.fits
167696013,33,tess2020351194500-s0033-0000000167696013-0203-s_lc.fits
443159228,33,tess2020351194500-s0033-0000000443159228-0203-s_lc.fits
149449530,33,tess2020351194500-s0033-0000000149449530-0203-s_lc.fits
148045331,33,tess2020351194500-s0033-0000000148045331-0203-s_lc.fits
350445591,33,tess2020351194500-s0033-0000000350445591-0203-s_lc.fits
220456328,33,tess2020351194500-s0033-0000000220456328-0203-s_lc.fits
47908160,33,tess2020351194500-s0033-0000000047908160-0203-s_lc.fits
147310856,33,tess2020351194500-s0033-0000000147310856-0203-s_lc.fits
284554567,33,tess2020351194500-s0033-0000000284554567-0203-s_lc.fits
149602308,33,tess2020351194500-s0033-0000000149602308-0203-s_lc.fits
53597128,33,tess2020351194500-s0033-0000000053597128-0203-s_lc.fits
260659364,33,tess2020351194500-s0033-0000000260659364-0203-s_lc.fits
177161008,33,tess2020351194500-s0033-0000000177161008-0203-s_lc.fits
234186865,33,tess2020351194500-s0033-0000000234186865-0203-s_lc.fits
93129631,33,tess2020351194500-s0033-0000000093129631-0203-s_lc.fits
63193759,33,tess2020351194500-s0033-0000000063193759-0203-s_lc.fits
434397339,33,tess2020351194500-s0033-0000000434397339-0203-s_lc.fits
167974648,33,tess2020351194500-s0033-0000000167974648-0203-s_lc.fits
346704668,33,tess2020351194500-s0033-0000000346704668-0203-s_lc.fits
36013366,33,tess2020351194500-s0033-0000000036013366-0203-s_lc.fits
143283263,33,tess2020351194500-s0033-0000000143283263-0203-s_lc.fits
220473666,33,tess2020351194500-s0033-0000000220473666-0203-s_lc.fits
156832654,33,tess2020351194500-s0033-0000000156832654-0203-s_lc.fits
167755384,33,tess2020351194500-s0033-0000000167755384-0203-s_lc.fits
63583273,33,tess2020351194500-s0033-0000000063583273-0203-s_lc.fits
141912291,33,tess2020351194500-s0033-0000000141912291-0203-s_lc.fits
40340867,33,tess2020351194500-s0033-0000000040340867-0203-s_lc.fits
443414583,33,tess2020351194500-s0033-0000000443414583-0203-s_lc.fits
391900272,33,tess2020351194500-s0033-0000000391900272-0203-s_lc.fits
177682113,33,tess2020351194500-s0033-0000000177682113-0203-s_lc.fits
20208688,33,tess2020351194500-s0033-0000000020208688-0203-s_lc.fits
767947343,33,tess2020351194500-s0033-0000000767947343-0203-s_lc.fits
37444998,33,tess2020351194500-s0033-0000000037444998-0203-s_lc.fits
771273350,33,tess2020351194500-s0033-0000000771273350-0203-s_lc.fits
278901079,33,tess2020351194500-s0033-0000000278901079-0203-s_lc.fits
231815113,33,tess2020351194500-s0033-0000000231815113-0203-s_lc.fits
55453391,33,tess2020351194500-s0033-0000000055453391-0203-s_lc.fits
172359428,33,tess2020351194500-s0033-0000000172359428-0203-s_lc.fits
391922626,33,tess2020351194500-s0033-0000000391922626-0203-s_lc.fits
14560801,33,tess2020351194500-s0033-0000000014560801-0203-s_lc.fits
21749508,33,tess2020351194500-s0033-0000000021749508-0203-s_lc.fits
148225246,33,tess2020351194500-s0033-0000000148225246-0203-s_lc.fits
307299374,33,tess2020351194500-s0033-0000000307299374-0203-s_lc.fits
266064378,33,tess2020351194500-s0033-0000000266064378-0203-s_lc.fits
264596712,33,tess2020351194500-s0033-0000000264596712-0203-s_lc.fits
260368862,33,tess2020351194500-s0033-0000000260368862-0203-s_lc.fits
404768964,33,tess2020351194500-s0033-0000000404768964-0203-s_lc.fits
271696822,33,tess2020351194500-s0033-0000000271696822-0203-s_lc.fits
270474754,33,tess2020351194500-s0033-0000000270474754-0203-s_lc.fits
21621602,33,tess2020351194500-s0033-0000000021621602-0203-s_lc.fits
167756990,33,tess2020351194500-s0033-0000000167756990-0203-s_lc.fits
143211234,33,tess2020351194500-s0033-0000000143211234-0203-s_lc.fits
49083045,33,tess2020351194500-s0033-0000000049083045-0203-s_lc.fits
317282341,33,tess2020351194500-s0033-0000000317282341-0203-s_lc.fits
219378103,33,tess2020351194500-s0033-0000000219378103-0203-s_lc.fits
220459208,33,tess2020351194500-s0033-0000000220459208-0203-s_lc.fits
207334398,33,tess2020351194500-s0033-0000000207334398-0203-s_lc.fits
301285928,33,tess2020351194500-s0033-0000000301285928-0203-s_lc.fits
141757732,33,tess2020351194500-s0033-0000000141757732-0203-s_lc.fits
382244825,33,tess2020351194500-s0033-0000000382244825-0203-s_lc.fits
284544673,33,tess2020351194500-s0033-0000000284544673-0203-s_lc.fits
438403733,33,tess2020351194500-s0033-0000000438403733-0203-s_lc.fits
231166893,33,tess2020351194500-s0033-0000000231166893-0203-s_lc.fits
32707063,33,tess2020351194500-s0033-0000000032707063-0203-s_lc.fits
386583423,33,tess2020351194500-s0033-0000000386583423-0203-s_lc.fits
35299678,33,tess2020351194500-s0033-0000000035299678-0203-s_lc.fits
238080589,33,tess2020351194500-s0033-0000000238080589-0203-s_lc.fits
149601768,33,tess2020351194500-s0033-0000000149601768-0203-s_lc.fits
63050556,33,tess2020351194500-s0033-0000000063050556-0203-s_lc.fits
290657774,33,tess2020351194500-s0033-0000000290657774-0203-s_lc.fits
150141418,33,tess2020351194500-s0033-0000000150141418-0203-s_lc.fits
34590465,33,tess2020351194500-s0033-0000000034590465-0203-s_lc.fits
314865962,33,tess2020351194500-s0033-0000000314865962-0203-s_lc.fits
219194893,33,tess2020351194500-s0033-0000000219194893-0203-s_lc.fits
167125641,33,tess2020351194500-s0033-0000000167125641-0203-s_lc.fits
65707500,33,tess2020351194500-s0033-0000000065707500-0203-s_lc.fits
147799964,33,tess2020351194500-s0033-0000000147799964-0203-s_lc.fits
337389888,33,tess2020351194500-s0033-0000000337389888-0203-s_lc.fits
278867172,33,tess2020351194500-s0033-0000000278867172-0203-s_lc.fits
140499821,33,tess2020351194500-s0033-0000000140499821-0203-s_lc.fits
147256674,33,tess2020351194500-s0033-0000000147256674-0203-s_lc.fits
177310977,33,tess2020351194500-s0033-0000000177310977-0203-s_lc.fits
445522030,33,tess2020351194500-s0033-0000000445522030-0203-s_lc.fits
375056898,33,tess2020351194500-s0033-0000000375056898-0203-s_lc.fits
277021897,33,tess2020351194500-s0033-0000000277021897-0203-s_lc.fits
382265989,33,tess2020351194500-s0033-0000000382265989-0203-s_lc.fits
231720519,33,tess2020351194500-s0033-0000000231720519-0203-s_lc.fits
393296202,33,tess2020351194500-s0033-0000000393296202-0203-s_lc.fits
382101389,33,tess2020351194500-s0033-0000000382101389-0203-s_lc.fits
24429843,33,tess2020351194500-s0033-0000000024429843-0203-s_lc.fits
231820749,33,tess2020351194500-s0033-0000000231820749-0203-s_lc.fits
100684189,33,tess2020351194500-s0033-0000000100684189-0203-s_lc.fits
167795243,33,tess2020351194500-s0033-0000000167795243-0203-s_lc.fits
66774564,33,tess2020351194500-s0033-0000000066774564-0203-s_lc.fits
235156431,33,tess2020351194500-s0033-0000000235156431-0203-s_lc.fits
167891320,33,tess2020351194500-s0033-0000000167891320-0203-s_lc.fits
291404786,33,tess2020351194500-s0033-0000000291404786-0203-s_lc.fits
177385488,33,tess2020351194500-s0033-0000000177385488-0203-s_lc.fits
707708009,33,tess2020351194500-s0033-0000000707708009-0203-s_lc.fits
179046780,33,tess2020351194500-s0033-0000000179046780-0203-s_lc.fits
306666601,33,tess2020351194500-s0033-0000000306666601-0203-s_lc.fits
37115710,33,tess2020351194500-s0033-0000000037115710-0203-s_lc.fits
31746250,33,tess2020351194500-s0033-0000000031746250-0203-s_lc.fits
55649312,33,tess2020351194500-s0033-0000000055649312-0203-s_lc.fits
172462484,33,tess2020351194500-s0033-0000000172462484-0203-s_lc.fits
37083418,33,tess2020351194500-s0033-0000000037083418-0203-s_lc.fits
262321561,33,tess2020351194500-s0033-0000000262321561-0203-s_lc.fits
260415151,33,tess2020351194500-s0033-0000000260415151-0203-s_lc.fits
293776677,33,tess2020351194500-s0033-0000000293776677-0203-s_lc.fits
148130610,33,tess2020351194500-s0033-0000000148130610-0203-s_lc.fits
777480658,33,tess2020351194500-s0033-0000000777480658-0203-s_lc.fits
300938910,33,tess2020351194500-s0033-0000000300938910-0203-s_lc.fits
229295067,33,tess2020351194500-s0033-0000000229295067-0203-s_lc.fits
282808223,33,tess2020351194500-s0033-0000000282808223-0203-s_lc.fits
146985310,33,tess2020351194500-s0033-0000000146985310-0203-s_lc.fits
237949640,33,tess2020351194500-s0033-0000000237949640-0203-s_lc.fits
260045033,33,tess2020351194500-s0033-0000000260045033-0203-s_lc.fits
148046196,33,tess2020351194500-s0033-0000000148046196-0203-s_lc.fits
156948641,33,tess2020351194500-s0033-0000000156948641-0203-s_lc.fits
42755146,33,tess2020351194500-s0033-0000000042755146-0203-s_lc.fits
148043009,33,tess2020351194500-s0033-0000000148043009-0203-s_lc.fits
306364966,33,tess2020351194500-s0033-0000000306364966-0203-s_lc.fits
440848102,33,tess2020351194500-s0033-0000000440848102-0203-s_lc.fits
279907062,33,tess2020351194500-s0033-0000000279907062-0203-s_lc.fits
391887389,33,tess2020351194500-s0033-0000000391887389-0203-s_lc.fits
117667585,33,tess2020351194500-s0033-0000000117667585-0203-s_lc.fits
179373205,33,tess2020351194500-s0033-0000000179373205-0203-s_lc.fits
59852637,33,tess2020351194500-s0033-0000000059852637-0203-s_lc.fits
502275327,33,tess2020351194500-s0033-0000000502275327-0203-s_lc.fits
38811269,33,tess2020351194500-s0033-0000000038811269-0203-s_lc.fits
340255339,33,tess2020351194500-s0033-0000000340255339-0203-s_lc.fits
355359516,33,tess2020351194500-s0033-0000000355359516-0203-s_lc.fits
238059286,33,tess2020351194500-s0033-0000000238059286-0203-s_lc.fits
49387982,33,tess2020351194500-s0033-0000000049387982-0203-s_lc.fits
231231990,33,tess2020351194500-s0033-0000000231231990-0203-s_lc.fits
264169281,33,tess2020351194500-s0033-0000000264169281-0203-s_lc.fits
260353507,33,tess2020351194500-s0033-0000000260353507-0203-s_lc.fits
706932424,33,tess2020351194500-s0033-0000000706932424-0203-s_lc.fits
309703910,33,tess2020351194500-s0033-0000000309703910-0203-s_lc.fits
124503088,33,tess2020351194500-s0033-0000000124503088-0203-s_lc.fits
274235810,33,tess2020351194500-s0033-0000000274235810-0203-s_lc.fits
141769431,33,tess2020351194500-s0033-0000000141769431-0203-s_lc.fits
140284237,33,tess2020351194500-s0033-0000000140284237-0203-s_lc.fits
231719961,33,tess2020351194500-s0033-0000000231719961-0203-s_lc.fits
167309174,33,tess2020351194500-s0033-0000000167309174-0203-s_lc.fits
339858713,33,tess2020351194500-s0033-0000000339858713-0203-s_lc.fits
59750727,33,tess2020351194500-s0033-0000000059750727-0203-s_lc.fits
140209440,33,tess2020351194500-s0033-0000000140209440-0203-s_lc.fits
237451515,33,tess2020351194500-s0033-0000000237451515-0203-s_lc.fits
336989697,33,tess2020351194500-s0033-0000000336989697-0203-s_lc.fits
761018589,33,tess2020351194500-s0033-0000000761018589-0203-s_lc.fits
220599338,33,tess2020351194500-s0033-0000000220599338-0203-s_lc.fits
139370537,33,tess2020351194500-s0033-0000000139370537-0203-s_lc.fits
300138689,33,tess2020351194500-s0033-0000000300138689-0203-s_lc.fits
279356185,33,tess2020351194500-s0033-0000000279356185-0203-s_lc.fits
382099053,33,tess2020351194500-s0033-0000000382099053-0203-s_lc.fits
144500624,33,tess2020351194500-s0033-0000000144500624-0203-s_lc.fits
364590050,33,tess2020351194500-s0033-0000000364590050-0203-s_lc.fits
165226043,33,tess2020351194500-s0033-0000000165226043-0203-s_lc.fits
734929125,33,tess2020351194500-s0033-0000000734929125-0203-s_lc.fits
172410200,33,tess2020351194500-s0033-0000000172410200-0203-s_lc.fits
25118739,33,tess2020351194500-s0033-0000000025118739-0203-s_lc.fits
266156557,33,tess2020351194500-s0033-0000000266156557-0203-s_lc.fits
293692816,33,tess2020351194500-s0033-0000000293692816-0203-s_lc.fits
21504820,33,tess2020351194500-s0033-0000000021504820-0203-s_lc.fits
287640015,33,tess2020351194500-s0033-0000000287640015-0203-s_lc.fits
60073880,33,tess2020351194500-s0033-0000000060073880-0203-s_lc.fits
158147438,33,tess2020351194500-s0033-0000000158147438-0203-s_lc.fits
381977964,33,tess2020351194500-s0033-0000000381977964-0203-s_lc.fits
52046778,33,tess2020351194500-s0033-0000000052046778-0203-s_lc.fits
317023216,33,tess2020351194500-s0033-0000000317023216-0203-s_lc.fits
32528943,33,tess2020351194500-s0033-0000000032528943-0203-s_lc.fits
259595994,33,tess2020351194500-s0033-0000000259595994-0203-s_lc.fits
148581544,33,tess2020351194500-s0033-0000000148581544-0203-s_lc.fits
172124361,33,tess2020351194500-s0033-0000000172124361-0203-s_lc.fits
300144445,33,tess2020351194500-s0033-0000000300144445-0203-s_lc.fits
434294623,33,tess2020351194500-s0033-0000000434294623-0203-s_lc.fits
80556752,33,tess2020351194500-s0033-0000000080556752-0203-s_lc.fits
64203640,33,tess2020351194500-s0033-0000000064203640-0203-s_lc.fits
717716672,33,tess2020351194500-s0033-0000000717716672-0203-s_lc.fits
41464478,33,tess2020351194500-s0033-0000000041464478-0203-s_lc.fits
140578481,33,tess2020351194500-s0033-0000000140578481-0203-s_lc.fits
262446517,33,tess2020351194500-s0033-0000000262446517-0203-s_lc.fits
52389054,33,tess2020351194500-s0033-0000000052389054-0203-s_lc.fits
307033995,33,tess2020351194500-s0033-0000000307033995-0203-s_lc.fits
382189163,33,tess2020351194500-s0033-0000000382189163-0203-s_lc.fits
37766959,33,tess2020351194500-s0033-0000000037766959-0203-s_lc.fits
306477657,33,tess2020351194500-s0033-0000000306477657-0203-s_lc.fits
78442870,33,tess2020351194500-s0033-0000000078442870-0203-s_lc.fits
279053000,33,tess2020351194500-s0033-0000000279053000-0203-s_lc.fits
306852153,33,tess2020351194500-s0033-0000000306852153-0203-s_lc.fits
155360134,33,tess2020351194500-s0033-0000000155360134-0203-s_lc.fits
265265161,33,tess2020351194500-s0033-0000000265265161-0203-s_lc.fits
715166141,33,tess2020351194500-s0033-0000000715166141-0203-s_lc.fits
141121793,33,tess2020351194500-s0033-0000000141121793-0203-s_lc.fits
260352227,33,tess2020351194500-s0033-0000000260352227-0203-s_lc.fits
22864902,33,tess2020351194500-s0033-0000000022864902-0203-s_lc.fits
192845997,33,tess2020351194500-s0033-0000000192845997-0203-s_lc.fits
141685643,33,tess2020351194500-s0033-0000000141685643-0203-s_lc.fits
301189711,33,tess2020351194500-s0033-0000000301189711-0203-s_lc.fits
234834875,33,tess2020351194500-s0033-0000000234834875-0203-s_lc.fits
150357442,33,tess2020351194500-s0033-0000000150357442-0203-s_lc.fits
26182280,33,tess2020351194500-s0033-0000000026182280-0203-s_lc.fits
150167420,33,tess2020351194500-s0033-0000000150167420-0203-s_lc.fits
177350828,33,tess2020351194500-s0033-0000000177350828-0203-s_lc.fits
260075032,33,tess2020351194500-s0033-0000000260075032-0203-s_lc.fits
160328822,33,tess2020351194500-s0033-0000000160328822-0203-s_lc.fits
293316714,33,tess2020351194500-s0033-0000000293316714-0203-s_lc.fits
322814068,33,tess2020351194500-s0033-0000000322814068-0203-s_lc.fits
31531129,33,tess2020351194500-s0033-0000000031531129-0203-s_lc.fits
382144114,33,tess2020351194500-s0033-0000000382144114-0203-s_lc.fits
177284199,33,tess2020351194500-s0033-0000000177284199-0203-s_lc.fits
233977296,33,tess2020351194500-s0033-0000000233977296-0203-s_lc.fits
32090960,33,tess2020351194500-s0033-0000000032090960-0203-s_lc.fits
339884930,33,tess2020351194500-s0033-0000000339884930-0203-s_lc.fits
150429807,33,tess2020351194500-s0033-0000000150429807-0203-s_lc.fits
31929205,33,tess2020351194500-s0033-0000000031929205-0203-s_lc.fits
52803743,33,tess2020351194500-s0033-0000000052803743-0203-s_lc.fits
33552726,33,tess2020351194500-s0033-0000000033552726-0203-s_lc.fits
30104033,33,tess2020351194500-s0033-0000000030104033-0203-s_lc.fits
440831181,33,tess2020351194500-s0033-0000000440831181-0203-s_lc.fits
440772274,33,tess2020351194500-s0033-0000000440772274-0203-s_lc.fits
201426153,33,tess2020351194500-s0033-0000000201426153-0203-s_lc.fits
32498504,33,tess2020351194500-s0033-0000000032498504-0203-s_lc.fits
53821809,33,tess2020351194500-s0033-0000000053821809-0203-s_lc.fits
55849913,33,tess2020351194500-s0033-0000000055849913-0203-s_lc.fits
37303599,33,tess2020351194500-s0033-0000000037303599-0203-s_lc.fits
158067920,33,tess2020351194500-s0033-0000000158067920-0203-s_lc.fits
159055942,33,tess2020351194500-s0033-0000000159055942-0203-s_lc.fits
177037199,33,tess2020351194500-s0033-0000000177037199-0203-s_lc.fits
124773772,33,tess2020351194500-s0033-0000000124773772-0203-s_lc.fits
21445281,33,tess2020351194500-s0033-0000000021445281-0203-s_lc.fits
52740907,33,tess2020351194500-s0033-0000000052740907-0203-s_lc.fits
219374540,33,tess2020351194500-s0033-0000000219374540-0203-s_lc.fits
141414217,33,tess2020351194500-s0033-0000000141414217-0203-s_lc.fits
172408767,33,tess2020351194500-s0033-0000000172408767-0203-s_lc.fits
25511785,33,tess2020351194500-s0033-0000000025511785-0203-s_lc.fits
234554127,33,tess2020351194500-s0033-0000000234554127-0203-s_lc.fits
123663540,33,tess2020351194500-s0033-0000000123663540-0203-s_lc.fits
61683658,33,tess2020351194500-s0033-0000000061683658-0203-s_lc.fits
434367039,33,tess2020351194500-s0033-0000000434367039-0203-s_lc.fits
37882105,33,tess2020351194500-s0033-0000000037882105-0203-s_lc.fits
61759610,33,tess2020351194500-s0033-0000000061759610-0203-s_lc.fits
71472463,33,tess2020351194500-s0033-0000000071472463-0203-s_lc.fits
709917564,33,tess2020351194500-s0033-0000000709917564-0203-s_lc.fits
140499937,33,tess2020351194500-s0033-0000000140499937-0203-s_lc.fits
25155510,33,tess2020351194500-s0033-0000000025155510-0203-s_lc.fits
206791096,33,tess2020351194500-s0033-0000000206791096-0203-s_lc.fits
38025772,33,tess2020351194500-s0033-0000000038025772-0203-s_lc.fits
78825384,33,tess2020351194500-s0033-0000000078825384-0203-s_lc.fits
349642732,33,tess2020351194500-s0033-0000000349642732-0203-s_lc.fits
306481026,33,tess2020351194500-s0033-0000000306481026-0203-s_lc.fits
349091180,33,tess2020351194500-s0033-0000000349091180-0203-s_lc.fits
261417533,33,tess2020351194500-s0033-0000000261417533-0203-s_lc.fits
120027663,33,tess2020351194500-s0033-0000000120027663-0203-s_lc.fits
124686482,33,tess2020351194500-s0033-0000000124686482-0203-s_lc.fits
317411908,33,tess2020351194500-s0033-0000000317411908-0203-s_lc.fits
201373264,33,tess2020351194500-s0033-0000000201373264-0203-s_lc.fits
237818181,33,tess2020351194500-s0033-0000000237818181-0203-s_lc.fits
119755641,33,tess2020351194500-s0033-0000000119755641-0203-s_lc.fits
229353032,33,tess2020351194500-s0033-0000000229353032-0203-s_lc.fits
130645504,33,tess2020351194500-s0033-0000000130645504-0203-s_lc.fits
220481232,33,tess2020351194500-s0033-0000000220481232-0203-s_lc.fits
207007364,33,tess2020351194500-s0033-0000000207007364-0203-s_lc.fits
47513732,33,tess2020351194500-s0033-0000000047513732-0203-s_lc.fits
235074516,33,tess2020351194500-s0033-0000000235074516-0203-s_lc.fits
300508896,33,tess2020351194500-s0033-0000000300508896-0203-s_lc.fits
293011208,33,tess2020351194500-s0033-0000000293011208-0203-s_lc.fits
177037184,33,tess2020351194500-s0033-0000000177037184-0203-s_lc.fits
65045527,33,tess2020351194500-s0033-0000000065045527-0203-s_lc.fits
220025421,33,tess2020351194500-s0033-0000000220025421-0203-s_lc.fits
237652923,33,tess2020351194500-s0033-0000000237652923-0203-s_lc.fits
294054151,33,tess2020351194500-s0033-0000000294054151-0203-s_lc.fits
220414917,33,tess2020351194500-s0033-0000000220414917-0203-s_lc.fits
48178458,33,tess2020351194500-s0033-0000000048178458-0203-s_lc.fits
119405753,33,tess2020351194500-s0033-0000000119405753-0203-s_lc.fits
22528618,33,tess2020351194500-s0033-0000000022528618-0203-s_lc.fits
33090263,33,tess2020351194500-s0033-0000000033090263-0203-s_lc.fits
350331875,33,tess2020351194500-s0033-0000000350331875-0203-s_lc.fits
7493647,33,tess2020351194500-s0033-0000000007493647-0203-s_lc.fits
156885582,33,tess2020351194500-s0033-0000000156885582-0203-s_lc.fits
141811446,33,tess2020351194500-s0033-0000000141811446-0203-s_lc.fits
142086812,33,tess2020351194500-s0033-0000000142086812-0203-s_lc.fits
157454350,33,tess2020351194500-s0033-0000000157454350-0203-s_lc.fits
393296309,33,tess2020351194500-s0033-0000000393296309-0203-s_lc.fits
53319855,33,tess2020351194500-s0033-0000000053319855-0203-s_lc.fits
10384398,33,tess2020351194500-s0033-0000000010384398-0203-s_lc.fits
220473131,33,tess2020351194500-s0033-0000000220473131-0203-s_lc.fits
66827516,33,tess2020351194500-s0033-0000000066827516-0203-s_lc.fits
177258863,33,tess2020351194500-s0033-0000000177258863-0203-s_lc.fits
97497981,33,tess2020351194500-s0033-0000000097497981-0203-s_lc.fits
232037474,33,tess2020351194500-s0033-0000000232037474-0203-s_lc.fits
150187916,33,tess2020351194500-s0033-0000000150187916-0203-s_lc.fits
150272940,33,tess2020351194500-s0033-0000000150272940-0203-s_lc.fits
48093324,33,tess2020351194500-s0033-0000000048093324-0203-s_lc.fits
119358217,33,tess2020351194500-s0033-0000000119358217-0203-s_lc.fits
49614493,33,tess2020351194500-s0033-0000000049614493-0203-s_lc.fits
177173686,33,tess2020351194500-s0033-0000000177173686-0203-s_lc.fits
279615427,33,tess2020351194500-s0033-0000000279615427-0203-s_lc.fits
150164875,33,tess2020351194500-s0033-0000000150164875-0203-s_lc.fits
354516934,33,tess2020351194500-s0033-0000000354516934-0203-s_lc.fits
235120098,33,tess2020351194500-s0033-0000000235120098-0203-s_lc.fits
151465450,33,tess2020351194500-s0033-0000000151465450-0203-s_lc.fits
55558734,33,tess2020351194500-s0033-0000000055558734-0203-s_lc.fits
177128831,33,tess2020351194500-s0033-0000000177128831-0203-s_lc.fits
438079334,33,tess2020351194500-s0033-0000000438079334-0203-s_lc.fits
350654290,33,tess2020351194500-s0033-0000000350654290-0203-s_lc.fits
301280418,33,tess2020351194500-s0033-0000000301280418-0203-s_lc.fits
336990540,33,tess2020351194500-s0033-0000000336990540-0203-s_lc.fits
282402552,33,tess2020351194500-s0033-0000000282402552-0203-s_lc.fits
317598598,33,tess2020351194500-s0033-0000000317598598-0203-s_lc.fits
443322346,33,tess2020351194500-s0033-0000000443322346-0203-s_lc.fits
372612872,33,tess2020351194500-s0033-0000000372612872-0203-s_lc.fits
293973218,33,tess2020351194500-s0033-0000000293973218-0203-s_lc.fits
231941182,33,tess2020351194500-s0033-0000000231941182-0203-s_lc.fits
382159621,33,tess2020351194500-s0033-0000000382159621-0203-s_lc.fits
23733602,33,tess2020351194500-s0033-0000000023733602-0203-s_lc.fits
372851407,33,tess2020351194500-s0033-0000000372851407-0203-s_lc.fits
234664884,33,tess2020351194500-s0033-0000000234664884-0203-s_lc.fits
255758626,33,tess2020351194500-s0033-0000000255758626-0203-s_lc.fits
64842137,33,tess2020351194500-s0033-0000000064842137-0203-s_lc.fits
287636427,33,tess2020351194500-s0033-0000000287636427-0203-s_lc.fits
32034170,33,tess2020351194500-s0033-0000000032034170-0203-s_lc.fits
220296421,33,tess2020351194500-s0033-0000000220296421-0203-s_lc.fits
157042454,33,tess2020351194500-s0033-0000000157042454-0203-s_lc.fits
391815407,33,tess2020351194500-s0033-0000000391815407-0203-s_lc.fits
192927603,33,tess2020351194500-s0033-0000000192927603-0203-s_lc.fits
78441425,33,tess2020351194500-s0033-0000000078441425-0203-s_lc.fits
38707757,33,tess2020351194500-s0033-0000000038707757-0203-s_lc.fits
141272379,33,tess2020351194500-s0033-0000000141272379-0203-s_lc.fits
235076643,33,tess2020351194500-s0033-0000000235076643-0203-s_lc.fits
453172302,33,tess2020351194500-s0033-0000000453172302-0203-s_lc.fits
66556210,33,tess2020351194500-s0033-0000000066556210-0203-s_lc.fits
78956650,33,tess2020351194500-s0033-0000000078956650-0203-s_lc.fits
262133703,33,tess2020351194500-s0033-0000000262133703-0203-s_lc.fits
100774898,33,tess2020351194500-s0033-0000000100774898-0203-s_lc.fits
457061109,33,tess2020351194500-s0033-0000000457061109-0203-s_lc.fits
471015240,33,tess2020351194500-s0033-0000000471015240-0203-s_lc.fits
767178690,33,tess2020351194500-s0033-0000000767178690-0203-s_lc.fits
231729308,33,tess2020351194500-s0033-0000000231729308-0203-s_lc.fits
349643646,33,tess2020351194500-s0033-0000000349643646-0203-s_lc.fits
287428978,33,tess2020351194500-s0033-0000000287428978-0203-s_lc.fits
177785732,33,tess2020351194500-s0033-0000000177785732-0203-s_lc.fits
38698751,33,tess2020351194500-s0033-0000000038698751-0203-s_lc.fits
167722419,33,tess2020351194500-s0033-0000000167722419-0203-s_lc.fits
48747944,33,tess2020351194500-s0033-0000000048747944-0203-s_lc.fits
382245852,33,tess2020351194500-s0033-0000000382245852-0203-s_lc.fits
350743723,33,tess2020351194500-s0033-0000000350743723-0203-s_lc.fits
55398886,33,tess2020351194500-s0033-0000000055398886-0203-s_lc.fits
234561914,33,tess2020351194500-s0033-0000000234561914-0203-s_lc.fits
262320829,33,tess2020351194500-s0033-0000000262320829-0203-s_lc.fits
751749128,33,tess2020351194500-s0033-0000000751749128-0203-s_lc.fits
349413331,33,tess2020351194500-s0033-0000000349413331-0203-s_lc.fits
142054024,33,tess2020351194500-s0033-0000000142054024-0203-s_lc.fits
124319576,33,tess2020351194500-s0033-0000000124319576-0203-s_lc.fits
149269166,33,tess2020351194500-s0033-0000000149269166-0203-s_lc.fits
96321547,33,tess2020351194500-s0033-0000000096321547-0203-s_lc.fits
158072206,33,tess2020351194500-s0033-0000000158072206-0203-s_lc.fits
219412792,33,tess2020351194500-s0033-0000000219412792-0203-s_lc.fits
119490443,33,tess2020351194500-s0033-0000000119490443-0203-s_lc.fits
220407416,33,tess2020351194500-s0033-0000000220407416-0203-s_lc.fits
294747598,33,tess2020351194500-s0033-0000000294747598-0203-s_lc.fits
278777898,33,tess2020351194500-s0033-0000000278777898-0203-s_lc.fits
220459976,33,tess2020351194500-s0033-0000000220459976-0203-s_lc.fits
255564289,33,tess2020351194500-s0033-0000000255564289-0203-s_lc.fits
294048159,33,tess2020351194500-s0033-0000000294048159-0203-s_lc.fits
123668112,33,tess2020351194500-s0033-0000000123668112-0203-s_lc.fits
301273427,33,tess2020351194500-s0033-0000000301273427-0203-s_lc.fits
97572970,33,tess2020351194500-s0033-0000000097572970-0203-s_lc.fits
60325051,33,tess2020351194500-s0033-0000000060325051-0203-s_lc.fits
65400922,33,tess2020351194500-s0033-0000000065400922-0203-s_lc.fits
280049258,33,tess2020351194500-s0033-0000000280049258-0203-s_lc.fits
139545538,33,tess2020351194500-s0033-0000000139545538-0203-s_lc.fits
393314427,33,tess2020351194500-s0033-0000000393314427-0203-s_lc.fits
291873352,33,tess2020351194500-s0033-0000000291873352-0203-s_lc.fits
350654140,33,tess2020351194500-s0033-0000000350654140-0203-s_lc.fits
299320319,33,tess2020351194500-s0033-0000000299320319-0203-s_lc.fits
234125625,33,tess2020351194500-s0033-0000000234125625-0203-s_lc.fits
350140092,33,tess2020351194500-s0033-0000000350140092-0203-s_lc.fits
201510150,33,tess2020351194500-s0033-0000000201510150-0203-s_lc.fits
157041984,33,tess2020351194500-s0033-0000000157041984-0203-s_lc.fits
60178082,33,tess2020351194500-s0033-0000000060178082-0203-s_lc.fits
219214819,33,tess2020351194500-s0033-0000000219214819-0203-s_lc.fits
21506935,33,tess2020351194500-s0033-0000000021506935-0203-s_lc.fits
425144137,33,tess2020351194500-s0033-0000000425144137-0203-s_lc.fits
144486844,33,tess2020351194500-s0033-0000000144486844-0203-s_lc.fits
202271481,33,tess2020351194500-s0033-0000000202271481-0203-s_lc.fits
350562128,33,tess2020351194500-s0033-0000000350562128-0203-s_lc.fits
340007112,33,tess2020351194500-s0033-0000000340007112-0203-s_lc.fits
167892002,33,tess2020351194500-s0033-0000000167892002-0203-s_lc.fits
141944911,33,tess2020351194500-s0033-0000000141944911-0203-s_lc.fits
333147387,33,tess2020351194500-s0033-0000000333147387-0203-s_lc.fits
734710085,33,tess2020351194500-s0033-0000000734710085-0203-s_lc.fits
231719057,33,tess2020351194500-s0033-0000000231719057-0203-s_lc.fits
759121209,33,tess2020351194500-s0033-0000000759121209-0203-s_lc.fits
374860204,33,tess2020351194500-s0033-0000000374860204-0203-s_lc.fits
179235088,33,tess2020351194500-s0033-0000000179235088-0203-s_lc.fits
373528752,33,tess2020351194500-s0033-0000000373528752-0203-s_lc.fits
300705632,33,tess2020351194500-s0033-0000000300705632-0203-s_lc.fits
237695288,33,tess2020351194500-s0033-0000000237695288-0203-s_lc.fits
142671635,33,tess2020351194500-s0033-0000000142671635-0203-s_lc.fits
232382568,33,tess2020351194500-s0033-0000000232382568-0203-s_lc.fits
25051118,33,tess2020351194500-s0033-0000000025051118-0203-s_lc.fits
177328730,33,tess2020351194500-s0033-0000000177328730-0203-s_lc.fits
320411784,33,tess2020351194500-s0033-0000000320411784-0203-s_lc.fits
340891298,33,tess2020351194500-s0033-0000000340891298-0203-s_lc.fits
294096938,33,tess2020351194500-s0033-0000000294096938-0203-s_lc.fits
53323210,33,tess2020351194500-s0033-0000000053323210-0203-s_lc.fits
206785987,33,tess2020351194500-s0033-0000000206785987-0203-s_lc.fits
231806026,33,tess2020351194500-s0033-0000000231806026-0203-s_lc.fits
180969699,33,tess2020351194500-s0033-0000000180969699-0203-s_lc.fits
179639033,33,tess2020351194500-s0033-0000000179639033-0203-s_lc.fits
747692645,33,tess2020351194500-s0033-0000000747692645-0203-s_lc.fits
242060556,33,tess2020351194500-s0033-0000000242060556-0203-s_lc.fits
160351583,33,tess2020351194500-s0033-0000000160351583-0203-s_lc.fits
38609671,33,tess2020351194500-s0033-0000000038609671-0203-s_lc.fits
167652763,33,tess2020351194500-s0033-0000000167652763-0203-s_lc.fits
59751745,33,tess2020351194500-s0033-0000000059751745-0203-s_lc.fits
59776976,33,tess2020351194500-s0033-0000000059776976-0203-s_lc.fits
287488930,33,tess2020351194500-s0033-0000000287488930-0203-s_lc.fits
98283926,33,tess2020351194500-s0033-0000000098283926-0203-s_lc.fits
93125530,33,tess2020351194500-s0033-0000000093125530-0203-s_lc.fits
737712789,33,tess2020351194500-s0033-0000000737712789-0203-s_lc.fits
50985772,33,tess2020351194500-s0033-0000000050985772-0203-s_lc.fits
79216392,33,tess2020351194500-s0033-0000000079216392-0203-s_lc.fits
176618820,33,tess2020351194500-s0033-0000000176618820-0203-s_lc.fits
307128045,33,tess2020351194500-s0033-0000000307128045-0203-s_lc.fits
141624136,33,tess2020351194500-s0033-0000000141624136-0203-s_lc.fits
705598095,33,tess2020351194500-s0033-0000000705598095-0203-s_lc.fits
95054215,33,tess2020351194500-s0033-0000000095054215-0203-s_lc.fits
167029138,33,tess2020351194500-s0033-0000000167029138-0203-s_lc.fits
453856477,33,tess2020351194500-s0033-0000000453856477-0203-s_lc.fits
142087451,33,tess2020351194500-s0033-0000000142087451-0203-s_lc.fits
234699869,33,tess2020351194500-s0033-0000000234699869-0203-s_lc.fits
279514056,33,tess2020351194500-s0033-0000000279514056-0203-s_lc.fits
372851759,33,tess2020351194500-s0033-0000000372851759-0203-s_lc.fits
317417870,33,tess2020351194500-s0033-0000000317417870-0203-s_lc.fits
40898510,33,tess2020351194500-s0033-0000000040898510-0203-s_lc.fits
372662505,33,tess2020351194500-s0033-0000000372662505-0203-s_lc.fits
294315569,33,tess2020351194500-s0033-0000000294315569-0203-s_lc.fits
65814665,33,tess2020351194500-s0033-0000000065814665-0203-s_lc.fits
235118671,33,tess2020351194500-s0033-0000000235118671-0203-s_lc.fits
229362618,33,tess2020351194500-s0033-0000000229362618-0203-s_lc.fits
33866571,33,tess2020351194500-s0033-0000000033866571-0203-s_lc.fits
149302552,33,tess2020351194500-s0033-0000000149302552-0203-s_lc.fits
150440176,33,tess2020351194500-s0033-0000000150440176-0203-s_lc.fits
37496263,33,tess2020351194500-s0033-0000000037496263-0203-s_lc.fits
167573510,33,tess2020351194500-s0033-0000000167573510-0203-s_lc.fits
93331175,33,tess2020351194500-s0033-0000000093331175-0203-s_lc.fits
142467524,33,tess2020351194500-s0033-0000000142467524-0203-s_lc.fits
270578038,33,tess2020351194500-s0033-0000000270578038-0203-s_lc.fits
251162705,33,tess2020351194500-s0033-0000000251162705-0203-s_lc.fits
141609393,33,tess2020351194500-s0033-0000000141609393-0203-s_lc.fits
158032089,33,tess2020351194500-s0033-0000000158032089-0203-s_lc.fits
150359500,33,tess2020351194500-s0033-0000000150359500-0203-s_lc.fits
39217819,33,tess2020351194500-s0033-0000000039217819-0203-s_lc.fits
38680734,33,tess2020351194500-s0033-0000000038680734-0203-s_lc.fits
149540013,33,tess2020351194500-s0033-0000000149540013-0203-s_lc.fits
119232116,33,tess2020351194500-s0033-0000000119232116-0203-s_lc.fits
89005144,33,tess2020351194500-s0033-0000000089005144-0203-s_lc.fits
167756429,33,tess2020351194500-s0033-0000000167756429-0203-s_lc.fits
167672077,33,tess2020351194500-s0033-0000000167672077-0203-s_lc.fits
97862321,33,tess2020351194500-s0033-0000000097862321-0203-s_lc.fits
350929806,33,tess2020351194500-s0033-0000000350929806-0203-s_lc.fits
51339110,33,tess2020351194500-s0033-0000000051339110-0203-s_lc.fits
25153635,33,tess2020351194500-s0033-0000000025153635-0203-s_lc.fits
48545089,33,tess2020351194500-s0033-0000000048545089-0203-s_lc.fits
265156838,33,tess2020351194500-s0033-0000000265156838-0203-s_lc.fits
408906812,33,tess2020351194500-s0033-0000000408906812-0203-s_lc.fits
281909674,33,tess2020351194500-s0033-0000000281909674-0203-s_lc.fits
29758859,33,tess2020351194500-s0033-0000000029758859-0203-s_lc.fits
293267933,33,tess2020351194500-s0033-0000000293267933-0203-s_lc.fits
149971331,33,tess2020351194500-s0033-0000000149971331-0203-s_lc.fits
35638224,33,tess2020351194500-s0033-0000000035638224-0203-s_lc.fits
180975285,33,tess2020351194500-s0033-0000000180975285-0203-s_lc.fits
333048497,33,tess2020351194500-s0033-0000000333048497-0203-s_lc.fits
151357422,33,tess2020351194500-s0033-0000000151357422-0203-s_lc.fits
38846531,33,tess2020351194500-s0033-0000000038846531-0203-s_lc.fits
172124022,33,tess2020351194500-s0033-0000000172124022-0203-s_lc.fits
364302118,33,tess2020351194500-s0033-0000000364302118-0203-s_lc.fits
288256049,33,tess2020351194500-s0033-0000000288256049-0203-s_lc.fits
130296926,33,tess2020351194500-s0033-0000000130296926-0203-s_lc.fits
156698419,33,tess2020351194500-s0033-0000000156698419-0203-s_lc.fits
220458134,33,tess2020351194500-s0033-0000000220458134-0203-s_lc.fits
232420147,33,tess2020351194500-s0033-0000000232420147-0203-s_lc.fits
300327458,33,tess2020351194500-s0033-0000000300327458-0203-s_lc.fits
61408520,33,tess2020351194500-s0033-0000000061408520-0203-s_lc.fits
37352162,33,tess2020351194500-s0033-0000000037352162-0203-s_lc.fits
350296176,33,tess2020351194500-s0033-0000000350296176-0203-s_lc.fits
81676428,33,tess2020351194500-s0033-0000000081676428-0203-s_lc.fits
219408772,33,tess2020351194500-s0033-0000000219408772-0203-s_lc.fits
229379293,33,tess2020351194500-s0033-0000000229379293-0203-s_lc.fits
141527965,33,tess2020351194500-s0033-0000000141527965-0203-s_lc.fits
39166486,33,tess2020351194500-s0033-0000000039166486-0203-s_lc.fits
393227374,33,tess2020351194500-s0033-0000000393227374-0203-s_lc.fits
39721058,33,tess2020351194500-s0033-0000000039721058-0203-s_lc.fits
282705295,33,tess2020351194500-s0033-0000000282705295-0203-s_lc.fits
30848801,33,tess2020351194500-s0033-0000000030848801-0203-s_lc.fits
301780349,33,tess2020351194500-s0033-0000000301780349-0203-s_lc.fits
23462366,33,tess2020351194500-s0033-0000000023462366-0203-s_lc.fits
443411828,33,tess2020351194500-s0033-0000000443411828-0203-s_lc.fits
149060709,33,tess2020351194500-s0033-0000000149060709-0203-s_lc.fits
95250551,33,tess2020351194500-s0033-0000000095250551-0203-s_lc.fits
374860864,33,tess2020351194500-s0033-0000000374860864-0203-s_lc.fits
117668037,33,tess2020351194500-s0033-0000000117668037-0203-s_lc.fits
144541383,33,tess2020351194500-s0033-0000000144541383-0203-s_lc.fits
350142099,33,tess2020351194500-s0033-0000000350142099-0203-s_lc.fits
276943440,33,tess2020351194500-s0033-0000000276943440-0203-s_lc.fits
53587069,33,tess2020351194500-s0033-0000000053587069-0203-s_lc.fits
37604656,33,tess2020351194500-s0033-0000000037604656-0203-s_lc.fits
67197339,33,tess2020351194500-s0033-0000000067197339-0203-s_lc.fits
147483880,33,tess2020351194500-s0033-0000000147483880-0203-s_lc.fits
260638705,33,tess2020351194500-s0033-0000000260638705-0203-s_lc.fits
440802566,33,tess2020351194500-s0033-0000000440802566-0203-s_lc.fits
21507177,33,tess2020351194500-s0033-0000000021507177-0203-s_lc.fits
220478620,33,tess2020351194500-s0033-0000000220478620-0203-s_lc.fits
234234968,33,tess2020351194500-s0033-0000000234234968-0203-s_lc.fits
293268667,33,tess2020351194500-s0033-0000000293268667-0203-s_lc.fits
705471378,33,tess2020351194500-s0033-0000000705471378-0203-s_lc.fits
37996045,33,tess2020351194500-s0033-0000000037996045-0203-s_lc.fits
53901246,33,tess2020351194500-s0033-0000000053901246-0203-s_lc.fits
299943379,33,tess2020351194500-s0033-0000000299943379-0203-s_lc.fits
443126100,33,tess2020351194500-s0033-0000000443126100-0203-s_lc.fits
99081747,33,tess2020351194500-s0033-0000000099081747-0203-s_lc.fits
177416314,33,tess2020351194500-s0033-0000000177416314-0203-s_lc.fits
33103633,33,tess2020351194500-s0033-0000000033103633-0203-s_lc.fits
220028742,33,tess2020351194500-s0033-0000000220028742-0203-s_lc.fits
71513330,33,tess2020351194500-s0033-0000000071513330-0203-s_lc.fits
772064731,33,tess2020351194500-s0033-0000000772064731-0203-s_lc.fits
268688836,33,tess2020351194500-s0033-0000000268688836-0203-s_lc.fits
97496206,33,tess2020351194500-s0033-0000000097496206-0203-s_lc.fits
31109853,33,tess2020351194500-s0033-0000000031109853-0203-s_lc.fits
514783685,33,tess2020351194500-s0033-0000000514783685-0203-s_lc.fits
141210806,33,tess2020351194500-s0033-0000000141210806-0203-s_lc.fits
350825116,33,tess2020351194500-s0033-0000000350825116-0203-s_lc.fits
43085875,33,tess2020351194500-s0033-0000000043085875-0203-s_lc.fits
178428096,33,tess2020351194500-s0033-0000000178428096-0203-s_lc.fits
260636511,33,tess2020351194500-s0033-0000000260636511-0203-s_lc.fits
32762178,33,tess2020351194500-s0033-0000000032762178-0203-s_lc.fits
51831150,33,tess2020351194500-s0033-0000000051831150-0203-s_lc.fits
37500943,33,tess2020351194500-s0033-0000000037500943-0203-s_lc.fits
149970589,33,tess2020351194500-s0033-0000000149970589-0203-s_lc.fits
119445781,33,tess2020351194500-s0033-0000000119445781-0203-s_lc.fits
340216382,33,tess2020351194500-s0033-0000000340216382-0203-s_lc.fits
282381764,33,tess2020351194500-s0033-0000000282381764-0203-s_lc.fits
14609933,33,tess2020351194500-s0033-0000000014609933-0203-s_lc.fits
443129553,33,tess2020351194500-s0033-0000000443129553-0203-s_lc.fits
33604636,33,tess2020351194500-s0033-0000000033604636-0203-s_lc.fits
123575651,33,tess2020351194500-s0033-0000000123575651-0203-s_lc.fits
299903837,33,tess2020351194500-s0033-0000000299903837-0203-s_lc.fits
279796059,33,tess2020351194500-s0033-0000000279796059-0203-s_lc.fits
63196845,33,tess2020351194500-s0033-0000000063196845-0203-s_lc.fits
237742616,33,tess2020351194500-s0033-0000000237742616-0203-s_lc.fits
99086567,33,tess2020351194500-s0033-0000000099086567-0203-s_lc.fits
141610916,33,tess2020351194500-s0033-0000000141610916-0203-s_lc.fits
434391225,33,tess2020351194500-s0033-0000000434391225-0203-s_lc.fits
317862573,33,tess2020351194500-s0033-0000000317862573-0203-s_lc.fits
300808911,33,tess2020351194500-s0033-0000000300808911-0203-s_lc.fits
238121919,33,tess2020351194500-s0033-0000000238121919-0203-s_lc.fits
438006065,33,tess2020351194500-s0033-0000000438006065-0203-s_lc.fits
148092247,33,tess2020351194500-s0033-0000000148092247-0203-s_lc.fits
37658139,33,tess2020351194500-s0033-0000000037658139-0203-s_lc.fits
299908219,33,tess2020351194500-s0033-0000000299908219-0203-s_lc.fits
319028494,33,tess2020351194500-s0033-0000000319028494-0203-s_lc.fits
257719018,33,tess2020351194500-s0033-0000000257719018-0203-s_lc.fits
134310573,33,tess2020351194500-s0033-0000000134310573-0203-s_lc.fits
55242082,33,tess2020351194500-s0033-0000000055242082-0203-s_lc.fits
95056982,33,tess2020351194500-s0033-0000000095056982-0203-s_lc.fits
259675295,33,tess2020351194500-s0033-0000000259675295-0203-s_lc.fits
55454269,33,tess2020351194500-s0033-0000000055454269-0203-s_lc.fits
151408934,33,tess2020351194500-s0033-0000000151408934-0203-s_lc.fits
294399689,33,tess2020351194500-s0033-0000000294399689-0203-s_lc.fits
307157616,33,tess2020351194500-s0033-0000000307157616-0203-s_lc.fits
33030089,33,tess2020351194500-s0033-0000000033030089-0203-s_lc.fits
349928361,33,tess2020351194500-s0033-0000000349928361-0203-s_lc.fits
7394090,33,tess2020351194500-s0033-0000000007394090-0203-s_lc.fits
38469800,33,tess2020351194500-s0033-0000000038469800-0203-s_lc.fits
42895724,33,tess2020351194500-s0033-0000000042895724-0203-s_lc.fits
179637509,33,tess2020351194500-s0033-0000000179637509-0203-s_lc.fits
232189023,33,tess2020351194500-s0033-0000000232189023-0203-s_lc.fits
306665218,33,tess2020351194500-s0033-0000000306665218-0203-s_lc.fits
29779122,33,tess2020351194500-s0033-0000000029779122-0203-s_lc.fits
147798703,33,tess2020351194500-s0033-0000000147798703-0203-s_lc.fits
291466433,33,tess2020351194500-s0033-0000000291466433-0203-s_lc.fits
147711252,33,tess2020351194500-s0033-0000000147711252-0203-s_lc.fits
278728951,33,tess2020351194500-s0033-0000000278728951-0203-s_lc.fits
167653919,33,tess2020351194500-s0033-0000000167653919-0203-s_lc.fits
231814098,33,tess2020351194500-s0033-0000000231814098-0203-s_lc.fits
97489285,33,tess2020351194500-s0033-0000000097489285-0203-s_lc.fits
238040534,33,tess2020351194500-s0033-0000000238040534-0203-s_lc.fits
762217167,33,tess2020351194500-s0033-0000000762217167-0203-s_lc.fits
393312819,33,tess2020351194500-s0033-0000000393312819-0203-s_lc.fits
443579025,33,tess2020351194500-s0033-0000000443579025-0203-s_lc.fits
231935711,33,tess2020351194500-s0033-0000000231935711-0203-s_lc.fits
408926198,33,tess2020351194500-s0033-0000000408926198-0203-s_lc.fits
142110487,33,tess2020351194500-s0033-0000000142110487-0203-s_lc.fits
119447277,33,tess2020351194500-s0033-0000000119447277-0203-s_lc.fits
53600250,33,tess2020351194500-s0033-0000000053600250-0203-s_lc.fits
344024288,33,tess2020351194500-s0033-0000000344024288-0203-s_lc.fits
60413663,33,tess2020351194500-s0033-0000000060413663-0203-s_lc.fits
270675325,33,tess2020351194500-s0033-0000000270675325-0203-s_lc.fits
141095913,33,tess2020351194500-s0033-0000000141095913-0203-s_lc.fits
443318864,33,tess2020351194500-s0033-0000000443318864-0203-s_lc.fits
48523939,33,tess2020351194500-s0033-0000000048523939-0203-s_lc.fits
715166138,33,tess2020351194500-s0033-0000000715166138-0203-s_lc.fits
219193286,33,tess2020351194500-s0033-0000000219193286-0203-s_lc.fits
234277197,33,tess2020351194500-s0033-0000000234277197-0203-s_lc.fits
35586307,33,tess2020351194500-s0033-0000000035586307-0203-s_lc.fits
31927068,33,tess2020351194500-s0033-0000000031927068-0203-s_lc.fits
300656410,33,tess2020351194500-s0033-0000000300656410-0203-s_lc.fits
32598511,33,tess2020351194500-s0033-0000000032598511-0203-s_lc.fits
97794273,33,tess2020351194500-s0033-0000000097794273-0203-s_lc.fits
42238195,33,tess2020351194500-s0033-0000000042238195-0203-s_lc.fits
299833067,33,tess2020351194500-s0033-0000000299833067-0203-s_lc.fits
278825715,33,tess2020351194500-s0033-0000000278825715-0203-s_lc.fits
438518722,33,tess2020351194500-s0033-0000000438518722-0203-s_lc.fits
93334198,33,tess2020351194500-s0033-0000000093334198-0203-s_lc.fits
72347275,33,tess2020351194500-s0033-0000000072347275-0203-s_lc.fits
102319535,33,tess2020351194500-s0033-0000000102319535-0203-s_lc.fits
32554246,33,tess2020351194500-s0033-0000000032554246-0203-s_lc.fits
124875914,33,tess2020351194500-s0033-0000000124875914-0203-s_lc.fits
37543678,33,tess2020351194500-s0033-0000000037543678-0203-s_lc.fits
31311824,33,tess2020351194500-s0033-0000000031311824-0203-s_lc.fits
140689204,33,tess2020351194500-s0033-0000000140689204-0203-s_lc.fits
89198771,33,tess2020351194500-s0033-0000000089198771-0203-s_lc.fits
7446333,33,tess2020351194500-s0033-0000000007446333-0203-s_lc.fits
59849348,33,tess2020351194500-s0033-0000000059849348-0203-s_lc.fits
235266979,33,tess2020351194500-s0033-0000000235266979-0203-s_lc.fits
52977264,33,tess2020351194500-s0033-0000000052977264-0203-s_lc.fits
220026025,33,tess2020351194500-s0033-0000000220026025-0203-s_lc.fits
300159301,33,tess2020351194500-s0033-0000000300159301-0203-s_lc.fits
306894507,33,tess2020351194500-s0033-0000000306894507-0203-s_lc.fits
100684336,33,tess2020351194500-s0033-0000000100684336-0203-s_lc.fits
279216869,33,tess2020351194500-s0033-0000000279216869-0203-s_lc.fits
192847293,33,tess2020351194500-s0033-0000000192847293-0203-s_lc.fits
229252712,33,tess2020351194500-s0033-0000000229252712-0203-s_lc.fits
237408777,33,tess2020351194500-s0033-0000000237408777-0203-s_lc.fits
264595454,33,tess2020351194500-s0033-0000000264595454-0203-s_lc.fits
153212208,33,tess2020351194500-s0033-0000000153212208-0203-s_lc.fits
238197709,33,tess2020351194500-s0033-0000000238197709-0203-s_lc.fits
72095039,33,tess2020351194500-s0033-0000000072095039-0203-s_lc.fits
260415529,33,tess2020351194500-s0033-0000000260415529-0203-s_lc.fits
153179348,33,tess2020351194500-s0033-0000000153179348-0203-s_lc.fits
61836251,33,tess2020351194500-s0033-0000000061836251-0203-s_lc.fits
96802465,33,tess2020351194500-s0033-0000000096802465-0203-s_lc.fits
53741540,33,tess2020351194500-s0033-0000000053741540-0203-s_lc.fits
220624139,33,tess2020351194500-s0033-0000000220624139-0203-s_lc.fits
42428978,33,tess2020351194500-s0033-0000000042428978-0203-s_lc.fits
142014655,33,tess2020351194500-s0033-0000000142014655-0203-s_lc.fits
301286582,33,tess2020351194500-s0033-0000000301286582-0203-s_lc.fits
431591599,33,tess2020351194500-s0033-0000000431591599-0203-s_lc.fits
150443238,33,tess2020351194500-s0033-0000000150443238-0203-s_lc.fits
296073869,33,tess2020351194500-s0033-0000000296073869-0203-s_lc.fits
124745895,33,tess2020351194500-s0033-0000000124745895-0203-s_lc.fits
317089863,33,tess2020351194500-s0033-0000000317089863-0203-s_lc.fits
4614300,33,tess2020351194500-s0033-0000000004614300-0203-s_lc.fits
55849142,33,tess2020351194500-s0033-0000000055849142-0203-s_lc.fits
179442778,33,tess2020351194500-s0033-0000000179442778-0203-s_lc.fits
350477233,33,tess2020351194500-s0033-0000000350477233-0203-s_lc.fits
231948910,33,tess2020351194500-s0033-0000000231948910-0203-s_lc.fits
219173785,33,tess2020351194500-s0033-0000000219173785-0203-s_lc.fits
31926101,33,tess2020351194500-s0033-0000000031926101-0203-s_lc.fits
149218036,33,tess2020351194500-s0033-0000000149218036-0203-s_lc.fits
443216620,33,tess2020351194500-s0033-0000000443216620-0203-s_lc.fits
295738073,33,tess2020351194500-s0033-0000000295738073-0203-s_lc.fits
180976053,33,tess2020351194500-s0033-0000000180976053-0203-s_lc.fits
147909355,33,tess2020351194500-s0033-0000000147909355-0203-s_lc.fits
382200050,33,tess2020351194500-s0033-0000000382200050-0203-s_lc.fits
231732422,33,tess2020351194500-s0033-0000000231732422-0203-s_lc.fits
66913471,33,tess2020351194500-s0033-0000000066913471-0203-s_lc.fits
231455022,33,tess2020351194500-s0033-0000000231455022-0203-s_lc.fits
278992674,33,tess2020351194500-s0033-0000000278992674-0203-s_lc.fits
270623243,33,tess2020351194500-s0033-0000000270623243-0203-s_lc.fits
219155952,33,tess2020351194500-s0033-0000000219155952-0203-s_lc.fits
237978519,33,tess2020351194500-s0033-0000000237978519-0203-s_lc.fits
320539989,33,tess2020351194500-s0033-0000000320539989-0203-s_lc.fits
300705934,33,tess2020351194500-s0033-0000000300705934-0203-s_lc.fits
150151262,33,tess2020351194500-s0033-0000000150151262-0203-s_lc.fits
7419313,33,tess2020351194500-s0033-0000000007419313-0203-s_lc.fits
436332628,33,tess2020351194500-s0033-0000000436332628-0203-s_lc.fits
300940126,33,tess2020351194500-s0033-0000000300940126-0203-s_lc.fits
22732810,33,tess2020351194500-s0033-0000000022732810-0203-s_lc.fits
41173048,33,tess2020351194500-s0033-0000000041173048-0203-s_lc.fits
409012255,33,tess2020351194500-s0033-0000000409012255-0203-s_lc.fits
231934678,33,tess2020351194500-s0033-0000000231934678-0203-s_lc.fits
382157794,33,tess2020351194500-s0033-0000000382157794-0203-s_lc.fits
293346024,33,tess2020351194500-s0033-0000000293346024-0203-s_lc.fits
33165626,33,tess2020351194500-s0033-0000000033165626-0203-s_lc.fits
232195662,33,tess2020351194500-s0033-0000000232195662-0203-s_lc.fits
382067998,33,tess2020351194500-s0033-0000000382067998-0203-s_lc.fits
260502102,33,tess2020351194500-s0033-0000000260502102-0203-s_lc.fits
34530040,33,tess2020351194500-s0033-0000000034530040-0203-s_lc.fits
67264432,33,tess2020351194500-s0033-0000000067264432-0203-s_lc.fits
425277901,33,tess2020351194500-s0033-0000000425277901-0203-s_lc.fits
97348925,33,tess2020351194500-s0033-0000000097348925-0203-s_lc.fits
234180382,33,tess2020351194500-s0033-0000000234180382-0203-s_lc.fits
301491703,33,tess2020351194500-s0033-0000000301491703-0203-s_lc.fits
272129171,33,tess2020351194500-s0033-0000000272129171-0203-s_lc.fits
140285224,33,tess2020351194500-s0033-0000000140285224-0203-s_lc.fits
130375639,33,tess2020351194500-s0033-0000000130375639-0203-s_lc.fits
158959437,33,tess2020351194500-s0033-0000000158959437-0203-s_lc.fits
293935519,33,tess2020351194500-s0033-0000000293935519-0203-s_lc.fits
124104107,33,tess2020351194500-s0033-0000000124104107-0203-s_lc.fits
349269165,33,tess2020351194500-s0033-0000000349269165-0203-s_lc.fits
37355655,33,tess2020351194500-s0033-0000000037355655-0203-s_lc.fits
4975667,33,tess2020351194500-s0033-0000000004975667-0203-s_lc.fits
453103351,33,tess2020351194500-s0033-0000000453103351-0203-s_lc.fits
201390990,33,tess2020351194500-s0033-0000000201390990-0203-s_lc.fits
375088647,33,tess2020351194500-s0033-0000000375088647-0203-s_lc.fits
409007794,33,tess2020351194500-s0033-0000000409007794-0203-s_lc.fits
55451918,33,tess2020351194500-s0033-0000000055451918-0203-s_lc.fits
231733214,33,tess2020351194500-s0033-0000000231733214-0203-s_lc.fits
434385299,33,tess2020351194500-s0033-0000000434385299-0203-s_lc.fits
355361457,33,tess2020351194500-s0033-0000000355361457-0203-s_lc.fits
307372639,33,tess2020351194500-s0033-0000000307372639-0203-s_lc.fits
22734315,33,tess2020351194500-s0033-0000000022734315-0203-s_lc.fits
141765836,33,tess2020351194500-s0033-0000000141765836-0203-s_lc.fits
263332059,33,tess2020351194500-s0033-0000000263332059-0203-s_lc.fits
156834416,33,tess2020351194500-s0033-0000000156834416-0203-s_lc.fits
34442227,33,tess2020351194500-s0033-0000000034442227-0203-s_lc.fits
267334905,33,tess2020351194500-s0033-0000000267334905-0203-s_lc.fits
97796278,33,tess2020351194500-s0033-0000000097796278-0203-s_lc.fits
276860175,33,tess2020351194500-s0033-0000000276860175-0203-s_lc.fits
156921135,33,tess2020351194500-s0033-0000000156921135-0203-s_lc.fits
42078131,33,tess2020351194500-s0033-0000000042078131-0203-s_lc.fits
52109707,33,tess2020351194500-s0033-0000000052109707-0203-s_lc.fits
270712824,33,tess2020351194500-s0033-0000000270712824-0203-s_lc.fits
251160434,33,tess2020351194500-s0033-0000000251160434-0203-s_lc.fits
123628801,33,tess2020351194500-s0033-0000000123628801-0203-s_lc.fits
339962337,33,tess2020351194500-s0033-0000000339962337-0203-s_lc.fits
290714928,33,tess2020351194500-s0033-0000000290714928-0203-s_lc.fits
443539332,33,tess2020351194500-s0033-0000000443539332-0203-s_lc.fits
141828072,33,tess2020351194500-s0033-0000000141828072-0203-s_lc.fits
350480660,33,tess2020351194500-s0033-0000000350480660-0203-s_lc.fits
220428118,33,tess2020351194500-s0033-0000000220428118-0203-s_lc.fits
65656335,33,tess2020351194500-s0033-0000000065656335-0203-s_lc.fits
443460145,33,tess2020351194500-s0033-0000000443460145-0203-s_lc.fits
38024900,33,tess2020351194500-s0033-0000000038024900-0203-s_lc.fits
766204863,33,tess2020351194500-s0033-0000000766204863-0203-s_lc.fits
143218286,33,tess2020351194500-s0033-0000000143218286-0203-s_lc.fits
62970099,33,tess2020351194500-s0033-0000000062970099-0203-s_lc.fits
440856178,33,tess2020351194500-s0033-0000000440856178-0203-s_lc.fits
257720049,33,tess2020351194500-s0033-0000000257720049-0203-s_lc.fits
5188547,33,tess2020351194500-s0033-0000000005188547-0203-s_lc.fits
42755801,33,tess2020351194500-s0033-0000000042755801-0203-s_lc.fits
178638055,33,tess2020351194500-s0033-0000000178638055-0203-s_lc.fits
147857373,33,tess2020351194500-s0033-0000000147857373-0203-s_lc.fits
299943290,33,tess2020351194500-s0033-0000000299943290-0203-s_lc.fits
140970613,33,tess2020351194500-s0033-0000000140970613-0203-s_lc.fits
100760634,33,tess2020351194500-s0033-0000000100760634-0203-s_lc.fits
350953524,33,tess2020351194500-s0033-0000000350953524-0203-s_lc.fits
300204325,33,tess2020351194500-s0033-0000000300204325-0203-s_lc.fits
300710144,33,tess2020351194500-s0033-0000000300710144-0203-s_lc.fits
63294468,33,tess2020351194500-s0033-0000000063294468-0203-s_lc.fits
157626548,33,tess2020351194500-s0033-0000000157626548-0203-s_lc.fits
149631289,33,tess2020351194500-s0033-0000000149631289-0203-s_lc.fits
300651835,33,tess2020351194500-s0033-0000000300651835-0203-s_lc.fits
80567934,33,tess2020351194500-s0033-0000000080567934-0203-s_lc.fits
72311388,33,tess2020351194500-s0033-0000000072311388-0203-s_lc.fits
149477100,33,tess2020351194500-s0033-0000000149477100-0203-s_lc.fits
7465144,33,tess2020351194500-s0033-0000000007465144-0203-s_lc.fits
381974387,33,tess2020351194500-s0033-0000000381974387-0203-s_lc.fits
22729029,33,tess2020351194500-s0033-0000000022729029-0203-s_lc.fits
293223210,33,tess2020351194500-s0033-0000000293223210-0203-s_lc.fits
139537757,33,tess2020351194500-s0033-0000000139537757-0203-s_lc.fits
220479565,33,tess2020351194500-s0033-0000000220479565-0203-s_lc.fits
242198772,33,tess2020351194500-s0033-0000000242198772-0203-s_lc.fits
60115284,33,tess2020351194500-s0033-0000000060115284-0203-s_lc.fits
287867700,33,tess2020351194500-s0033-0000000287867700-0203-s_lc.fits
260353841,33,tess2020351194500-s0033-0000000260353841-0203-s_lc.fits
770871114,33,tess2020351194500-s0033-0000000770871114-0203-s_lc.fits
71509172,33,tess2020351194500-s0033-0000000071509172-0203-s_lc.fits
255614079,33,tess2020351194500-s0033-0000000255614079-0203-s_lc.fits
284503088,33,tess2020351194500-s0033-0000000284503088-0203-s_lc.fits
49249127,33,tess2020351194500-s0033-0000000049249127-0203-s_lc.fits
149988411,33,tess2020351194500-s0033-0000000149988411-0203-s_lc.fits
715319125,33,tess2020351194500-s0033-0000000715319125-0203-s_lc.fits
31742645,33,tess2020351194500-s0033-0000000031742645-0203-s_lc.fits
238029239,33,tess2020351194500-s0033-0000000238029239-0203-s_lc.fits
49706390,33,tess2020351194500-s0033-0000000049706390-0203-s_lc.fits
238086247,33,tess2020351194500-s0033-0000000238086247-0203-s_lc.fits
176872276,33,tess2020351194500-s0033-0000000176872276-0203-s_lc.fits
167010833,33,tess2020351194500-s0033-0000000167010833-0203-s_lc.fits
425164744,33,tess2020351194500-s0033-0000000425164744-0203-s_lc.fits
66648679,33,tess2020351194500-s0033-0000000066648679-0203-s_lc.fits
391814255,33,tess2020351194500-s0033-0000000391814255-0203-s_lc.fits
148039821,33,tess2020351194500-s0033-0000000148039821-0203-s_lc.fits
350141505,33,tess2020351194500-s0033-0000000350141505-0203-s_lc.fits
234889930,33,tess2020351194500-s0033-0000000234889930-0203-s_lc.fits
177179102,33,tess2020351194500-s0033-0000000177179102-0203-s_lc.fits
97272783,33,tess2020351194500-s0033-0000000097272783-0203-s_lc.fits
38516267,33,tess2020351194500-s0033-0000000038516267-0203-s_lc.fits
149450152,33,tess2020351194500-s0033-0000000149450152-0203-s_lc.fits
231733861,33,tess2020351194500-s0033-0000000231733861-0203-s_lc.fits
167247077,33,tess2020351194500-s0033-0000000167247077-0203-s_lc.fits
282893599,33,tess2020351194500-s0033-0000000282893599-0203-s_lc.fits
96983229,33,tess2020351194500-s0033-0000000096983229-0203-s_lc.fits
317331337,33,tess2020351194500-s0033-0000000317331337-0203-s_lc.fits
7465695,33,tess2020351194500-s0033-0000000007465695-0203-s_lc.fits
300703844,33,tess2020351194500-s0033-0000000300703844-0203-s_lc.fits
318661622,33,tess2020351194500-s0033-0000000318661622-0203-s_lc.fits
242133803,33,tess2020351194500-s0033-0000000242133803-0203-s_lc.fits
177171539,33,tess2020351194500-s0033-0000000177171539-0203-s_lc.fits
123581803,33,tess2020351194500-s0033-0000000123581803-0203-s_lc.fits
738204107,33,tess2020351194500-s0033-0000000738204107-0203-s_lc.fits
272089457,33,tess2020351194500-s0033-0000000272089457-0203-s_lc.fits
37917717,33,tess2020351194500-s0033-0000000037917717-0203-s_lc.fits
167570500,33,tess2020351194500-s0033-0000000167570500-0203-s_lc.fits
354553808,33,tess2020351194500-s0033-0000000354553808-0203-s_lc.fits
220314268,33,tess2020351194500-s0033-0000000220314268-0203-s_lc.fits
393414889,33,tess2020351194500-s0033-0000000393414889-0203-s_lc.fits
172229074,33,tess2020351194500-s0033-0000000172229074-0203-s_lc.fits
143141922,33,tess2020351194500-s0033-0000000143141922-0203-s_lc.fits
157626974,33,tess2020351194500-s0033-0000000157626974-0203-s_lc.fits
177724677,33,tess2020351194500-s0033-0000000177724677-0203-s_lc.fits
425168059,33,tess2020351194500-s0033-0000000425168059-0203-s_lc.fits
42566802,33,tess2020351194500-s0033-0000000042566802-0203-s_lc.fits
262449304,33,tess2020351194500-s0033-0000000262449304-0203-s_lc.fits
306739737,33,tess2020351194500-s0033-0000000306739737-0203-s_lc.fits
284341619,33,tess2020351194500-s0033-0000000284341619-0203-s_lc.fits
38876968,33,tess2020351194500-s0033-0000000038876968-0203-s_lc.fits
232230843,33,tess2020351194500-s0033-0000000232230843-0203-s_lc.fits
32603925,33,tess2020351194500-s0033-0000000032603925-0203-s_lc.fits
219176544,33,tess2020351194500-s0033-0000000219176544-0203-s_lc.fits
55556797,33,tess2020351194500-s0033-0000000055556797-0203-s_lc.fits
124228500,33,tess2020351194500-s0033-0000000124228500-0203-s_lc.fits
172737726,33,tess2020351194500-s0033-0000000172737726-0203-s_lc.fits
234625572,33,tess2020351194500-s0033-0000000234625572-0203-s_lc.fits
453854097,33,tess2020351194500-s0033-0000000453854097-0203-s_lc.fits
291332132,33,tess2020351194500-s0033-0000000291332132-0203-s_lc.fits
38024898,33,tess2020351194500-s0033-0000000038024898-0203-s_lc.fits
220436250,33,tess2020351194500-s0033-0000000220436250-0203-s_lc.fits
148126831,33,tess2020351194500-s0033-0000000148126831-0203-s_lc.fits
772103956,33,tess2020351194500-s0033-0000000772103956-0203-s_lc.fits
219211319,33,tess2020351194500-s0033-0000000219211319-0203-s_lc.fits
78897024,33,tess2020351194500-s0033-0000000078897024-0203-s_lc.fits
124712660,33,tess2020351194500-s0033-0000000124712660-0203-s_lc.fits
149971754,33,tess2020351194500-s0033-0000000149971754-0203-s_lc.fits
33864821,33,tess2020351194500-s0033-0000000033864821-0203-s_lc.fits
151282907,33,tess2020351194500-s0033-0000000151282907-0203-s_lc.fits
292455084,33,tess2020351194500-s0033-0000000292455084-0203-s_lc.fits
72169214,33,tess2020351194500-s0033-0000000072169214-0203-s_lc.fits
147854706,33,tess2020351194500-s0033-0000000147854706-0203-s_lc.fits
734603429,33,tess2020351194500-s0033-0000000734603429-0203-s_lc.fits
318012442,33,tess2020351194500-s0033-0000000318012442-0203-s_lc.fits
300601639,33,tess2020351194500-s0033-0000000300601639-0203-s_lc.fits
147699809,33,tess2020351194500-s0033-0000000147699809-0203-s_lc.fits
320818180,33,tess2020351194500-s0033-0000000320818180-0203-s_lc.fits
358156337,33,tess2020351194500-s0033-0000000358156337-0203-s_lc.fits
370114320,33,tess2020351194500-s0033-0000000370114320-0203-s_lc.fits
96738134,33,tess2020351194500-s0033-0000000096738134-0203-s_lc.fits
7417954,33,tess2020351194500-s0033-0000000007417954-0203-s_lc.fits
172193026,33,tess2020351194500-s0033-0000000172193026-0203-s_lc.fits
391946349,33,tess2020351194500-s0033-0000000391946349-0203-s_lc.fits
306538495,33,tess2020351194500-s0033-0000000306538495-0203-s_lc.fits
291084984,33,tess2020351194500-s0033-0000000291084984-0203-s_lc.fits
158089054,33,tess2020351194500-s0033-0000000158089054-0203-s_lc.fits
33551924,33,tess2020351194500-s0033-0000000033551924-0203-s_lc.fits
55399441,33,tess2020351194500-s0033-0000000055399441-0203-s_lc.fits
438069802,33,tess2020351194500-s0033-0000000438069802-0203-s_lc.fits
123763773,33,tess2020351194500-s0033-0000000123763773-0203-s_lc.fits
31852980,33,tess2020351194500-s0033-0000000031852980-0203-s_lc.fits
31506424,33,tess2020351194500-s0033-0000000031506424-0203-s_lc.fits
301601096,33,tess2020351194500-s0033-0000000301601096-0203-s_lc.fits
388179700,33,tess2020351194500-s0033-0000000388179700-0203-s_lc.fits
370228027,33,tess2020351194500-s0033-0000000370228027-0203-s_lc.fits
51897728,33,tess2020351194500-s0033-0000000051897728-0203-s_lc.fits
167115085,33,tess2020351194500-s0033-0000000167115085-0203-s_lc.fits
684761824,33,tess2020351194500-s0033-0000000684761824-0203-s_lc.fits
149930150,33,tess2020351194500-s0033-0000000149930150-0203-s_lc.fits
235406676,33,tess2020351194500-s0033-0000000235406676-0203-s_lc.fits
149156042,33,tess2020351194500-s0033-0000000149156042-0203-s_lc.fits
229283716,33,tess2020351194500-s0033-0000000229283716-0203-s_lc.fits
278408619,33,tess2020351194500-s0033-0000000278408619-0203-s_lc.fits
38909361,33,tess2020351194500-s0033-0000000038909361-0203-s_lc.fits
24401180,33,tess2020351194500-s0033-0000000024401180-0203-s_lc.fits
38907328,33,tess2020351194500-s0033-0000000038907328-0203-s_lc.fits
282020953,33,tess2020351194500-s0033-0000000282020953-0203-s_lc.fits
281853942,33,tess2020351194500-s0033-0000000281853942-0203-s_lc.fits
250544463,33,tess2020351194500-s0033-0000000250544463-0203-s_lc.fits
287770633,33,tess2020351194500-s0033-0000000287770633-0203-s_lc.fits
220415049,33,tess2020351194500-s0033-0000000220415049-0203-s_lc.fits
708462439,33,tess2020351194500-s0033-0000000708462439-0203-s_lc.fits
134497068,33,tess2020351194500-s0033-0000000134497068-0203-s_lc.fits
440799167,33,tess2020351194500-s0033-0000000440799167-0203-s_lc.fits
93053852,33,tess2020351194500-s0033-0000000093053852-0203-s_lc.fits
231922739,33,tess2020351194500-s0033-0000000231922739-0203-s_lc.fits
140284840,33,tess2020351194500-s0033-0000000140284840-0203-s_lc.fits
150322652,33,tess2020351194500-s0033-0000000150322652-0203-s_lc.fits
278729622,33,tess2020351194500-s0033-0000000278729622-0203-s_lc.fits
279572671,33,tess2020351194500-s0033-0000000279572671-0203-s_lc.fits
66775481,33,tess2020351194500-s0033-0000000066775481-0203-s_lc.fits
177038886,33,tess2020351194500-s0033-0000000177038886-0203-s_lc.fits
287400661,33,tess2020351194500-s0033-0000000287400661-0203-s_lc.fits
124380171,33,tess2020351194500-s0033-0000000124380171-0203-s_lc.fits
340138385,33,tess2020351194500-s0033-0000000340138385-0203-s_lc.fits
350622565,33,tess2020351194500-s0033-0000000350622565-0203-s_lc.fits
32526890,33,tess2020351194500-s0033-0000000032526890-0203-s_lc.fits
391746328,33,tess2020351194500-s0033-0000000391746328-0203-s_lc.fits
176986832,33,tess2020351194500-s0033-0000000176986832-0203-s_lc.fits
63298444,33,tess2020351194500-s0033-0000000063298444-0203-s_lc.fits
42819785,33,tess2020351194500-s0033-0000000042819785-0203-s_lc.fits
291466214,33,tess2020351194500-s0033-0000000291466214-0203-s_lc.fits
119289797,33,tess2020351194500-s0033-0000000119289797-0203-s_lc.fits
269087549,33,tess2020351194500-s0033-0000000269087549-0203-s_lc.fits
124922778,33,tess2020351194500-s0033-0000000124922778-0203-s_lc.fits
130513233,33,tess2020351194500-s0033-0000000130513233-0203-s_lc.fits
179116917,33,tess2020351194500-s0033-0000000179116917-0203-s_lc.fits
24450859,33,tess2020351194500-s0033-0000000024450859-0203-s_lc.fits
79682519,33,tess2020351194500-s0033-0000000079682519-0203-s_lc.fits
165186105,33,tess2020351194500-s0033-0000000165186105-0203-s_lc.fits
97056327,33,tess2020351194500-s0033-0000000097056327-0203-s_lc.fits
147906396,33,tess2020351194500-s0033-0000000147906396-0203-s_lc.fits
177257949,33,tess2020351194500-s0033-0000000177257949-0203-s_lc.fits
380038290,33,tess2020351194500-s0033-0000000380038290-0203-s_lc.fits
24624121,33,tess2020351194500-s0033-0000000024624121-0203-s_lc.fits
349152048,33,tess2020351194500-s0033-0000000349152048-0203-s_lc.fits
219400409,33,tess2020351194500-s0033-0000000219400409-0203-s_lc.fits
144499182,33,tess2020351194500-s0033-0000000144499182-0203-s_lc.fits
124778177,33,tess2020351194500-s0033-0000000124778177-0203-s_lc.fits
41172972,33,tess2020351194500-s0033-0000000041172972-0203-s_lc.fits
25116373,33,tess2020351194500-s0033-0000000025116373-0203-s_lc.fits
52687259,33,tess2020351194500-s0033-0000000052687259-0203-s_lc.fits
306470106,33,tess2020351194500-s0033-0000000306470106-0203-s_lc.fits
234940928,33,tess2020351194500-s0033-0000000234940928-0203-s_lc.fits
231822485,33,tess2020351194500-s0033-0000000231822485-0203-s_lc.fits
167759648,33,tess2020351194500-s0033-0000000167759648-0203-s_lc.fits
220598597,33,tess2020351194500-s0033-0000000220598597-0203-s_lc.fits
150322196,33,tess2020351194500-s0033-0000000150322196-0203-s_lc.fits
381974367,33,tess2020351194500-s0033-0000000381974367-0203-s_lc.fits
282200781,33,tess2020351194500-s0033-0000000282200781-0203-s_lc.fits
38875458,33,tess2020351194500-s0033-0000000038875458-0203-s_lc.fits
300015056,33,tess2020351194500-s0033-0000000300015056-0203-s_lc.fits
165189818,33,tess2020351194500-s0033-0000000165189818-0203-s_lc.fits
124779836,33,tess2020351194500-s0033-0000000124779836-0203-s_lc.fits
300085109,33,tess2020351194500-s0033-0000000300085109-0203-s_lc.fits
66533291,33,tess2020351194500-s0033-0000000066533291-0203-s_lc.fits
293228326,33,tess2020351194500-s0033-0000000293228326-0203-s_lc.fits
55781680,33,tess2020351194500-s0033-0000000055781680-0203-s_lc.fits
100612261,33,tess2020351194500-s0033-0000000100612261-0203-s_lc.fits
220039423,33,tess2020351194500-s0033-0000000220039423-0203-s_lc.fits
262577838,33,tess2020351194500-s0033-0000000262577838-0203-s_lc.fits
431481702,33,tess2020351194500-s0033-0000000431481702-0203-s_lc.fits
282394830,33,tess2020351194500-s0033-0000000282394830-0203-s_lc.fits
468948673,33,tess2020351194500-s0033-0000000468948673-0203-s_lc.fits
25132754,33,tess2020351194500-s0033-0000000025132754-0203-s_lc.fits
180967654,33,tess2020351194500-s0033-0000000180967654-0203-s_lc.fits
339632743,33,tess2020351194500-s0033-0000000339632743-0203-s_lc.fits
93445892,33,tess2020351194500-s0033-0000000093445892-0203-s_lc.fits
91923519,33,tess2020351194500-s0033-0000000091923519-0203-s_lc.fits
37442967,33,tess2020351194500-s0033-0000000037442967-0203-s_lc.fits
272358717,33,tess2020351194500-s0033-0000000272358717-0203-s_lc.fits
37874902,33,tess2020351194500-s0033-0000000037874902-0203-s_lc.fits
21648744,33,tess2020351194500-s0033-0000000021648744-0203-s_lc.fits
220479184,33,tess2020351194500-s0033-0000000220479184-0203-s_lc.fits
299655932,33,tess2020351194500-s0033-0000000299655932-0203-s_lc.fits
287640017,33,tess2020351194500-s0033-0000000287640017-0203-s_lc.fits
179639907,33,tess2020351194500-s0033-0000000179639907-0203-s_lc.fits
284495774,33,tess2020351194500-s0033-0000000284495774-0203-s_lc.fits
339728935,33,tess2020351194500-s0033-0000000339728935-0203-s_lc.fits
32704517,33,tess2020351194500-s0033-0000000032704517-0203-s_lc.fits
141479174,33,tess2020351194500-s0033-0000000141479174-0203-s_lc.fits
12086462,33,tess2020351194500-s0033-0000000012086462-0203-s_lc.fits
382199661,33,tess2020351194500-s0033-0000000382199661-0203-s_lc.fits
354518716,33,tess2020351194500-s0033-0000000354518716-0203-s_lc.fits
33835925,33,tess2020351194500-s0033-0000000033835925-0203-s_lc.fits
306931200,33,tess2020351194500-s0033-0000000306931200-0203-s_lc.fits
20145422,33,tess2020351194500-s0033-0000000020145422-0203-s_lc.fits
4618473,33,tess2020351194500-s0033-0000000004618473-0203-s_lc.fits
322647942,33,tess2020351194500-s0033-0000000322647942-0203-s_lc.fits
263477516,33,tess2020351194500-s0033-0000000263477516-0203-s_lc.fits
443126408,33,tess2020351194500-s0033-0000000443126408-0203-s_lc.fits
167550778,33,tess2020351194500-s0033-0000000167550778-0203-s_lc.fits
173077965,33,tess2020351194500-s0033-0000000173077965-0203-s_lc.fits
350858636,33,tess2020351194500-s0033-0000000350858636-0203-s_lc.fits
167604719,33,tess2020351194500-s0033-0000000167604719-0203-s_lc.fits
47497070,33,tess2020351194500-s0033-0000000047497070-0203-s_lc.fits
220613610,33,tess2020351194500-s0033-0000000220613610-0203-s_lc.fits
32816967,33,tess2020351194500-s0033-0000000032816967-0203-s_lc.fits
234568639,33,tess2020351194500-s0033-0000000234568639-0203-s_lc.fits
34853521,33,tess2020351194500-s0033-0000000034853521-0203-s_lc.fits
207301312,33,tess2020351194500-s0033-0000000207301312-0203-s_lc.fits
404768604,33,tess2020351194500-s0033-0000000404768604-0203-s_lc.fits
349308244,33,tess2020351194500-s0033-0000000349308244-0203-s_lc.fits
25787924,33,tess2020351194500-s0033-0000000025787924-0203-s_lc.fits
97649107,33,tess2020351194500-s0033-0000000097649107-0203-s_lc.fits
272361244,33,tess2020351194500-s0033-0000000272361244-0203-s_lc.fits
237659967,33,tess2020351194500-s0033-0000000237659967-0203-s_lc.fits
167203674,33,tess2020351194500-s0033-0000000167203674-0203-s_lc.fits
50984707,33,tess2020351194500-s0033-0000000050984707-0203-s_lc.fits
176670272,33,tess2020351194500-s0033-0000000176670272-0203-s_lc.fits
284020307,33,tess2020351194500-s0033-0000000284020307-0203-s_lc.fits
387235455,33,tess2020351194500-s0033-0000000387235455-0203-s_lc.fits
260163567,33,tess2020351194500-s0033-0000000260163567-0203-s_lc.fits
382147162,33,tess2020351194500-s0033-0000000382147162-0203-s_lc.fits
37354651,33,tess2020351194500-s0033-0000000037354651-0203-s_lc.fits
179114436,33,tess2020351194500-s0033-0000000179114436-0203-s_lc.fits
11896004,33,tess2020351194500-s0033-0000000011896004-0203-s_lc.fits
231199877,33,tess2020351194500-s0033-0000000231199877-0203-s_lc.fits
278778515,33,tess2020351194500-s0033-0000000278778515-0203-s_lc.fits
389366376,33,tess2020351194500-s0033-0000000389366376-0203-s_lc.fits
241991803,33,tess2020351194500-s0033-0000000241991803-0203-s_lc.fits
100659539,33,tess2020351194500-s0033-0000000100659539-0203-s_lc.fits
153350828,33,tess2020351194500-s0033-0000000153350828-0203-s_lc.fits
232038798,33,tess2020351194500-s0033-0000000232038798-0203-s_lc.fits
279318109,33,tess2020351194500-s0033-0000000279318109-0203-s_lc.fits
255586872,33,tess2020351194500-s0033-0000000255586872-0203-s_lc.fits
262753293,33,tess2020351194500-s0033-0000000262753293-0203-s_lc.fits
300035820,33,tess2020351194500-s0033-0000000300035820-0203-s_lc.fits
279249351,33,tess2020351194500-s0033-0000000279249351-0203-s_lc.fits
29760441,33,tess2020351194500-s0033-0000000029760441-0203-s_lc.fits
267195503,33,tess2020351194500-s0033-0000000267195503-0203-s_lc.fits
294114621,33,tess2020351194500-s0033-0000000294114621-0203-s_lc.fits
281630320,33,tess2020351194500-s0033-0000000281630320-0203-s_lc.fits
220618114,33,tess2020351194500-s0033-0000000220618114-0203-s_lc.fits
170272473,33,tess2020351194500-s0033-0000000170272473-0203-s_lc.fits
172468772,33,tess2020351194500-s0033-0000000172468772-0203-s_lc.fits
151111238,33,tess2020351194500-s0033-0000000151111238-0203-s_lc.fits
167027326,33,tess2020351194500-s0033-0000000167027326-0203-s_lc.fits
306815099,33,tess2020351194500-s0033-0000000306815099-0203-s_lc.fits
382158584,33,tess2020351194500-s0033-0000000382158584-0203-s_lc.fits
373606593,33,tess2020351194500-s0033-0000000373606593-0203-s_lc.fits
168344647,33,tess2020351194500-s0033-0000000168344647-0203-s_lc.fits
34135699,33,tess2020351194500-s0033-0000000034135699-0203-s_lc.fits
235212082,33,tess2020351194500-s0033-0000000235212082-0203-s_lc.fits
508295746,33,tess2020351194500-s0033-0000000508295746-0203-s_lc.fits
349374407,33,tess2020351194500-s0033-0000000349374407-0203-s_lc.fits
38469694,33,tess2020351194500-s0033-0000000038469694-0203-s_lc.fits
167120830,33,tess2020351194500-s0033-0000000167120830-0203-s_lc.fits
23164311,33,tess2020351194500-s0033-0000000023164311-0203-s_lc.fits
234605791,33,tess2020351194500-s0033-0000000234605791-0203-s_lc.fits
650356367,33,tess2020351194500-s0033-0000000650356367-0203-s_lc.fits
32795036,33,tess2020351194500-s0033-0000000032795036-0203-s_lc.fits
167812509,33,tess2020351194500-s0033-0000000167812509-0203-s_lc.fits
78486068,33,tess2020351194500-s0033-0000000078486068-0203-s_lc.fits
53059882,33,tess2020351194500-s0033-0000000053059882-0203-s_lc.fits
52169991,33,tess2020351194500-s0033-0000000052169991-0203-s_lc.fits
10827259,33,tess2020351194500-s0033-0000000010827259-0203-s_lc.fits
49249715,33,tess2020351194500-s0033-0000000049249715-0203-s_lc.fits
124033256,33,tess2020351194500-s0033-0000000124033256-0203-s_lc.fits
300088037,33,tess2020351194500-s0033-0000000300088037-0203-s_lc.fits
35948437,33,tess2020351194500-s0033-0000000035948437-0203-s_lc.fits
232458362,33,tess2020351194500-s0033-0000000232458362-0203-s_lc.fits
99934744,33,tess2020351194500-s0033-0000000099934744-0203-s_lc.fits
260476779,33,tess2020351194500-s0033-0000000260476779-0203-s_lc.fits
71578275,33,tess2020351194500-s0033-0000000071578275-0203-s_lc.fits
457092262,33,tess2020351194500-s0033-0000000457092262-0203-s_lc.fits
294784522,33,tess2020351194500-s0033-0000000294784522-0203-s_lc.fits
88918975,33,tess2020351194500-s0033-0000000088918975-0203-s_lc.fits
148038096,33,tess2020351194500-s0033-0000000148038096-0203-s_lc.fits
231236273,33,tess2020351194500-s0033-0000000231236273-0203-s_lc.fits
468958065,33,tess2020351194500-s0033-0000000468958065-0203-s_lc.fits
150392753,33,tess2020351194500-s0033-0000000150392753-0203-s_lc.fits
364323133,33,tess2020351194500-s0033-0000000364323133-0203-s_lc.fits
149107360,33,tess2020351194500-s0033-0000000149107360-0203-s_lc.fits
64298181,33,tess2020351194500-s0033-0000000064298181-0203-s_lc.fits
201466253,33,tess2020351194500-s0033-0000000201466253-0203-s_lc.fits
287909003,33,tess2020351194500-s0033-0000000287909003-0203-s_lc.fits
229239331,33,tess2020351194500-s0033-0000000229239331-0203-s_lc.fits
349269343,33,tess2020351194500-s0033-0000000349269343-0203-s_lc.fits
176873364,33,tess2020351194500-s0033-0000000176873364-0203-s_lc.fits
158735231,33,tess2020351194500-s0033-0000000158735231-0203-s_lc.fits
278180565,33,tess2020351194500-s0033-0000000278180565-0203-s_lc.fits
66513743,33,tess2020351194500-s0033-0000000066513743-0203-s_lc.fits
279570033,33,tess2020351194500-s0033-0000000279570033-0203-s_lc.fits
32034630,33,tess2020351194500-s0033-0000000032034630-0203-s_lc.fits
364267225,33,tess2020351194500-s0033-0000000364267225-0203-s_lc.fits
141124144,33,tess2020351194500-s0033-0000000141124144-0203-s_lc.fits
231817244,33,tess2020351194500-s0033-0000000231817244-0203-s_lc.fits
33798561,33,tess2020351194500-s0033-0000000033798561-0203-s_lc.fits
349523641,33,tess2020351194500-s0033-0000000349523641-0203-s_lc.fits
207049818,33,tess2020351194500-s0033-0000000207049818-0203-s_lc.fits
158760943,33,tess2020351194500-s0033-0000000158760943-0203-s_lc.fits
440801931,33,tess2020351194500-s0033-0000000440801931-0203-s_lc.fits
317416913,33,tess2020351194500-s0033-0000000317416913-0203-s_lc.fits
393452724,33,tess2020351194500-s0033-0000000393452724-0203-s_lc.fits
124494439,33,tess2020351194500-s0033-0000000124494439-0203-s_lc.fits
53988540,33,tess2020351194500-s0033-0000000053988540-0203-s_lc.fits
219207589,33,tess2020351194500-s0033-0000000219207589-0203-s_lc.fits
265897368,33,tess2020351194500-s0033-0000000265897368-0203-s_lc.fits
219180512,33,tess2020351194500-s0033-0000000219180512-0203-s_lc.fits
47911178,33,tess2020351194500-s0033-0000000047911178-0203-s_lc.fits
61494769,33,tess2020351194500-s0033-0000000061494769-0203-s_lc.fits
52044764,33,tess2020351194500-s0033-0000000052044764-0203-s_lc.fits
140661595,33,tess2020351194500-s0033-0000000140661595-0203-s_lc.fits
30270183,33,tess2020351194500-s0033-0000000030270183-0203-s_lc.fits
24523887,33,tess2020351194500-s0033-0000000024523887-0203-s_lc.fits
272429505,33,tess2020351194500-s0033-0000000272429505-0203-s_lc.fits
220410559,33,tess2020351194500-s0033-0000000220410559-0203-s_lc.fits
150441015,33,tess2020351194500-s0033-0000000150441015-0203-s_lc.fits
177019400,33,tess2020351194500-s0033-0000000177019400-0203-s_lc.fits
287952970,33,tess2020351194500-s0033-0000000287952970-0203-s_lc.fits
143168322,33,tess2020351194500-s0033-0000000143168322-0203-s_lc.fits
201388375,33,tess2020351194500-s0033-0000000201388375-0203-s_lc.fits
155306297,33,tess2020351194500-s0033-0000000155306297-0203-s_lc.fits
290054317,33,tess2020351194500-s0033-0000000290054317-0203-s_lc.fits
393294968,33,tess2020351194500-s0033-0000000393294968-0203-s_lc.fits
404851658,33,tess2020351194500-s0033-0000000404851658-0203-s_lc.fits
37606355,33,tess2020351194500-s0033-0000000037606355-0203-s_lc.fits
272356014,33,tess2020351194500-s0033-0000000272356014-0203-s_lc.fits
306739511,33,tess2020351194500-s0033-0000000306739511-0203-s_lc.fits
60293145,33,tess2020351194500-s0033-0000000060293145-0203-s_lc.fits
306944359,33,tess2020351194500-s0033-0000000306944359-0203-s_lc.fits
238197270,33,tess2020351194500-s0033-0000000238197270-0203-s_lc.fits
48754970,33,tess2020351194500-s0033-0000000048754970-0203-s_lc.fits
141547396,33,tess2020351194500-s0033-0000000141547396-0203-s_lc.fits
79437840,33,tess2020351194500-s0033-0000000079437840-0203-s_lc.fits
389875079,33,tess2020351194500-s0033-0000000389875079-0203-s_lc.fits
49701369,33,tess2020351194500-s0033-0000000049701369-0203-s_lc.fits
55741018,33,tess2020351194500-s0033-0000000055741018-0203-s_lc.fits
348900215,33,tess2020351194500-s0033-0000000348900215-0203-s_lc.fits
443029383,33,tess2020351194500-s0033-0000000443029383-0203-s_lc.fits
438107651,33,tess2020351194500-s0033-0000000438107651-0203-s_lc.fits
66565530,33,tess2020351194500-s0033-0000000066565530-0203-s_lc.fits
39351230,33,tess2020351194500-s0033-0000000039351230-0203-s_lc.fits
219419510,33,tess2020351194500-s0033-0000000219419510-0203-s_lc.fits
140500856,33,tess2020351194500-s0033-0000000140500856-0203-s_lc.fits
201391127,33,tess2020351194500-s0033-0000000201391127-0203-s_lc.fits
293005333,33,tess2020351194500-s0033-0000000293005333-0203-s_lc.fits
260655847,33,tess2020351194500-s0033-0000000260655847-0203-s_lc.fits
231089952,33,tess2020351194500-s0033-0000000231089952-0203-s_lc.fits
150319693,33,tess2020351194500-s0033-0000000150319693-0203-s_lc.fits
382627751,33,tess2020351194500-s0033-0000000382627751-0203-s_lc.fits
53743894,33,tess2020351194500-s0033-0000000053743894-0203-s_lc.fits
149120726,33,tess2020351194500-s0033-0000000149120726-0203-s_lc.fits
235162549,33,tess2020351194500-s0033-0000000235162549-0203-s_lc.fits
237737955,33,tess2020351194500-s0033-0000000237737955-0203-s_lc.fits
140892453,33,tess2020351194500-s0033-0000000140892453-0203-s_lc.fits
81483251,33,tess2020351194500-s0033-0000000081483251-0203-s_lc.fits
382202268,33,tess2020351194500-s0033-0000000382202268-0203-s_lc.fits
32875139,33,tess2020351194500-s0033-0000000032875139-0203-s_lc.fits
64211715,33,tess2020351194500-s0033-0000000064211715-0203-s_lc.fits
93211873,33,tess2020351194500-s0033-0000000093211873-0203-s_lc.fits
233975312,33,tess2020351194500-s0033-0000000233975312-0203-s_lc.fits
147946081,33,tess2020351194500-s0033-0000000147946081-0203-s_lc.fits
192830954,33,tess2020351194500-s0033-0000000192830954-0203-s_lc.fits
147803373,33,tess2020351194500-s0033-0000000147803373-0203-s_lc.fits
271889401,33,tess2020351194500-s0033-0000000271889401-0203-s_lc.fits
201513810,33,tess2020351194500-s0033-0000000201513810-0203-s_lc.fits
158106825,33,tess2020351194500-s0033-0000000158106825-0203-s_lc.fits
294873623,33,tess2020351194500-s0033-0000000294873623-0203-s_lc.fits
64961727,33,tess2020351194500-s0033-0000000064961727-0203-s_lc.fits
355410949,33,tess2020351194500-s0033-0000000355410949-0203-s_lc.fits
157246219,33,tess2020351194500-s0033-0000000157246219-0203-s_lc.fits
306897822,33,tess2020351194500-s0033-0000000306897822-0203-s_lc.fits
177015554,33,tess2020351194500-s0033-0000000177015554-0203-s_lc.fits
255686390,33,tess2020351194500-s0033-0000000255686390-0203-s_lc.fits
177792984,33,tess2020351194500-s0033-0000000177792984-0203-s_lc.fits
219362327,33,tess2020351194500-s0033-0000000219362327-0203-s_lc.fits
308062287,33,tess2020351194500-s0033-0000000308062287-0203-s_lc.fits
20298259,33,tess2020351194500-s0033-0000000020298259-0203-s_lc.fits
734732543,33,tess2020351194500-s0033-0000000734732543-0203-s_lc.fits
219376298,33,tess2020351194500-s0033-0000000219376298-0203-s_lc.fits
32088907,33,tess2020351194500-s0033-0000000032088907-0203-s_lc.fits
192832113,33,tess2020351194500-s0033-0000000192832113-0203-s_lc.fits
111316949,33,tess2020351194500-s0033-0000000111316949-0203-s_lc.fits
318278352,33,tess2020351194500-s0033-0000000318278352-0203-s_lc.fits
373844388,33,tess2020351194500-s0033-0000000373844388-0203-s_lc.fits
278865342,33,tess2020351194500-s0033-0000000278865342-0203-s_lc.fits
231733554,33,tess2020351194500-s0033-0000000231733554-0203-s_lc.fits
60170707,33,tess2020351194500-s0033-0000000060170707-0203-s_lc.fits
140659978,33,tess2020351194500-s0033-0000000140659978-0203-s_lc.fits
24623616,33,tess2020351194500-s0033-0000000024623616-0203-s_lc.fits
26403052,33,tess2020351194500-s0033-0000000026403052-0203-s_lc.fits
150428135,33,tess2020351194500-s0033-0000000150428135-0203-s_lc.fits
255629558,33,tess2020351194500-s0033-0000000255629558-0203-s_lc.fits
235289324,33,tess2020351194500-s0033-0000000235289324-0203-s_lc.fits
369676628,33,tess2020351194500-s0033-0000000369676628-0203-s_lc.fits
150355888,33,tess2020351194500-s0033-0000000150355888-0203-s_lc.fits
234256981,33,tess2020351194500-s0033-0000000234256981-0203-s_lc.fits
443285315,33,tess2020351194500-s0033-0000000443285315-0203-s_lc.fits
262206771,33,tess2020351194500-s0033-0000000262206771-0203-s_lc.fits
143104865,33,tess2020351194500-s0033-0000000143104865-0203-s_lc.fits
296190151,33,tess2020351194500-s0033-0000000296190151-0203-s_lc.fits
51932980,33,tess2020351194500-s0033-0000000051932980-0203-s_lc.fits
124226785,33,tess2020351194500-s0033-0000000124226785-0203-s_lc.fits
707973185,33,tess2020351194500-s0033-0000000707973185-0203-s_lc.fits
40336359,33,tess2020351194500-s0033-0000000040336359-0203-s_lc.fits
685234837,33,tess2020351194500-s0033-0000000685234837-0203-s_lc.fits
141093693,33,tess2020351194500-s0033-0000000141093693-0203-s_lc.fits
123572484,33,tess2020351194500-s0033-0000000123572484-0203-s_lc.fits
167121003,33,tess2020351194500-s0033-0000000167121003-0203-s_lc.fits
150357424,33,tess2020351194500-s0033-0000000150357424-0203-s_lc.fits
48949377,33,tess2020351194500-s0033-0000000048949377-0203-s_lc.fits
55525572,33,tess2020351194500-s0033-0000000055525572-0203-s_lc.fits
157460595,33,tess2020351194500-s0033-0000000157460595-0203-s_lc.fits
434298965,33,tess2020351194500-s0033-0000000434298965-0203-s_lc.fits
34075822,33,tess2020351194500-s0033-0000000034075822-0203-s_lc.fits
38461594,33,tess2020351194500-s0033-0000000038461594-0203-s_lc.fits
306738356,33,tess2020351194500-s0033-0000000306738356-0203-s_lc.fits
177163070,33,tess2020351194500-s0033-0000000177163070-0203-s_lc.fits
124228185,33,tess2020351194500-s0033-0000000124228185-0203-s_lc.fits
72310664,33,tess2020351194500-s0033-0000000072310664-0203-s_lc.fits
278779927,33,tess2020351194500-s0033-0000000278779927-0203-s_lc.fits
167746181,33,tess2020351194500-s0033-0000000167746181-0203-s_lc.fits
346430425,33,tess2020351194500-s0033-0000000346430425-0203-s_lc.fits
278866956,33,tess2020351194500-s0033-0000000278866956-0203-s_lc.fits
293937351,33,tess2020351194500-s0033-0000000293937351-0203-s_lc.fits
149538480,33,tess2020351194500-s0033-0000000149538480-0203-s_lc.fits
281979481,33,tess2020351194500-s0033-0000000281979481-0203-s_lc.fits
24949475,33,tess2020351194500-s0033-0000000024949475-0203-s_lc.fits
167042097,33,tess2020351194500-s0033-0000000167042097-0203-s_lc.fits
158089679,33,tess2020351194500-s0033-0000000158089679-0203-s_lc.fits
350140570,33,tess2020351194500-s0033-0000000350140570-0203-s_lc.fits
63107044,33,tess2020351194500-s0033-0000000063107044-0203-s_lc.fits
124229161,33,tess2020351194500-s0033-0000000124229161-0203-s_lc.fits
32760920,33,tess2020351194500-s0033-0000000032760920-0203-s_lc.fits
55558113,33,tess2020351194500-s0033-0000000055558113-0203-s_lc.fits
445991134,33,tess2020351194500-s0033-0000000445991134-0203-s_lc.fits
737929933,33,tess2020351194500-s0033-0000000737929933-0203-s_lc.fits
179201107,33,tess2020351194500-s0033-0000000179201107-0203-s_lc.fits
241986937,33,tess2020351194500-s0033-0000000241986937-0203-s_lc.fits
12036589,33,tess2020351194500-s0033-0000000012036589-0203-s_lc.fits
25077712,33,tess2020351194500-s0033-0000000025077712-0203-s_lc.fits
260609974,33,tess2020351194500-s0033-0000000260609974-0203-s_lc.fits
279957111,33,tess2020351194500-s0033-0000000279957111-0203-s_lc.fits
156920968,33,tess2020351194500-s0033-0000000156920968-0203-s_lc.fits
153215544,33,tess2020351194500-s0033-0000000153215544-0203-s_lc.fits
79952072,33,tess2020351194500-s0033-0000000079952072-0203-s_lc.fits
382157212,33,tess2020351194500-s0033-0000000382157212-0203-s_lc.fits
279429722,33,tess2020351194500-s0033-0000000279429722-0203-s_lc.fits
32152015,33,tess2020351194500-s0033-0000000032152015-0203-s_lc.fits
140215267,33,tess2020351194500-s0033-0000000140215267-0203-s_lc.fits
350433143,33,tess2020351194500-s0033-0000000350433143-0203-s_lc.fits
404966400,33,tess2020351194500-s0033-0000000404966400-0203-s_lc.fits
443024109,33,tess2020351194500-s0033-0000000443024109-0203-s_lc.fits
124508764,33,tess2020351194500-s0033-0000000124508764-0203-s_lc.fits
149450612,33,tess2020351194500-s0033-0000000149450612-0203-s_lc.fits
237830118,33,tess2020351194500-s0033-0000000237830118-0203-s_lc.fits
80574761,33,tess2020351194500-s0033-0000000080574761-0203-s_lc.fits
33991368,33,tess2020351194500-s0033-0000000033991368-0203-s_lc.fits
59537338,33,tess2020351194500-s0033-0000000059537338-0203-s_lc.fits
300147792,33,tess2020351194500-s0033-0000000300147792-0203-s_lc.fits
306739463,33,tess2020351194500-s0033-0000000306739463-0203-s_lc.fits
153212616,33,tess2020351194500-s0033-0000000153212616-0203-s_lc.fits
167813113,33,tess2020351194500-s0033-0000000167813113-0203-s_lc.fits
80132958,33,tess2020351194500-s0033-0000000080132958-0203-s_lc.fits
705322319,33,tess2020351194500-s0033-0000000705322319-0203-s_lc.fits
765351071,33,tess2020351194500-s0033-0000000765351071-0203-s_lc.fits
255559492,33,tess2020351194500-s0033-0000000255559492-0203-s_lc.fits
235401141,33,tess2020351194500-s0033-0000000235401141-0203-s_lc.fits
147941164,33,tess2020351194500-s0033-0000000147941164-0203-s_lc.fits
124689860,33,tess2020351194500-s0033-0000000124689860-0203-s_lc.fits
177988974,33,tess2020351194500-s0033-0000000177988974-0203-s_lc.fits
50992589,33,tess2020351194500-s0033-0000000050992589-0203-s_lc.fits
291303146,33,tess2020351194500-s0033-0000000291303146-0203-s_lc.fits
23302372,33,tess2020351194500-s0033-0000000023302372-0203-s_lc.fits
35161763,33,tess2020351194500-s0033-0000000035161763-0203-s_lc.fits
219143616,33,tess2020351194500-s0033-0000000219143616-0203-s_lc.fits
284543451,33,tess2020351194500-s0033-0000000284543451-0203-s_lc.fits
60017371,33,tess2020351194500-s0033-0000000060017371-0203-s_lc.fits
272128758,33,tess2020351194500-s0033-0000000272128758-0203-s_lc.fits
453856482,33,tess2020351194500-s0033-0000000453856482-0203-s_lc.fits
409128699,33,tess2020351194500-s0033-0000000409128699-0203-s_lc.fits
157036108,33,tess2020351194500-s0033-0000000157036108-0203-s_lc.fits
124313263,33,tess2020351194500-s0033-0000000124313263-0203-s_lc.fits
172594912,33,tess2020351194500-s0033-0000000172594912-0203-s_lc.fits
320658054,33,tess2020351194500-s0033-0000000320658054-0203-s_lc.fits
142105613,33,tess2020351194500-s0033-0000000142105613-0203-s_lc.fits
130415599,33,tess2020351194500-s0033-0000000130415599-0203-s_lc.fits
349373226,33,tess2020351194500-s0033-0000000349373226-0203-s_lc.fits
409077488,33,tess2020351194500-s0033-0000000409077488-0203-s_lc.fits
141186075,33,tess2020351194500-s0033-0000000141186075-0203-s_lc.fits
29830262,33,tess2020351194500-s0033-0000000029830262-0203-s_lc.fits
124228255,33,tess2020351194500-s0033-0000000124228255-0203-s_lc.fits
372471523,33,tess2020351194500-s0033-0000000372471523-0203-s_lc.fits
268563679,33,tess2020351194500-s0033-0000000268563679-0203-s_lc.fits
41029585,33,tess2020351194500-s0033-0000000041029585-0203-s_lc.fits
201374544,33,tess2020351194500-s0033-0000000201374544-0203-s_lc.fits
157658608,33,tess2020351194500-s0033-0000000157658608-0203-s_lc.fits
231729366,33,tess2020351194500-s0033-0000000231729366-0203-s_lc.fits
391745571,33,tess2020351194500-s0033-0000000391745571-0203-s_lc.fits
301487324,33,tess2020351194500-s0033-0000000301487324-0203-s_lc.fits
20061250,33,tess2020351194500-s0033-0000000020061250-0203-s_lc.fits
148891658,33,tess2020351194500-s0033-0000000148891658-0203-s_lc.fits
337334476,33,tess2020351194500-s0033-0000000337334476-0203-s_lc.fits
260609301,33,tess2020351194500-s0033-0000000260609301-0203-s_lc.fits
350564120,33,tess2020351194500-s0033-0000000350564120-0203-s_lc.fits
65478517,33,tess2020351194500-s0033-0000000065478517-0203-s_lc.fits
48811234,33,tess2020351194500-s0033-0000000048811234-0203-s_lc.fits
259592689,33,tess2020351194500-s0033-0000000259592689-0203-s_lc.fits
281221210,33,tess2020351194500-s0033-0000000281221210-0203-s_lc.fits
237564350,33,tess2020351194500-s0033-0000000237564350-0203-s_lc.fits
277173427,33,tess2020351194500-s0033-0000000277173427-0203-s_lc.fits
294981037,33,tess2020351194500-s0033-0000000294981037-0203-s_lc.fits
120325717,33,tess2020351194500-s0033-0000000120325717-0203-s_lc.fits
255702432,33,tess2020351194500-s0033-0000000255702432-0203-s_lc.fits
805897029,33,tess2020351194500-s0033-0000000805897029-0203-s_lc.fits
33418836,33,tess2020351194500-s0033-0000000033418836-0203-s_lc.fits
220405171,33,tess2020351194500-s0033-0000000220405171-0203-s_lc.fits
37499467,33,tess2020351194500-s0033-0000000037499467-0203-s_lc.fits
123569247,33,tess2020351194500-s0033-0000000123569247-0203-s_lc.fits
124686721,33,tess2020351194500-s0033-0000000124686721-0203-s_lc.fits
192831167,33,tess2020351194500-s0033-0000000192831167-0203-s_lc.fits
153214670,33,tess2020351194500-s0033-0000000153214670-0203-s_lc.fits
148810727,33,tess2020351194500-s0033-0000000148810727-0203-s_lc.fits
350861314,33,tess2020351194500-s0033-0000000350861314-0203-s_lc.fits
231185918,33,tess2020351194500-s0033-0000000231185918-0203-s_lc.fits
349683816,33,tess2020351194500-s0033-0000000349683816-0203-s_lc.fits
4930334,33,tess2020351194500-s0033-0000000004930334-0203-s_lc.fits
65193391,33,tess2020351194500-s0033-0000000065193391-0203-s_lc.fits
207245228,33,tess2020351194500-s0033-0000000207245228-0203-s_lc.fits
306510653,33,tess2020351194500-s0033-0000000306510653-0203-s_lc.fits
354556373,33,tess2020351194500-s0033-0000000354556373-0203-s_lc.fits
32554259,33,tess2020351194500-s0033-0000000032554259-0203-s_lc.fits
64459049,33,tess2020351194500-s0033-0000000064459049-0203-s_lc.fits
705510788,33,tess2020351194500-s0033-0000000705510788-0203-s_lc.fits
153687564,33,tess2020351194500-s0033-0000000153687564-0203-s_lc.fits
287329267,33,tess2020351194500-s0033-0000000287329267-0203-s_lc.fits
125263339,33,tess2020351194500-s0033-0000000125263339-0203-s_lc.fits
220476158,33,tess2020351194500-s0033-0000000220476158-0203-s_lc.fits
300935176,33,tess2020351194500-s0033-0000000300935176-0203-s_lc.fits
167260267,33,tess2020351194500-s0033-0000000167260267-0203-s_lc.fits
438295981,33,tess2020351194500-s0033-0000000438295981-0203-s_lc.fits
300136074,33,tess2020351194500-s0033-0000000300136074-0203-s_lc.fits
125417709,33,tess2020351194500-s0033-0000000125417709-0203-s_lc.fits
238898571,33,tess2020351194500-s0033-0000000238898571-0203-s_lc.fits
219183103,33,tess2020351194500-s0033-0000000219183103-0203-s_lc.fits
453107621,33,tess2020351194500-s0033-0000000453107621-0203-s_lc.fits
147979615,33,tess2020351194500-s0033-0000000147979615-0203-s_lc.fits
160303069,33,tess2020351194500-s0033-0000000160303069-0203-s_lc.fits
438423041,33,tess2020351194500-s0033-0000000438423041-0203-s_lc.fits
149304313,33,tess2020351194500-s0033-0000000149304313-0203-s_lc.fits
140207950,33,tess2020351194500-s0033-0000000140207950-0203-s_lc.fits
80773282,33,tess2020351194500-s0033-0000000080773282-0203-s_lc.fits
271640490,33,tess2020351194500-s0033-0000000271640490-0203-s_lc.fits
140943025,33,tess2020351194500-s0033-0000000140943025-0203-s_lc.fits
804720685,33,tess2020351194500-s0033-0000000804720685-0203-s_lc.fits
20061482,33,tess2020351194500-s0033-0000000020061482-0203-s_lc.fits
39543600,33,tess2020351194500-s0033-0000000039543600-0203-s_lc.fits
63351443,33,tess2020351194500-s0033-0000000063351443-0203-s_lc.fits
101197605,33,tess2020351194500-s0033-0000000101197605-0203-s_lc.fits
29781207,33,tess2020351194500-s0033-0000000029781207-0203-s_lc.fits
179639601,33,tess2020351194500-s0033-0000000179639601-0203-s_lc.fits
219206484,33,tess2020351194500-s0033-0000000219206484-0203-s_lc.fits
283301710,33,tess2020351194500-s0033-0000000283301710-0203-s_lc.fits
219142669,33,tess2020351194500-s0033-0000000219142669-0203-s_lc.fits
237725970,33,tess2020351194500-s0033-0000000237725970-0203-s_lc.fits
292842297,33,tess2020351194500-s0033-0000000292842297-0203-s_lc.fits
49771751,33,tess2020351194500-s0033-0000000049771751-0203-s_lc.fits
52393962,33,tess2020351194500-s0033-0000000052393962-0203-s_lc.fits
172118119,33,tess2020351194500-s0033-0000000172118119-0203-s_lc.fits
11690067,33,tess2020351194500-s0033-0000000011690067-0203-s_lc.fits
299885756,33,tess2020351194500-s0033-0000000299885756-0203-s_lc.fits
167163041,33,tess2020351194500-s0033-0000000167163041-0203-s_lc.fits
257690664,33,tess2020351194500-s0033-0000000257690664-0203-s_lc.fits
201511309,33,tess2020351194500-s0033-0000000201511309-0203-s_lc.fits
348993107,33,tess2020351194500-s0033-0000000348993107-0203-s_lc.fits
99615978,33,tess2020351194500-s0033-0000000099615978-0203-s_lc.fits
299618590,33,tess2020351194500-s0033-0000000299618590-0203-s_lc.fits
238074697,33,tess2020351194500-s0033-0000000238074697-0203-s_lc.fits
281810679,33,tess2020351194500-s0033-0000000281810679-0203-s_lc.fits
267333998,33,tess2020351194500-s0033-0000000267333998-0203-s_lc.fits
141628019,33,tess2020351194500-s0033-0000000141628019-0203-s_lc.fits
282121351,33,tess2020351194500-s0033-0000000282121351-0203-s_lc.fits
144486101,33,tess2020351194500-s0033-0000000144486101-0203-s_lc.fits
317188397,33,tess2020351194500-s0033-0000000317188397-0203-s_lc.fits
375062809,33,tess2020351194500-s0033-0000000375062809-0203-s_lc.fits
281418185,33,tess2020351194500-s0033-0000000281418185-0203-s_lc.fits
307382024,33,tess2020351194500-s0033-0000000307382024-0203-s_lc.fits
440736236,33,tess2020351194500-s0033-0000000440736236-0203-s_lc.fits
170220186,33,tess2020351194500-s0033-0000000170220186-0203-s_lc.fits
170314754,33,tess2020351194500-s0033-0000000170314754-0203-s_lc.fits
264569787,33,tess2020351194500-s0033-0000000264569787-0203-s_lc.fits
279054842,33,tess2020351194500-s0033-0000000279054842-0203-s_lc.fits
276859664,33,tess2020351194500-s0033-0000000276859664-0203-s_lc.fits
22598777,33,tess2020351194500-s0033-0000000022598777-0203-s_lc.fits
37389455,33,tess2020351194500-s0033-0000000037389455-0203-s_lc.fits
232048464,33,tess2020351194500-s0033-0000000232048464-0203-s_lc.fits
61914914,33,tess2020351194500-s0033-0000000061914914-0203-s_lc.fits
98545891,33,tess2020351194500-s0033-0000000098545891-0203-s_lc.fits
37599091,33,tess2020351194500-s0033-0000000037599091-0203-s_lc.fits
150167319,33,tess2020351194500-s0033-0000000150167319-0203-s_lc.fits
349828610,33,tess2020351194500-s0033-0000000349828610-0203-s_lc.fits
445325288,33,tess2020351194500-s0033-0000000445325288-0203-s_lc.fits
64065840,33,tess2020351194500-s0033-0000000064065840-0203-s_lc.fits
257722316,33,tess2020351194500-s0033-0000000257722316-0203-s_lc.fits
260418241,33,tess2020351194500-s0033-0000000260418241-0203-s_lc.fits
156910057,33,tess2020351194500-s0033-0000000156910057-0203-s_lc.fits
26523060,33,tess2020351194500-s0033-0000000026523060-0203-s_lc.fits
772051088,33,tess2020351194500-s0033-0000000772051088-0203-s_lc.fits
261948194,33,tess2020351194500-s0033-0000000261948194-0203-s_lc.fits
167388953,33,tess2020351194500-s0033-0000000167388953-0203-s_lc.fits
309657877,33,tess2020351194500-s0033-0000000309657877-0203-s_lc.fits
25081629,33,tess2020351194500-s0033-0000000025081629-0203-s_lc.fits
232252621,33,tess2020351194500-s0033-0000000232252621-0203-s_lc.fits
65662594,33,tess2020351194500-s0033-0000000065662594-0203-s_lc.fits
219179232,33,tess2020351194500-s0033-0000000219179232-0203-s_lc.fits
237812873,33,tess2020351194500-s0033-0000000237812873-0203-s_lc.fits
231494190,33,tess2020351194500-s0033-0000000231494190-0203-s_lc.fits
125638316,33,tess2020351194500-s0033-0000000125638316-0203-s_lc.fits
358155844,33,tess2020351194500-s0033-0000000358155844-0203-s_lc.fits
157568289,33,tess2020351194500-s0033-0000000157568289-0203-s_lc.fits
49244759,33,tess2020351194500-s0033-0000000049244759-0203-s_lc.fits
287120241,33,tess2020351194500-s0033-0000000287120241-0203-s_lc.fits
317440039,33,tess2020351194500-s0033-0000000317440039-0203-s_lc.fits
39725559,33,tess2020351194500-s0033-0000000039725559-0203-s_lc.fits
147579216,33,tess2020351194500-s0033-0000000147579216-0203-s_lc.fits
48243575,33,tess2020351194500-s0033-0000000048243575-0203-s_lc.fits
232134749,33,tess2020351194500-s0033-0000000232134749-0203-s_lc.fits
287352377,33,tess2020351194500-s0033-0000000287352377-0203-s_lc.fits
24533832,33,tess2020351194500-s0033-0000000024533832-0203-s_lc.fits
231724838,33,tess2020351194500-s0033-0000000231724838-0203-s_lc.fits
220280077,33,tess2020351194500-s0033-0000000220280077-0203-s_lc.fits
309616942,33,tess2020351194500-s0033-0000000309616942-0203-s_lc.fits
148504279,33,tess2020351194500-s0033-0000000148504279-0203-s_lc.fits
37994537,33,tess2020351194500-s0033-0000000037994537-0203-s_lc.fits
220476607,33,tess2020351194500-s0033-0000000220476607-0203-s_lc.fits
142107219,33,tess2020351194500-s0033-0000000142107219-0203-s_lc.fits
382437043,33,tess2020351194500-s0033-0000000382437043-0203-s_lc.fits
150299548,33,tess2020351194500-s0033-0000000150299548-0203-s_lc.fits
391903674,33,tess2020351194500-s0033-0000000391903674-0203-s_lc.fits
147766384,33,tess2020351194500-s0033-0000000147766384-0203-s_lc.fits
29781872,33,tess2020351194500-s0033-0000000029781872-0203-s_lc.fits
425084841,33,tess2020351194500-s0033-0000000425084841-0203-s_lc.fits
33691273,33,tess2020351194500-s0033-0000000033691273-0203-s_lc.fits
60000635,33,tess2020351194500-s0033-0000000060000635-0203-s_lc.fits
167250266,33,tess2020351194500-s0033-0000000167250266-0203-s_lc.fits
130514006,33,tess2020351194500-s0033-0000000130514006-0203-s_lc.fits
37349642,33,tess2020351194500-s0033-0000000037349642-0203-s_lc.fits
71579524,33,tess2020351194500-s0033-0000000071579524-0203-s_lc.fits
141757920,33,tess2020351194500-s0033-0000000141757920-0203-s_lc.fits
270573651,33,tess2020351194500-s0033-0000000270573651-0203-s_lc.fits
20177870,33,tess2020351194500-s0033-0000000020177870-0203-s_lc.fits
167309004,33,tess2020351194500-s0033-0000000167309004-0203-s_lc.fits
38602419,33,tess2020351194500-s0033-0000000038602419-0203-s_lc.fits
134198809,33,tess2020351194500-s0033-0000000134198809-0203-s_lc.fits
219376911,33,tess2020351194500-s0033-0000000219376911-0203-s_lc.fits
300808995,33,tess2020351194500-s0033-0000000300808995-0203-s_lc.fits
350522251,33,tess2020351194500-s0033-0000000350522251-0203-s_lc.fits
140456511,33,tess2020351194500-s0033-0000000140456511-0203-s_lc.fits
389858940,33,tess2020351194500-s0033-0000000389858940-0203-s_lc.fits
31636688,33,tess2020351194500-s0033-0000000031636688-0203-s_lc.fits
37391897,33,tess2020351194500-s0033-0000000037391897-0203-s_lc.fits
65804343,33,tess2020351194500-s0033-0000000065804343-0203-s_lc.fits
96983236,33,tess2020351194500-s0033-0000000096983236-0203-s_lc.fits
150431804,33,tess2020351194500-s0033-0000000150431804-0203-s_lc.fits
319730932,33,tess2020351194500-s0033-0000000319730932-0203-s_lc.fits
180967726,33,tess2020351194500-s0033-0000000180967726-0203-s_lc.fits
119362415,33,tess2020351194500-s0033-0000000119362415-0203-s_lc.fits
382186532,33,tess2020351194500-s0033-0000000382186532-0203-s_lc.fits
21577281,33,tess2020351194500-s0033-0000000021577281-0203-s_lc.fits
714081772,33,tess2020351194500-s0033-0000000714081772-0203-s_lc.fits
350298319,33,tess2020351194500-s0033-0000000350298319-0203-s_lc.fits
177114809,33,tess2020351194500-s0033-0000000177114809-0203-s_lc.fits
300871376,33,tess2020351194500-s0033-0000000300871376-0203-s_lc.fits
278866220,33,tess2020351194500-s0033-0000000278866220-0203-s_lc.fits
279475675,33,tess2020351194500-s0033-0000000279475675-0203-s_lc.fits
60488027,33,tess2020351194500-s0033-0000000060488027-0203-s_lc.fits
47908106,33,tess2020351194500-s0033-0000000047908106-0203-s_lc.fits
153402598,33,tess2020351194500-s0033-0000000153402598-0203-s_lc.fits
91689592,33,tess2020351194500-s0033-0000000091689592-0203-s_lc.fits
37604071,33,tess2020351194500-s0033-0000000037604071-0203-s_lc.fits
60194435,33,tess2020351194500-s0033-0000000060194435-0203-s_lc.fits
72427865,33,tess2020351194500-s0033-0000000072427865-0203-s_lc.fits
177238032,33,tess2020351194500-s0033-0000000177238032-0203-s_lc.fits
60409305,33,tess2020351194500-s0033-0000000060409305-0203-s_lc.fits
118935333,33,tess2020351194500-s0033-0000000118935333-0203-s_lc.fits
71727406,33,tess2020351194500-s0033-0000000071727406-0203-s_lc.fits
291634965,33,tess2020351194500-s0033-0000000291634965-0203-s_lc.fits
238931094,33,tess2020351194500-s0033-0000000238931094-0203-s_lc.fits
158865519,33,tess2020351194500-s0033-0000000158865519-0203-s_lc.fits
98217159,33,tess2020351194500-s0033-0000000098217159-0203-s_lc.fits
37250075,33,tess2020351194500-s0033-0000000037250075-0203-s_lc.fits
235062300,33,tess2020351194500-s0033-0000000235062300-0203-s_lc.fits
125129933,33,tess2020351194500-s0033-0000000125129933-0203-s_lc.fits
295155872,33,tess2020351194500-s0033-0000000295155872-0203-s_lc.fits
141914301,33,tess2020351194500-s0033-0000000141914301-0203-s_lc.fits
260708696,33,tess2020351194500-s0033-0000000260708696-0203-s_lc.fits
279957197,33,tess2020351194500-s0033-0000000279957197-0203-s_lc.fits
231729995,33,tess2020351194500-s0033-0000000231729995-0203-s_lc.fits
235055447,33,tess2020351194500-s0033-0000000235055447-0203-s_lc.fits
100776719,33,tess2020351194500-s0033-0000000100776719-0203-s_lc.fits
438508893,33,tess2020351194500-s0033-0000000438508893-0203-s_lc.fits
148274191,33,tess2020351194500-s0033-0000000148274191-0203-s_lc.fits
346486963,33,tess2020351194500-s0033-0000000346486963-0203-s_lc.fits
409010001,33,tess2020351194500-s0033-0000000409010001-0203-s_lc.fits
281495662,33,tess2020351194500-s0033-0000000281495662-0203-s_lc.fits
650140832,33,tess2020351194500-s0033-0000000650140832-0203-s_lc.fits
66689104,33,tess2020351194500-s0033-0000000066689104-0203-s_lc.fits
55523592,33,tess2020351194500-s0033-0000000055523592-0203-s_lc.fits
264168155,33,tess2020351194500-s0033-0000000264168155-0203-s_lc.fits
220459813,33,tess2020351194500-s0033-0000000220459813-0203-s_lc.fits
376942521,33,tess2020351194500-s0033-0000000376942521-0203-s_lc.fits
167115473,33,tess2020351194500-s0033-0000000167115473-0203-s_lc.fits
443285787,33,tess2020351194500-s0033-0000000443285787-0203-s_lc.fits
231725565,33,tess2020351194500-s0033-0000000231725565-0203-s_lc.fits
37074818,33,tess2020351194500-s0033-0000000037074818-0203-s_lc.fits
177032956,33,tess2020351194500-s0033-0000000177032956-0203-s_lc.fits
278862747,33,tess2020351194500-s0033-0000000278862747-0203-s_lc.fits
47499542,33,tess2020351194500-s0033-0000000047499542-0203-s_lc.fits
376941690,33,tess2020351194500-s0033-0000000376941690-0203-s_lc.fits
207250431,33,tess2020351194500-s0033-0000000207250431-0203-s_lc.fits
705346669,33,tess2020351194500-s0033-0000000705346669-0203-s_lc.fits
271890477,33,tess2020351194500-s0033-0000000271890477-0203-s_lc.fits
153330579,33,tess2020351194500-s0033-0000000153330579-0203-s_lc.fits
238950339,33,tess2020351194500-s0033-0000000238950339-0203-s_lc.fits
141608289,33,tess2020351194500-s0033-0000000141608289-0203-s_lc.fits
24624213,33,tess2020351194500-s0033-0000000024624213-0203-s_lc.fits
52042882,33,tess2020351194500-s0033-0000000052042882-0203-s_lc.fits
206760291,33,tess2020351194500-s0033-0000000206760291-0203-s_lc.fits
231182884,33,tess2020351194500-s0033-0000000231182884-0203-s_lc.fits
167794745,33,tess2020351194500-s0033-0000000167794745-0203-s_lc.fits
32035169,33,tess2020351194500-s0033-0000000032035169-0203-s_lc.fits
51926354,33,tess2020351194500-s0033-0000000051926354-0203-s_lc.fits
71789088,33,tess2020351194500-s0033-0000000071789088-0203-s_lc.fits
157130009,33,tess2020351194500-s0033-0000000157130009-0203-s_lc.fits
93239280,33,tess2020351194500-s0033-0000000093239280-0203-s_lc.fits
150513591,33,tess2020351194500-s0033-0000000150513591-0203-s_lc.fits
234838638,33,tess2020351194500-s0033-0000000234838638-0203-s_lc.fits
434307868,33,tess2020351194500-s0033-0000000434307868-0203-s_lc.fits
63808076,33,tess2020351194500-s0033-0000000063808076-0203-s_lc.fits
101146266,33,tess2020351194500-s0033-0000000101146266-0203-s_lc.fits
319726260,33,tess2020351194500-s0033-0000000319726260-0203-s_lc.fits
147182981,33,tess2020351194500-s0033-0000000147182981-0203-s_lc.fits
52219586,33,tess2020351194500-s0033-0000000052219586-0203-s_lc.fits
49831291,33,tess2020351194500-s0033-0000000049831291-0203-s_lc.fits
32679474,33,tess2020351194500-s0033-0000000032679474-0203-s_lc.fits
160300414,33,tess2020351194500-s0033-0000000160300414-0203-s_lc.fits
293691882,33,tess2020351194500-s0033-0000000293691882-0203-s_lc.fits
280420719,33,tess2020351194500-s0033-0000000280420719-0203-s_lc.fits
140579490,33,tess2020351194500-s0033-0000000140579490-0203-s_lc.fits
393159708,33,tess2020351194500-s0033-0000000393159708-0203-s_lc.fits
141684647,33,tess2020351194500-s0033-0000000141684647-0203-s_lc.fits
771547074,33,tess2020351194500-s0033-0000000771547074-0203-s_lc.fits
201423039,33,tess2020351194500-s0033-0000000201423039-0203-s_lc.fits
53590615,33,tess2020351194500-s0033-0000000053590615-0203-s_lc.fits
375151679,33,tess2020351194500-s0033-0000000375151679-0203-s_lc.fits
238034112,33,tess2020351194500-s0033-0000000238034112-0203-s_lc.fits
284130938,33,tess2020351194500-s0033-0000000284130938-0203-s_lc.fits
350092591,33,tess2020351194500-s0033-0000000350092591-0203-s_lc.fits
219422882,33,tess2020351194500-s0033-0000000219422882-0203-s_lc.fits
149576413,33,tess2020351194500-s0033-0000000149576413-0203-s_lc.fits
123554370,33,tess2020351194500-s0033-0000000123554370-0203-s_lc.fits
231148059,33,tess2020351194500-s0033-0000000231148059-0203-s_lc.fits
125263847,33,tess2020351194500-s0033-0000000125263847-0203-s_lc.fits
219204584,33,tess2020351194500-s0033-0000000219204584-0203-s_lc.fits
237864235,33,tess2020351194500-s0033-0000000237864235-0203-s_lc.fits
301602000,33,tess2020351194500-s0033-0000000301602000-0203-s_lc.fits
339962335,33,tess2020351194500-s0033-0000000339962335-0203-s_lc.fits
299467756,33,tess2020351194500-s0033-0000000299467756-0203-s_lc.fits
255549299,33,tess2020351194500-s0033-0000000255549299-0203-s_lc.fits
158107085,33,tess2020351194500-s0033-0000000158107085-0203-s_lc.fits
300515536,33,tess2020351194500-s0033-0000000300515536-0203-s_lc.fits
97479837,33,tess2020351194500-s0033-0000000097479837-0203-s_lc.fits
705352007,33,tess2020351194500-s0033-0000000705352007-0203-s_lc.fits
229207975,33,tess2020351194500-s0033-0000000229207975-0203-s_lc.fits
299885102,33,tess2020351194500-s0033-0000000299885102-0203-s_lc.fits
265080942,33,tess2020351194500-s0033-0000000265080942-0203-s_lc.fits
408907521,33,tess2020351194500-s0033-0000000408907521-0203-s_lc.fits
55386146,33,tess2020351194500-s0033-0000000055386146-0203-s_lc.fits
167526639,33,tess2020351194500-s0033-0000000167526639-0203-s_lc.fits
78953727,33,tess2020351194500-s0033-0000000078953727-0203-s_lc.fits
148335978,33,tess2020351194500-s0033-0000000148335978-0203-s_lc.fits
229271173,33,tess2020351194500-s0033-0000000229271173-0203-s_lc.fits
167305689,33,tess2020351194500-s0033-0000000167305689-0203-s_lc.fits
96390714,33,tess2020351194500-s0033-0000000096390714-0203-s_lc.fits
220461599,33,tess2020351194500-s0033-0000000220461599-0203-s_lc.fits
144498590,33,tess2020351194500-s0033-0000000144498590-0203-s_lc.fits
231735664,33,tess2020351194500-s0033-0000000231735664-0203-s_lc.fits
382190001,33,tess2020351194500-s0033-0000000382190001-0203-s_lc.fits
235228619,33,tess2020351194500-s0033-0000000235228619-0203-s_lc.fits
220422429,33,tess2020351194500-s0033-0000000220422429-0203-s_lc.fits
235072001,33,tess2020351194500-s0033-0000000235072001-0203-s_lc.fits
232502930,33,tess2020351194500-s0033-0000000232502930-0203-s_lc.fits
167248140,33,tess2020351194500-s0033-0000000167248140-0203-s_lc.fits
291701526,33,tess2020351194500-s0033-0000000291701526-0203-s_lc.fits
231343061,33,tess2020351194500-s0033-0000000231343061-0203-s_lc.fits
445963321,33,tess2020351194500-s0033-0000000445963321-0203-s_lc.fits
156506167,33,tess2020351194500-s0033-0000000156506167-0203-s_lc.fits
299943686,33,tess2020351194500-s0033-0000000299943686-0203-s_lc.fits
293225274,33,tess2020351194500-s0033-0000000293225274-0203-s_lc.fits
148463213,33,tess2020351194500-s0033-0000000148463213-0203-s_lc.fits
443261807,33,tess2020351194500-s0033-0000000443261807-0203-s_lc.fits
374944461,33,tess2020351194500-s0033-0000000374944461-0203-s_lc.fits
290752910,33,tess2020351194500-s0033-0000000290752910-0203-s_lc.fits
100395051,33,tess2020351194500-s0033-0000000100395051-0203-s_lc.fits
232339692,33,tess2020351194500-s0033-0000000232339692-0203-s_lc.fits
150248762,33,tess2020351194500-s0033-0000000150248762-0203-s_lc.fits
42569920,33,tess2020351194500-s0033-0000000042569920-0203-s_lc.fits
282715842,33,tess2020351194500-s0033-0000000282715842-0203-s_lc.fits
350714599,33,tess2020351194500-s0033-0000000350714599-0203-s_lc.fits
39543054,33,tess2020351194500-s0033-0000000039543054-0203-s_lc.fits
306825331,33,tess2020351194500-s0033-0000000306825331-0203-s_lc.fits
434329154,33,tess2020351194500-s0033-0000000434329154-0203-s_lc.fits
143177952,33,tess2020351194500-s0033-0000000143177952-0203-s_lc.fits
176470522,33,tess2020351194500-s0033-0000000176470522-0203-s_lc.fits
284195049,33,tess2020351194500-s0033-0000000284195049-0203-s_lc.fits
102571347,33,tess2020351194500-s0033-0000000102571347-0203-s_lc.fits
176519085,33,tess2020351194500-s0033-0000000176519085-0203-s_lc.fits
349307457,33,tess2020351194500-s0033-0000000349307457-0203-s_lc.fits
381975361,33,tess2020351194500-s0033-0000000381975361-0203-s_lc.fits
284233323,33,tess2020351194500-s0033-0000000284233323-0203-s_lc.fits
293649186,33,tess2020351194500-s0033-0000000293649186-0203-s_lc.fits
66829266,33,tess2020351194500-s0033-0000000066829266-0203-s_lc.fits
263341466,33,tess2020351194500-s0033-0000000263341466-0203-s_lc.fits
150322161,33,tess2020351194500-s0033-0000000150322161-0203-s_lc.fits
147944220,33,tess2020351194500-s0033-0000000147944220-0203-s_lc.fits
142528797,33,tess2020351194500-s0033-0000000142528797-0203-s_lc.fits
72304929,33,tess2020351194500-s0033-0000000072304929-0203-s_lc.fits
201469693,33,tess2020351194500-s0033-0000000201469693-0203-s_lc.fits
33735626,33,tess2020351194500-s0033-0000000033735626-0203-s_lc.fits
172233419,33,tess2020351194500-s0033-0000000172233419-0203-s_lc.fits
219184588,33,tess2020351194500-s0033-0000000219184588-0203-s_lc.fits
37439983,33,tess2020351194500-s0033-0000000037439983-0203-s_lc.fits
66977936,33,tess2020351194500-s0033-0000000066977936-0203-s_lc.fits
453147029,33,tess2020351194500-s0033-0000000453147029-0203-s_lc.fits
382146565,33,tess2020351194500-s0033-0000000382146565-0203-s_lc.fits
306572925,33,tess2020351194500-s0033-0000000306572925-0203-s_lc.fits
157673211,33,tess2020351194500-s0033-0000000157673211-0203-s_lc.fits
14565040,33,tess2020351194500-s0033-0000000014565040-0203-s_lc.fits
67260798,33,tess2020351194500-s0033-0000000067260798-0203-s_lc.fits
143314844,33,tess2020351194500-s0033-0000000143314844-0203-s_lc.fits
267332974,33,tess2020351194500-s0033-0000000267332974-0203-s_lc.fits
11898034,33,tess2020351194500-s0033-0000000011898034-0203-s_lc.fits
148231397,33,tess2020351194500-s0033-0000000148231397-0203-s_lc.fits
374858839,33,tess2020351194500-s0033-0000000374858839-0203-s_lc.fits
150320620,33,tess2020351194500-s0033-0000000150320620-0203-s_lc.fits
291332918,33,tess2020351194500-s0033-0000000291332918-0203-s_lc.fits
256994805,33,tess2020351194500-s0033-0000000256994805-0203-s_lc.fits
23458627,33,tess2020351194500-s0033-0000000023458627-0203-s_lc.fits
140288383,33,tess2020351194500-s0033-0000000140288383-0203-s_lc.fits
237383822,33,tess2020351194500-s0033-0000000237383822-0203-s_lc.fits
12312526,33,tess2020351194500-s0033-0000000012312526-0203-s_lc.fits
771073928,33,tess2020351194500-s0033-0000000771073928-0203-s_lc.fits
30931370,33,tess2020351194500-s0033-0000000030931370-0203-s_lc.fits
771061540,33,tess2020351194500-s0033-0000000771061540-0203-s_lc.fits
124181500,33,tess2020351194500-s0033-0000000124181500-0203-s_lc.fits
234568937,33,tess2020351194500-s0033-0000000234568937-0203-s_lc.fits
291303865,33,tess2020351194500-s0033-0000000291303865-0203-s_lc.fits
52976445,33,tess2020351194500-s0033-0000000052976445-0203-s_lc.fits
255784714,33,tess2020351194500-s0033-0000000255784714-0203-s_lc.fits
408907890,33,tess2020351194500-s0033-0000000408907890-0203-s_lc.fits
7447512,33,tess2020351194500-s0033-0000000007447512-0203-s_lc.fits
179582003,33,tess2020351194500-s0033-0000000179582003-0203-s_lc.fits
120841208,33,tess2020351194500-s0033-0000000120841208-0203-s_lc.fits
156883253,33,tess2020351194500-s0033-0000000156883253-0203-s_lc.fits
382260153,33,tess2020351194500-s0033-0000000382260153-0203-s_lc.fits
33066848,33,tess2020351194500-s0033-0000000033066848-0203-s_lc.fits
167892638,33,tess2020351194500-s0033-0000000167892638-0203-s_lc.fits
322572746,33,tess2020351194500-s0033-0000000322572746-0203-s_lc.fits
382043650,33,tess2020351194500-s0033-0000000382043650-0203-s_lc.fits
91872565,33,tess2020351194500-s0033-0000000091872565-0203-s_lc.fits
350434381,33,tess2020351194500-s0033-0000000350434381-0203-s_lc.fits
150189505,33,tess2020351194500-s0033-0000000150189505-0203-s_lc.fits
735624005,33,tess2020351194500-s0033-0000000735624005-0203-s_lc.fits
219170436,33,tess2020351194500-s0033-0000000219170436-0203-s_lc.fits
55559067,33,tess2020351194500-s0033-0000000055559067-0203-s_lc.fits
150361616,33,tess2020351194500-s0033-0000000150361616-0203-s_lc.fits
67161665,33,tess2020351194500-s0033-0000000067161665-0203-s_lc.fits
306896251,33,tess2020351194500-s0033-0000000306896251-0203-s_lc.fits
150142115,33,tess2020351194500-s0033-0000000150142115-0203-s_lc.fits
89106438,33,tess2020351194500-s0033-0000000089106438-0203-s_lc.fits
177236338,33,tess2020351194500-s0033-0000000177236338-0203-s_lc.fits
141942911,33,tess2020351194500-s0033-0000000141942911-0203-s_lc.fits
255633362,33,tess2020351194500-s0033-0000000255633362-0203-s_lc.fits
251261382,33,tess2020351194500-s0033-0000000251261382-0203-s_lc.fits
150105383,33,tess2020351194500-s0033-0000000150105383-0203-s_lc.fits
232367084,33,tess2020351194500-s0033-0000000232367084-0203-s_lc.fits
287871566,33,tess2020351194500-s0033-0000000287871566-0203-s_lc.fits
234565809,33,tess2020351194500-s0033-0000000234565809-0203-s_lc.fits
386150867,33,tess2020351194500-s0033-0000000386150867-0203-s_lc.fits
64701575,33,tess2020351194500-s0033-0000000064701575-0203-s_lc.fits
277015378,33,tess2020351194500-s0033-0000000277015378-0203-s_lc.fits
170402154,33,tess2020351194500-s0033-0000000170402154-0203-s_lc.fits
300556408,33,tess2020351194500-s0033-0000000300556408-0203-s_lc.fits
219169988,33,tess2020351194500-s0033-0000000219169988-0203-s_lc.fits
26592015,33,tess2020351194500-s0033-0000000026592015-0203-s_lc.fits
32608456,33,tess2020351194500-s0033-0000000032608456-0203-s_lc.fits
71473739,33,tess2020351194500-s0033-0000000071473739-0203-s_lc.fits
93125785,33,tess2020351194500-s0033-0000000093125785-0203-s_lc.fits
279990861,33,tess2020351194500-s0033-0000000279990861-0203-s_lc.fits
255746341,33,tess2020351194500-s0033-0000000255746341-0203-s_lc.fits
146908355,33,tess2020351194500-s0033-0000000146908355-0203-s_lc.fits
350763445,33,tess2020351194500-s0033-0000000350763445-0203-s_lc.fits
32499416,33,tess2020351194500-s0033-0000000032499416-0203-s_lc.fits
32811670,33,tess2020351194500-s0033-0000000032811670-0203-s_lc.fits
235077105,33,tess2020351194500-s0033-0000000235077105-0203-s_lc.fits
309617509,33,tess2020351194500-s0033-0000000309617509-0203-s_lc.fits
354768350,33,tess2020351194500-s0033-0000000354768350-0203-s_lc.fits
14707528,33,tess2020351194500-s0033-0000000014707528-0203-s_lc.fits
350713181,33,tess2020351194500-s0033-0000000350713181-0203-s_lc.fits
52690273,33,tess2020351194500-s0033-0000000052690273-0203-s_lc.fits
29829265,33,tess2020351194500-s0033-0000000029829265-0203-s_lc.fits
206837791,33,tess2020351194500-s0033-0000000206837791-0203-s_lc.fits
55501960,33,tess2020351194500-s0033-0000000055501960-0203-s_lc.fits
238951926,33,tess2020351194500-s0033-0000000238951926-0203-s_lc.fits
375056781,33,tess2020351194500-s0033-0000000375056781-0203-s_lc.fits
340065168,33,tess2020351194500-s0033-0000000340065168-0203-s_lc.fits
156920701,33,tess2020351194500-s0033-0000000156920701-0203-s_lc.fits
33605349,33,tess2020351194500-s0033-0000000033605349-0203-s_lc.fits
130618386,33,tess2020351194500-s0033-0000000130618386-0203-s_lc.fits
349642928,33,tess2020351194500-s0033-0000000349642928-0203-s_lc.fits
100509689,33,tess2020351194500-s0033-0000000100509689-0203-s_lc.fits
260658128,33,tess2020351194500-s0033-0000000260658128-0203-s_lc.fits
49773933,33,tess2020351194500-s0033-0000000049773933-0203-s_lc.fits
219160956,33,tess2020351194500-s0033-0000000219160956-0203-s_lc.fits
177812691,33,tess2020351194500-s0033-0000000177812691-0203-s_lc.fits
167525513,33,tess2020351194500-s0033-0000000167525513-0203-s_lc.fits
79545677,33,tess2020351194500-s0033-0000000079545677-0203-s_lc.fits
291551683,33,tess2020351194500-s0033-0000000291551683-0203-s_lc.fits
382100799,33,tess2020351194500-s0033-0000000382100799-0203-s_lc.fits
306631660,33,tess2020351194500-s0033-0000000306631660-0203-s_lc.fits
130619377,33,tess2020351194500-s0033-0000000130619377-0203-s_lc.fits
453172911,33,tess2020351194500-s0033-0000000453172911-0203-s_lc.fits
748266034,33,tess2020351194500-s0033-0000000748266034-0203-s_lc.fits
59752641,33,tess2020351194500-s0033-0000000059752641-0203-s_lc.fits
219158544,33,tess2020351194500-s0033-0000000219158544-0203-s_lc.fits
123885663,33,tess2020351194500-s0033-0000000123885663-0203-s_lc.fits
207337281,33,tess2020351194500-s0033-0000000207337281-0203-s_lc.fits
89199396,33,tess2020351194500-s0033-0000000089199396-0203-s_lc.fits
20095120,33,tess2020351194500-s0033-0000000020095120-0203-s_lc.fits
71920842,33,tess2020351194500-s0033-0000000071920842-0203-s_lc.fits
453854183,33,tess2020351194500-s0033-0000000453854183-0203-s_lc.fits
177258265,33,tess2020351194500-s0033-0000000177258265-0203-s_lc.fits
24450641,33,tess2020351194500-s0033-0000000024450641-0203-s_lc.fits
165212686,33,tess2020351194500-s0033-0000000165212686-0203-s_lc.fits
350433316,33,tess2020351194500-s0033-0000000350433316-0203-s_lc.fits
318899726,33,tess2020351194500-s0033-0000000318899726-0203-s_lc.fits
294748147,33,tess2020351194500-s0033-0000000294748147-0203-s_lc.fits
284622676,33,tess2020351194500-s0033-0000000284622676-0203-s_lc.fits
393266944,33,tess2020351194500-s0033-0000000393266944-0203-s_lc.fits
150442497,33,tess2020351194500-s0033-0000000150442497-0203-s_lc.fits
32089528,33,tess2020351194500-s0033-0000000032089528-0203-s_lc.fits
156987351,33,tess2020351194500-s0033-0000000156987351-0203-s_lc.fits
32000079,33,tess2020351194500-s0033-0000000032000079-0203-s_lc.fits
120746455,33,tess2020351194500-s0033-0000000120746455-0203-s_lc.fits
238030337,33,tess2020351194500-s0033-0000000238030337-0203-s_lc.fits
355275755,33,tess2020351194500-s0033-0000000355275755-0203-s_lc.fits
55557672,33,tess2020351194500-s0033-0000000055557672-0203-s_lc.fits
270885295,33,tess2020351194500-s0033-0000000270885295-0203-s_lc.fits
11905271,33,tess2020351194500-s0033-0000000011905271-0203-s_lc.fits
80959456,33,tess2020351194500-s0033-0000000080959456-0203-s_lc.fits
207243582,33,tess2020351194500-s0033-0000000207243582-0203-s_lc.fits
55501315,33,tess2020351194500-s0033-0000000055501315-0203-s_lc.fits
33766245,33,tess2020351194500-s0033-0000000033766245-0203-s_lc.fits
80923771,33,tess2020351194500-s0033-0000000080923771-0203-s_lc.fits
453121611,33,tess2020351194500-s0033-0000000453121611-0203-s_lc.fits
149988104,33,tess2020351194500-s0033-0000000149988104-0203-s_lc.fits
49243748,33,tess2020351194500-s0033-0000000049243748-0203-s_lc.fits
150033388,33,tess2020351194500-s0033-0000000150033388-0203-s_lc.fits
319927036,33,tess2020351194500-s0033-0000000319927036-0203-s_lc.fits
287400445,33,tess2020351194500-s0033-0000000287400445-0203-s_lc.fits
271639931,33,tess2020351194500-s0033-0000000271639931-0203-s_lc.fits
238024704,33,tess2020351194500-s0033-0000000238024704-0203-s_lc.fits
306477238,33,tess2020351194500-s0033-0000000306477238-0203-s_lc.fits
33881250,33,tess2020351194500-s0033-0000000033881250-0203-s_lc.fits
349924623,33,tess2020351194500-s0033-0000000349924623-0203-s_lc.fits
219397458,33,tess2020351194500-s0033-0000000219397458-0203-s_lc.fits
299940268,33,tess2020351194500-s0033-0000000299940268-0203-s_lc.fits
346486200,33,tess2020351194500-s0033-0000000346486200-0203-s_lc.fits
106344480,33,tess2020351194500-s0033-0000000106344480-0203-s_lc.fits
238019171,33,tess2020351194500-s0033-0000000238019171-0203-s_lc.fits
391904670,33,tess2020351194500-s0033-0000000391904670-0203-s_lc.fits
32091606,33,tess2020351194500-s0033-0000000032091606-0203-s_lc.fits
238897973,33,tess2020351194500-s0033-0000000238897973-0203-s_lc.fits
71922177,33,tess2020351194500-s0033-0000000071922177-0203-s_lc.fits
220474789,33,tess2020351194500-s0033-0000000220474789-0203-s_lc.fits
300710451,33,tess2020351194500-s0033-0000000300710451-0203-s_lc.fits
59866322,33,tess2020351194500-s0033-0000000059866322-0203-s_lc.fits
453171970,33,tess2020351194500-s0033-0000000453171970-0203-s_lc.fits
177282821,33,tess2020351194500-s0033-0000000177282821-0203-s_lc.fits
150429785,33,tess2020351194500-s0033-0000000150429785-0203-s_lc.fits
141913551,33,tess2020351194500-s0033-0000000141913551-0203-s_lc.fits
261828857,33,tess2020351194500-s0033-0000000261828857-0203-s_lc.fits
294217321,33,tess2020351194500-s0033-0000000294217321-0203-s_lc.fits
30106140,33,tess2020351194500-s0033-0000000030106140-0203-s_lc.fits
235277567,33,tess2020351194500-s0033-0000000235277567-0203-s_lc.fits
33103493,33,tess2020351194500-s0033-0000000033103493-0203-s_lc.fits
66976161,33,tess2020351194500-s0033-0000000066976161-0203-s_lc.fits
7392944,33,tess2020351194500-s0033-0000000007392944-0203-s_lc.fits
231917352,33,tess2020351194500-s0033-0000000231917352-0203-s_lc.fits
52001019,33,tess2020351194500-s0033-0000000052001019-0203-s_lc.fits
52922901,33,tess2020351194500-s0033-0000000052922901-0203-s_lc.fits
47587139,33,tess2020351194500-s0033-0000000047587139-0203-s_lc.fits
443505913,33,tess2020351194500-s0033-0000000443505913-0203-s_lc.fits
31745403,33,tess2020351194500-s0033-0000000031745403-0203-s_lc.fits
72417696,33,tess2020351194500-s0033-0000000072417696-0203-s_lc.fits
176960513,33,tess2020351194500-s0033-0000000176960513-0203-s_lc.fits
219411795,33,tess2020351194500-s0033-0000000219411795-0203-s_lc.fits
457090058,33,tess2020351194500-s0033-0000000457090058-0203-s_lc.fits
60145709,33,tess2020351194500-s0033-0000000060145709-0203-s_lc.fits
100777367,33,tess2020351194500-s0033-0000000100777367-0203-s_lc.fits
340216137,33,tess2020351194500-s0033-0000000340216137-0203-s_lc.fits
229284814,33,tess2020351194500-s0033-0000000229284814-0203-s_lc.fits
220402076,33,tess2020351194500-s0033-0000000220402076-0203-s_lc.fits
157316453,33,tess2020351194500-s0033-0000000157316453-0203-s_lc.fits
165185754,33,tess2020351194500-s0033-0000000165185754-0203-s_lc.fits
350954916,33,tess2020351194500-s0033-0000000350954916-0203-s_lc.fits
238023793,33,tess2020351194500-s0033-0000000238023793-0203-s_lc.fits
234655267,33,tess2020351194500-s0033-0000000234655267-0203-s_lc.fits
247871256,33,tess2020351194500-s0033-0000000247871256-0203-s_lc.fits
685176710,33,tess2020351194500-s0033-0000000685176710-0203-s_lc.fits
354555147,33,tess2020351194500-s0033-0000000354555147-0203-s_lc.fits
141806473,33,tess2020351194500-s0033-0000000141806473-0203-s_lc.fits
350522060,33,tess2020351194500-s0033-0000000350522060-0203-s_lc.fits
48323075,33,tess2020351194500-s0033-0000000048323075-0203-s_lc.fits
453104639,33,tess2020351194500-s0033-0000000453104639-0203-s_lc.fits
350182700,33,tess2020351194500-s0033-0000000350182700-0203-s_lc.fits
293929176,33,tess2020351194500-s0033-0000000293929176-0203-s_lc.fits
251132607,33,tess2020351194500-s0033-0000000251132607-0203-s_lc.fits
140573877,33,tess2020351194500-s0033-0000000140573877-0203-s_lc.fits
30938252,33,tess2020351194500-s0033-0000000030938252-0203-s_lc.fits
38940539,33,tess2020351194500-s0033-0000000038940539-0203-s_lc.fits
149474107,33,tess2020351194500-s0033-0000000149474107-0203-s_lc.fits
278864750,33,tess2020351194500-s0033-0000000278864750-0203-s_lc.fits
764950092,33,tess2020351194500-s0033-0000000764950092-0203-s_lc.fits
40607751,33,tess2020351194500-s0033-0000000040607751-0203-s_lc.fits
287638946,33,tess2020351194500-s0033-0000000287638946-0203-s_lc.fits
436535192,33,tess2020351194500-s0033-0000000436535192-0203-s_lc.fits
177126718,33,tess2020351194500-s0033-0000000177126718-0203-s_lc.fits
158108871,33,tess2020351194500-s0033-0000000158108871-0203-s_lc.fits
150442841,33,tess2020351194500-s0033-0000000150442841-0203-s_lc.fits
288072196,33,tess2020351194500-s0033-0000000288072196-0203-s_lc.fits
148045173,33,tess2020351194500-s0033-0000000148045173-0203-s_lc.fits
260474818,33,tess2020351194500-s0033-0000000260474818-0203-s_lc.fits
370140250,33,tess2020351194500-s0033-0000000370140250-0203-s_lc.fits
237566736,33,tess2020351194500-s0033-0000000237566736-0203-s_lc.fits
60481481,33,tess2020351194500-s0033-0000000060481481-0203-s_lc.fits
55849032,33,tess2020351194500-s0033-0000000055849032-0203-s_lc.fits
64057494,33,tess2020351194500-s0033-0000000064057494-0203-s_lc.fits
38943971,33,tess2020351194500-s0033-0000000038943971-0203-s_lc.fits
80818854,33,tess2020351194500-s0033-0000000080818854-0203-s_lc.fits
300655749,33,tess2020351194500-s0033-0000000300655749-0203-s_lc.fits
284452572,33,tess2020351194500-s0033-0000000284452572-0203-s_lc.fits
72176452,33,tess2020351194500-s0033-0000000072176452-0203-s_lc.fits
231806819,33,tess2020351194500-s0033-0000000231806819-0203-s_lc.fits
382028819,33,tess2020351194500-s0033-0000000382028819-0203-s_lc.fits
72306078,33,tess2020351194500-s0033-0000000072306078-0203-s_lc.fits
271796478,33,tess2020351194500-s0033-0000000271796478-0203-s_lc.fits
237533225,33,tess2020351194500-s0033-0000000237533225-0203-s_lc.fits
348844343,33,tess2020351194500-s0033-0000000348844343-0203-s_lc.fits
309754803,33,tess2020351194500-s0033-0000000309754803-0203-s_lc.fits
279051829,33,tess2020351194500-s0033-0000000279051829-0203-s_lc.fits
219185091,33,tess2020351194500-s0033-0000000219185091-0203-s_lc.fits
153541999,33,tess2020351194500-s0033-0000000153541999-0203-s_lc.fits
317134168,33,tess2020351194500-s0033-0000000317134168-0203-s_lc.fits
318789688,33,tess2020351194500-s0033-0000000318789688-0203-s_lc.fits
160304756,33,tess2020351194500-s0033-0000000160304756-0203-s_lc.fits
142108935,33,tess2020351194500-s0033-0000000142108935-0203-s_lc.fits
292706400,33,tess2020351194500-s0033-0000000292706400-0203-s_lc.fits
172992981,33,tess2020351194500-s0033-0000000172992981-0203-s_lc.fits
26339076,33,tess2020351194500-s0033-0000000026339076-0203-s_lc.fits
381976770,33,tess2020351194500-s0033-0000000381976770-0203-s_lc.fits
734907771,33,tess2020351194500-s0033-0000000734907771-0203-s_lc.fits
364324991,33,tess2020351194500-s0033-0000000364324991-0203-s_lc.fits
238069203,33,tess2020351194500-s0033-0000000238069203-0203-s_lc.fits
272086938,33,tess2020351194500-s0033-0000000272086938-0203-s_lc.fits
261258146,33,tess2020351194500-s0033-0000000261258146-0203-s_lc.fits
231916349,33,tess2020351194500-s0033-0000000231916349-0203-s_lc.fits
155091938,33,tess2020351194500-s0033-0000000155091938-0203-s_lc.fits
176585566,33,tess2020351194500-s0033-0000000176585566-0203-s_lc.fits
271901875,33,tess2020351194500-s0033-0000000271901875-0203-s_lc.fits
387341198,33,tess2020351194500-s0033-0000000387341198-0203-s_lc.fits
150431791,33,tess2020351194500-s0033-0000000150431791-0203-s_lc.fits
409084440,33,tess2020351194500-s0033-0000000409084440-0203-s_lc.fits
39843617,33,tess2020351194500-s0033-0000000039843617-0203-s_lc.fits
48096222,33,tess2020351194500-s0033-0000000048096222-0203-s_lc.fits
427502300,33,tess2020351194500-s0033-0000000427502300-0203-s_lc.fits
177017454,33,tess2020351194500-s0033-0000000177017454-0203-s_lc.fits
65057472,33,tess2020351194500-s0033-0000000065057472-0203-s_lc.fits
207243321,33,tess2020351194500-s0033-0000000207243321-0203-s_lc.fits
119303589,33,tess2020351194500-s0033-0000000119303589-0203-s_lc.fits
278987417,33,tess2020351194500-s0033-0000000278987417-0203-s_lc.fits
60523137,33,tess2020351194500-s0033-0000000060523137-0203-s_lc.fits
52748241,33,tess2020351194500-s0033-0000000052748241-0203-s_lc.fits
350585031,33,tess2020351194500-s0033-0000000350585031-0203-s_lc.fits
220436223,33,tess2020351194500-s0033-0000000220436223-0203-s_lc.fits
294118768,33,tess2020351194500-s0033-0000000294118768-0203-s_lc.fits
278865471,33,tess2020351194500-s0033-0000000278865471-0203-s_lc.fits
264604934,33,tess2020351194500-s0033-0000000264604934-0203-s_lc.fits
149542119,33,tess2020351194500-s0033-0000000149542119-0203-s_lc.fits
220621206,33,tess2020351194500-s0033-0000000220621206-0203-s_lc.fits
124180194,33,tess2020351194500-s0033-0000000124180194-0203-s_lc.fits
349766265,33,tess2020351194500-s0033-0000000349766265-0203-s_lc.fits
192788555,33,tess2020351194500-s0033-0000000192788555-0203-s_lc.fits
134291104,33,tess2020351194500-s0033-0000000134291104-0203-s_lc.fits
219173124,33,tess2020351194500-s0033-0000000219173124-0203-s_lc.fits
33936186,33,tess2020351194500-s0033-0000000033936186-0203-s_lc.fits
34928785,33,tess2020351194500-s0033-0000000034928785-0203-s_lc.fits
176985564,33,tess2020351194500-s0033-0000000176985564-0203-s_lc.fits
299315787,33,tess2020351194500-s0033-0000000299315787-0203-s_lc.fits
320123978,33,tess2020351194500-s0033-0000000320123978-0203-s_lc.fits
38609673,33,tess2020351194500-s0033-0000000038609673-0203-s_lc.fits
48540748,33,tess2020351194500-s0033-0000000048540748-0203-s_lc.fits
21650160,33,tess2020351194500-s0033-0000000021650160-0203-s_lc.fits
47907217,33,tess2020351194500-s0033-0000000047907217-0203-s_lc.fits
262614074,33,tess2020351194500-s0033-0000000262614074-0203-s_lc.fits
159058617,33,tess2020351194500-s0033-0000000159058617-0203-s_lc.fits
39719628,33,tess2020351194500-s0033-0000000039719628-0203-s_lc.fits
220300074,33,tess2020351194500-s0033-0000000220300074-0203-s_lc.fits
219150594,33,tess2020351194500-s0033-0000000219150594-0203-s_lc.fits
53602228,33,tess2020351194500-s0033-0000000053602228-0203-s_lc.fits
149444106,33,tess2020351194500-s0033-0000000149444106-0203-s_lc.fits
375060694,33,tess2020351194500-s0033-0000000375060694-0203-s_lc.fits
59759369,33,tess2020351194500-s0033-0000000059759369-0203-s_lc.fits
279088394,33,tess2020351194500-s0033-0000000279088394-0203-s_lc.fits
271974012,33,tess2020351194500-s0033-0000000271974012-0203-s_lc.fits
238926772,33,tess2020351194500-s0033-0000000238926772-0203-s_lc.fits
292837959,33,tess2020351194500-s0033-0000000292837959-0203-s_lc.fits
260708537,33,tess2020351194500-s0033-0000000260708537-0203-s_lc.fits
376938276,33,tess2020351194500-s0033-0000000376938276-0203-s_lc.fits
262609501,33,tess2020351194500-s0033-0000000262609501-0203-s_lc.fits
232037174,33,tess2020351194500-s0033-0000000232037174-0203-s_lc.fits
389564663,33,tess2020351194500-s0033-0000000389564663-0203-s_lc.fits
376938263,33,tess2020351194500-s0033-0000000376938263-0203-s_lc.fits
118934063,33,tess2020351194500-s0033-0000000118934063-0203-s_lc.fits
142017118,33,tess2020351194500-s0033-0000000142017118-0203-s_lc.fits
438423439,33,tess2020351194500-s0033-0000000438423439-0203-s_lc.fits
299945285,33,tess2020351194500-s0033-0000000299945285-0203-s_lc.fits
176954932,33,tess2020351194500-s0033-0000000176954932-0203-s_lc.fits
32500759,33,tess2020351194500-s0033-0000000032500759-0203-s_lc.fits
21652068,33,tess2020351194500-s0033-0000000021652068-0203-s_lc.fits
364323767,33,tess2020351194500-s0033-0000000364323767-0203-s_lc.fits
148131670,33,tess2020351194500-s0033-0000000148131670-0203-s_lc.fits
157698565,33,tess2020351194500-s0033-0000000157698565-0203-s_lc.fits
231350370,33,tess2020351194500-s0033-0000000231350370-0203-s_lc.fits
106412328,33,tess2020351194500-s0033-0000000106412328-0203-s_lc.fits
119748461,33,tess2020351194500-s0033-0000000119748461-0203-s_lc.fits
263804423,33,tess2020351194500-s0033-0000000263804423-0203-s_lc.fits
408907319,33,tess2020351194500-s0033-0000000408907319-0203-s_lc.fits
38842861,33,tess2020351194500-s0033-0000000038842861-0203-s_lc.fits
293270302,33,tess2020351194500-s0033-0000000293270302-0203-s_lc.fits
242060140,33,tess2020351194500-s0033-0000000242060140-0203-s_lc.fits
231088597,33,tess2020351194500-s0033-0000000231088597-0203-s_lc.fits
237530251,33,tess2020351194500-s0033-0000000237530251-0203-s_lc.fits
93441696,33,tess2020351194500-s0033-0000000093441696-0203-s_lc.fits
300112263,33,tess2020351194500-s0033-0000000300112263-0203-s_lc.fits
32936160,33,tess2020351194500-s0033-0000000032936160-0203-s_lc.fits
46683041,33,tess2020351194500-s0033-0000000046683041-0203-s_lc.fits
124185657,33,tess2020351194500-s0033-0000000124185657-0203-s_lc.fits
207021116,33,tess2020351194500-s0033-0000000207021116-0203-s_lc.fits
350859255,33,tess2020351194500-s0033-0000000350859255-0203-s_lc.fits
375061039,33,tess2020351194500-s0033-0000000375061039-0203-s_lc.fits
39671537,33,tess2020351194500-s0033-0000000039671537-0203-s_lc.fits
24529825,33,tess2020351194500-s0033-0000000024529825-0203-s_lc.fits
348897620,33,tess2020351194500-s0033-0000000348897620-0203-s_lc.fits
292352581,33,tess2020351194500-s0033-0000000292352581-0203-s_lc.fits
167124956,33,tess2020351194500-s0033-0000000167124956-0203-s_lc.fits
140632571,33,tess2020351194500-s0033-0000000140632571-0203-s_lc.fits
299905091,33,tess2020351194500-s0033-0000000299905091-0203-s_lc.fits
293390819,33,tess2020351194500-s0033-0000000293390819-0203-s_lc.fits
231739754,33,tess2020351194500-s0033-0000000231739754-0203-s_lc.fits
375061989,33,tess2020351194500-s0033-0000000375061989-0203-s_lc.fits
293694151,33,tess2020351194500-s0033-0000000293694151-0203-s_lc.fits
348841745,33,tess2020351194500-s0033-0000000348841745-0203-s_lc.fits
300161002,33,tess2020351194500-s0033-0000000300161002-0203-s_lc.fits
309790097,33,tess2020351194500-s0033-0000000309790097-0203-s_lc.fits
389565293,33,tess2020351194500-s0033-0000000389565293-0203-s_lc.fits
265362936,33,tess2020351194500-s0033-0000000265362936-0203-s_lc.fits
255684155,33,tess2020351194500-s0033-0000000255684155-0203-s_lc.fits
279055733,33,tess2020351194500-s0033-0000000279055733-0203-s_lc.fits
63353126,33,tess2020351194500-s0033-0000000063353126-0203-s_lc.fits
369524109,33,tess2020351194500-s0033-0000000369524109-0203-s_lc.fits
72311803,33,tess2020351194500-s0033-0000000072311803-0203-s_lc.fits
140381340,33,tess2020351194500-s0033-0000000140381340-0203-s_lc.fits
382028425,33,tess2020351194500-s0033-0000000382028425-0203-s_lc.fits
35230422,33,tess2020351194500-s0033-0000000035230422-0203-s_lc.fits
53742619,33,tess2020351194500-s0033-0000000053742619-0203-s_lc.fits
151580670,33,tess2020351194500-s0033-0000000151580670-0203-s_lc.fits
71630399,33,tess2020351194500-s0033-0000000071630399-0203-s_lc.fits
170367310,33,tess2020351194500-s0033-0000000170367310-0203-s_lc.fits
232048009,33,tess2020351194500-s0033-0000000232048009-0203-s_lc.fits
290050811,33,tess2020351194500-s0033-0000000290050811-0203-s_lc.fits
231819604,33,tess2020351194500-s0033-0000000231819604-0203-s_lc.fits
220110702,33,tess2020351194500-s0033-0000000220110702-0203-s_lc.fits
300651846,33,tess2020351194500-s0033-0000000300651846-0203-s_lc.fits
30275829,33,tess2020351194500-s0033-0000000030275829-0203-s_lc.fits
66830296,33,tess2020351194500-s0033-0000000066830296-0203-s_lc.fits
282704888,33,tess2020351194500-s0033-0000000282704888-0203-s_lc.fits
172304185,33,tess2020351194500-s0033-0000000172304185-0203-s_lc.fits
150029382,33,tess2020351194500-s0033-0000000150029382-0203-s_lc.fits
232495393,33,tess2020351194500-s0033-0000000232495393-0203-s_lc.fits
32813308,33,tess2020351194500-s0033-0000000032813308-0203-s_lc.fits
134471104,33,tess2020351194500-s0033-0000000134471104-0203-s_lc.fits
358112395,33,tess2020351194500-s0033-0000000358112395-0203-s_lc.fits
231801661,33,tess2020351194500-s0033-0000000231801661-0203-s_lc.fits
306536310,33,tess2020351194500-s0033-0000000306536310-0203-s_lc.fits
41173667,33,tess2020351194500-s0033-0000000041173667-0203-s_lc.fits
65664104,33,tess2020351194500-s0033-0000000065664104-0203-s_lc.fits
350274840,33,tess2020351194500-s0033-0000000350274840-0203-s_lc.fits
364589441,33,tess2020351194500-s0033-0000000364589441-0203-s_lc.fits
260267182,33,tess2020351194500-s0033-0000000260267182-0203-s_lc.fits
231927723,33,tess2020351194500-s0033-0000000231927723-0203-s_lc.fits
339669211,33,tess2020351194500-s0033-0000000339669211-0203-s_lc.fits
124943151,33,tess2020351194500-s0033-0000000124943151-0203-s_lc.fits
59360112,33,tess2020351194500-s0033-0000000059360112-0203-s_lc.fits
219401954,33,tess2020351194500-s0033-0000000219401954-0203-s_lc.fits
38024611,33,tess2020351194500-s0033-0000000038024611-0203-s_lc.fits
42174944,33,tess2020351194500-s0033-0000000042174944-0203-s_lc.fits
42889517,33,tess2020351194500-s0033-0000000042889517-0203-s_lc.fits
147709347,33,tess2020351194500-s0033-0000000147709347-0203-s_lc.fits
268780698,33,tess2020351194500-s0033-0000000268780698-0203-s_lc.fits
32070390,33,tess2020351194500-s0033-0000000032070390-0203-s_lc.fits
438074143,33,tess2020351194500-s0033-0000000438074143-0203-s_lc.fits
141026903,33,tess2020351194500-s0033-0000000141026903-0203-s_lc.fits
317545915,33,tess2020351194500-s0033-0000000317545915-0203-s_lc.fits
364323805,33,tess2020351194500-s0033-0000000364323805-0203-s_lc.fits
382257670,33,tess2020351194500-s0033-0000000382257670-0203-s_lc.fits
91925176,33,tess2020351194500-s0033-0000000091925176-0203-s_lc.fits
157745534,33,tess2020351194500-s0033-0000000157745534-0203-s_lc.fits
350343922,33,tess2020351194500-s0033-0000000350343922-0203-s_lc.fits
278957417,33,tess2020351194500-s0033-0000000278957417-0203-s_lc.fits
307242178,33,tess2020351194500-s0033-0000000307242178-0203-s_lc.fits
201467079,33,tess2020351194500-s0033-0000000201467079-0203-s_lc.fits
12086622,33,tess2020351194500-s0033-0000000012086622-0203-s_lc.fits
317478950,33,tess2020351194500-s0033-0000000317478950-0203-s_lc.fits
71796186,33,tess2020351194500-s0033-0000000071796186-0203-s_lc.fits
219396141,33,tess2020351194500-s0033-0000000219396141-0203-s_lc.fits
457045771,33,tess2020351194500-s0033-0000000457045771-0203-s_lc.fits
350335778,33,tess2020351194500-s0033-0000000350335778-0203-s_lc.fits
294308920,33,tess2020351194500-s0033-0000000294308920-0203-s_lc.fits
374862395,33,tess2020351194500-s0033-0000000374862395-0203-s_lc.fits
177859893,33,tess2020351194500-s0033-0000000177859893-0203-s_lc.fits
106493921,33,tess2020351194500-s0033-0000000106493921-0203-s_lc.fits
265898923,33,tess2020351194500-s0033-0000000265898923-0203-s_lc.fits
770690846,33,tess2020351194500-s0033-0000000770690846-0203-s_lc.fits
207004307,33,tess2020351194500-s0033-0000000207004307-0203-s_lc.fits
11808831,33,tess2020351194500-s0033-0000000011808831-0203-s_lc.fits
238193200,33,tess2020351194500-s0033-0000000238193200-0203-s_lc.fits
375148305,33,tess2020351194500-s0033-0000000375148305-0203-s_lc.fits
167163906,33,tess2020351194500-s0033-0000000167163906-0203-s_lc.fits
7445941,33,tess2020351194500-s0033-0000000007445941-0203-s_lc.fits
177013671,33,tess2020351194500-s0033-0000000177013671-0203-s_lc.fits
350654157,33,tess2020351194500-s0033-0000000350654157-0203-s_lc.fits
160264738,33,tess2020351194500-s0033-0000000160264738-0203-s_lc.fits
778284326,33,tess2020351194500-s0033-0000000778284326-0203-s_lc.fits
709444075,33,tess2020351194500-s0033-0000000709444075-0203-s_lc.fits
71684026,33,tess2020351194500-s0033-0000000071684026-0203-s_lc.fits
150140079,33,tess2020351194500-s0033-0000000150140079-0203-s_lc.fits
79776871,33,tess2020351194500-s0033-0000000079776871-0203-s_lc.fits
79872912,33,tess2020351194500-s0033-0000000079872912-0203-s_lc.fits
143093820,33,tess2020351194500-s0033-0000000143093820-0203-s_lc.fits
382200986,33,tess2020351194500-s0033-0000000382200986-0203-s_lc.fits
382266319,33,tess2020351194500-s0033-0000000382266319-0203-s_lc.fits
373604254,33,tess2020351194500-s0033-0000000373604254-0203-s_lc.fits
60037240,33,tess2020351194500-s0033-0000000060037240-0203-s_lc.fits
318129358,33,tess2020351194500-s0033-0000000318129358-0203-s_lc.fits
149600141,33,tess2020351194500-s0033-0000000149600141-0203-s_lc.fits
317436945,33,tess2020351194500-s0033-0000000317436945-0203-s_lc.fits
220454161,33,tess2020351194500-s0033-0000000220454161-0203-s_lc.fits
33004581,33,tess2020351194500-s0033-0000000033004581-0203-s_lc.fits
438505625,33,tess2020351194500-s0033-0000000438505625-0203-s_lc.fits
63479433,33,tess2020351194500-s0033-0000000063479433-0203-s_lc.fits
453081083,33,tess2020351194500-s0033-0000000453081083-0203-s_lc.fits
391821943,33,tess2020351194500-s0033-0000000391821943-0203-s_lc.fits
272004930,33,tess2020351194500-s0033-0000000272004930-0203-s_lc.fits
148003877,33,tess2020351194500-s0033-0000000148003877-0203-s_lc.fits
149176503,33,tess2020351194500-s0033-0000000149176503-0203-s_lc.fits
157250629,33,tess2020351194500-s0033-0000000157250629-0203-s_lc.fits
66602813,33,tess2020351194500-s0033-0000000066602813-0203-s_lc.fits
344141440,33,tess2020351194500-s0033-0000000344141440-0203-s_lc.fits
34187698,33,tess2020351194500-s0033-0000000034187698-0203-s_lc.fits
61349330,33,tess2020351194500-s0033-0000000061349330-0203-s_lc.fits
149308175,33,tess2020351194500-s0033-0000000149308175-0203-s_lc.fits
124180082,33,tess2020351194500-s0033-0000000124180082-0203-s_lc.fits
150273402,33,tess2020351194500-s0033-0000000150273402-0203-s_lc.fits
142405265,33,tess2020351194500-s0033-0000000142405265-0203-s_lc.fits
220435354,33,tess2020351194500-s0033-0000000220435354-0203-s_lc.fits
24610447,33,tess2020351194500-s0033-0000000024610447-0203-s_lc.fits
350443172,33,tess2020351194500-s0033-0000000350443172-0203-s_lc.fits
61681106,33,tess2020351194500-s0033-0000000061681106-0203-s_lc.fits
42766904,33,tess2020351194500-s0033-0000000042766904-0203-s_lc.fits
124543547,33,tess2020351194500-s0033-0000000124543547-0203-s_lc.fits
172702181,33,tess2020351194500-s0033-0000000172702181-0203-s_lc.fits
389746092,33,tess2020351194500-s0033-0000000389746092-0203-s_lc.fits
167554786,33,tess2020351194500-s0033-0000000167554786-0203-s_lc.fits
260077378,33,tess2020351194500-s0033-0000000260077378-0203-s_lc.fits
443085696,33,tess2020351194500-s0033-0000000443085696-0203-s_lc.fits
34313747,33,tess2020351194500-s0033-0000000034313747-0203-s_lc.fits
148881768,33,tess2020351194500-s0033-0000000148881768-0203-s_lc.fits
281341289,33,tess2020351194500-s0033-0000000281341289-0203-s_lc.fits
167125515,33,tess2020351194500-s0033-0000000167125515-0203-s_lc.fits
38844911,33,tess2020351194500-s0033-0000000038844911-0203-s_lc.fits
263343409,33,tess2020351194500-s0033-0000000263343409-0203-s_lc.fits
29760316,33,tess2020351194500-s0033-0000000029760316-0203-s_lc.fits
142083277,33,tess2020351194500-s0033-0000000142083277-0203-s_lc.fits
219205407,33,tess2020351194500-s0033-0000000219205407-0203-s_lc.fits
235067275,33,tess2020351194500-s0033-0000000235067275-0203-s_lc.fits
37255100,33,tess2020351194500-s0033-0000000037255100-0203-s_lc.fits
39538534,33,tess2020351194500-s0033-0000000039538534-0203-s_lc.fits
192790919,33,tess2020351194500-s0033-0000000192790919-0203-s_lc.fits
21505943,33,tess2020351194500-s0033-0000000021505943-0203-s_lc.fits
7323477,33,tess2020351194500-s0033-0000000007323477-0203-s_lc.fits
250527922,33,tess2020351194500-s0033-0000000250527922-0203-s_lc.fits
93444442,33,tess2020351194500-s0033-0000000093444442-0203-s_lc.fits
26180783,33,tess2020351194500-s0033-0000000026180783-0203-s_lc.fits
53158901,33,tess2020351194500-s0033-0000000053158901-0203-s_lc.fits
51783687,33,tess2020351194500-s0033-0000000051783687-0203-s_lc.fits
81327713,33,tess2020351194500-s0033-0000000081327713-0203-s_lc.fits
106486052,33,tess2020351194500-s0033-0000000106486052-0203-s_lc.fits
32873869,33,tess2020351194500-s0033-0000000032873869-0203-s_lc.fits
408972409,33,tess2020351194500-s0033-0000000408972409-0203-s_lc.fits
72343885,33,tess2020351194500-s0033-0000000072343885-0203-s_lc.fits
179443276,33,tess2020351194500-s0033-0000000179443276-0203-s_lc.fits
235056554,33,tess2020351194500-s0033-0000000235056554-0203-s_lc.fits
229284388,33,tess2020351194500-s0033-0000000229284388-0203-s_lc.fits
55758485,33,tess2020351194500-s0033-0000000055758485-0203-s_lc.fits
49014091,33,tess2020351194500-s0033-0000000049014091-0203-s_lc.fits
72175525,33,tess2020351194500-s0033-0000000072175525-0203-s_lc.fits
21747600,33,tess2020351194500-s0033-0000000021747600-0203-s_lc.fits
66774224,33,tess2020351194500-s0033-0000000066774224-0203-s_lc.fits
167752446,33,tess2020351194500-s0033-0000000167752446-0203-s_lc.fits
78568780,33,tess2020351194500-s0033-0000000078568780-0203-s_lc.fits
33046710,33,tess2020351194500-s0033-0000000033046710-0203-s_lc.fits
60484191,33,tess2020351194500-s0033-0000000060484191-0203-s_lc.fits
176475787,33,tess2020351194500-s0033-0000000176475787-0203-s_lc.fits
106754792,33,tess2020351194500-s0033-0000000106754792-0203-s_lc.fits
350740740,33,tess2020351194500-s0033-0000000350740740-0203-s_lc.fits
177165232,33,tess2020351194500-s0033-0000000177165232-0203-s_lc.fits
24532191,33,tess2020351194500-s0033-0000000024532191-0203-s_lc.fits
282708844,33,tess2020351194500-s0033-0000000282708844-0203-s_lc.fits
307252430,33,tess2020351194500-s0033-0000000307252430-0203-s_lc.fits
340358377,33,tess2020351194500-s0033-0000000340358377-0203-s_lc.fits
443420620,33,tess2020351194500-s0033-0000000443420620-0203-s_lc.fits
118876058,33,tess2020351194500-s0033-0000000118876058-0203-s_lc.fits
231920471,33,tess2020351194500-s0033-0000000231920471-0203-s_lc.fits
14562894,33,tess2020351194500-s0033-0000000014562894-0203-s_lc.fits
32675703,33,tess2020351194500-s0033-0000000032675703-0203-s_lc.fits
51146016,33,tess2020351194500-s0033-0000000051146016-0203-s_lc.fits
71471105,33,tess2020351194500-s0033-0000000071471105-0203-s_lc.fits
59535345,33,tess2020351194500-s0033-0000000059535345-0203-s_lc.fits
30636219,33,tess2020351194500-s0033-0000000030636219-0203-s_lc.fits
363966033,33,tess2020351194500-s0033-0000000363966033-0203-s_lc.fits
376941902,33,tess2020351194500-s0033-0000000376941902-0203-s_lc.fits
153689605,33,tess2020351194500-s0033-0000000153689605-0203-s_lc.fits
319434651,33,tess2020351194500-s0033-0000000319434651-0203-s_lc.fits
438495396,33,tess2020351194500-s0033-0000000438495396-0203-s_lc.fits
156935333,33,tess2020351194500-s0033-0000000156935333-0203-s_lc.fits
350744943,33,tess2020351194500-s0033-0000000350744943-0203-s_lc.fits
130297237,33,tess2020351194500-s0033-0000000130297237-0203-s_lc.fits
348842563,33,tess2020351194500-s0033-0000000348842563-0203-s_lc.fits
32608763,33,tess2020351194500-s0033-0000000032608763-0203-s_lc.fits
438306501,33,tess2020351194500-s0033-0000000438306501-0203-s_lc.fits
55478693,33,tess2020351194500-s0033-0000000055478693-0203-s_lc.fits
53817691,33,tess2020351194500-s0033-0000000053817691-0203-s_lc.fits
716795991,33,tess2020351194500-s0033-0000000716795991-0203-s_lc.fits
220458139,33,tess2020351194500-s0033-0000000220458139-0203-s_lc.fits
148732056,33,tess2020351194500-s0033-0000000148732056-0203-s_lc.fits
125681630,33,tess2020351194500-s0033-0000000125681630-0203-s_lc.fits
141271216,33,tess2020351194500-s0033-0000000141271216-0203-s_lc.fits
141942394,33,tess2020351194500-s0033-0000000141942394-0203-s_lc.fits
40666957,33,tess2020351194500-s0033-0000000040666957-0203-s_lc.fits
219344452,33,tess2020351194500-s0033-0000000219344452-0203-s_lc.fits
66973647,33,tess2020351194500-s0033-0000000066973647-0203-s_lc.fits
12091121,33,tess2020351194500-s0033-0000000012091121-0203-s_lc.fits
119521876,33,tess2020351194500-s0033-0000000119521876-0203-s_lc.fits
140636189,33,tess2020351194500-s0033-0000000140636189-0203-s_lc.fits
443212078,33,tess2020351194500-s0033-0000000443212078-0203-s_lc.fits
231967272,33,tess2020351194500-s0033-0000000231967272-0203-s_lc.fits
140688867,33,tess2020351194500-s0033-0000000140688867-0203-s_lc.fits
237537344,33,tess2020351194500-s0033-0000000237537344-0203-s_lc.fits
250527407,33,tess2020351194500-s0033-0000000250527407-0203-s_lc.fits
219173916,33,tess2020351194500-s0033-0000000219173916-0203-s_lc.fits
262696571,33,tess2020351194500-s0033-0000000262696571-0203-s_lc.fits
302933293,33,tess2020351194500-s0033-0000000302933293-0203-s_lc.fits
167655998,33,tess2020351194500-s0033-0000000167655998-0203-s_lc.fits
373679564,33,tess2020351194500-s0033-0000000373679564-0203-s_lc.fits
167418277,33,tess2020351194500-s0033-0000000167418277-0203-s_lc.fits
38762502,33,tess2020351194500-s0033-0000000038762502-0203-s_lc.fits
177163088,33,tess2020351194500-s0033-0000000177163088-0203-s_lc.fits
53483166,33,tess2020351194500-s0033-0000000053483166-0203-s_lc.fits
281990675,33,tess2020351194500-s0033-0000000281990675-0203-s_lc.fits
38844268,33,tess2020351194500-s0033-0000000038844268-0203-s_lc.fits
282201260,33,tess2020351194500-s0033-0000000282201260-0203-s_lc.fits
282355802,33,tess2020351194500-s0033-0000000282355802-0203-s_lc.fits
282713067,33,tess2020351194500-s0033-0000000282713067-0203-s_lc.fits
89296598,33,tess2020351194500-s0033-0000000089296598-0203-s_lc.fits
142084274,33,tess2020351194500-s0033-0000000142084274-0203-s_lc.fits
391905265,33,tess2020351194500-s0033-0000000391905265-0203-s_lc.fits
53745318,33,tess2020351194500-s0033-0000000053745318-0203-s_lc.fits
20208715,33,tess2020351194500-s0033-0000000020208715-0203-s_lc.fits
43322246,33,tess2020351194500-s0033-0000000043322246-0203-s_lc.fits
269191347,33,tess2020351194500-s0033-0000000269191347-0203-s_lc.fits
155310626,33,tess2020351194500-s0033-0000000155310626-0203-s_lc.fits
231809757,33,tess2020351194500-s0033-0000000231809757-0203-s_lc.fits
251158473,33,tess2020351194500-s0033-0000000251158473-0203-s_lc.fits
445330461,33,tess2020351194500-s0033-0000000445330461-0203-s_lc.fits
47979219,33,tess2020351194500-s0033-0000000047979219-0203-s_lc.fits
302862682,33,tess2020351194500-s0033-0000000302862682-0203-s_lc.fits
21727879,33,tess2020351194500-s0033-0000000021727879-0203-s_lc.fits
229286600,33,tess2020351194500-s0033-0000000229286600-0203-s_lc.fits
265257727,33,tess2020351194500-s0033-0000000265257727-0203-s_lc.fits
177618946,33,tess2020351194500-s0033-0000000177618946-0203-s_lc.fits
149664423,33,tess2020351194500-s0033-0000000149664423-0203-s_lc.fits
235044245,33,tess2020351194500-s0033-0000000235044245-0203-s_lc.fits
33880418,33,tess2020351194500-s0033-0000000033880418-0203-s_lc.fits
300148417,33,tess2020351194500-s0033-0000000300148417-0203-s_lc.fits
461698256,33,tess2020351194500-s0033-0000000461698256-0203-s_lc.fits
177114793,33,tess2020351194500-s0033-0000000177114793-0203-s_lc.fits
238226712,33,tess2020351194500-s0033-0000000238226712-0203-s_lc.fits
123837200,33,tess2020351194500-s0033-0000000123837200-0203-s_lc.fits
59769766,33,tess2020351194500-s0033-0000000059769766-0203-s_lc.fits
148003547,33,tess2020351194500-s0033-0000000148003547-0203-s_lc.fits
765444982,33,tess2020351194500-s0033-0000000765444982-0203-s_lc.fits
430418774,33,tess2020351194500-s0033-0000000430418774-0203-s_lc.fits
53322775,33,tess2020351194500-s0033-0000000053322775-0203-s_lc.fits
100759283,33,tess2020351194500-s0033-0000000100759283-0203-s_lc.fits
389859476,33,tess2020351194500-s0033-0000000389859476-0203-s_lc.fits
709539729,33,tess2020351194500-s0033-0000000709539729-0203-s_lc.fits
443284309,33,tess2020351194500-s0033-0000000443284309-0203-s_lc.fits
381925443,33,tess2020351194500-s0033-0000000381925443-0203-s_lc.fits
53458803,33,tess2020351194500-s0033-0000000053458803-0203-s_lc.fits
149175633,33,tess2020351194500-s0033-0000000149175633-0203-s_lc.fits
48889224,33,tess2020351194500-s0033-0000000048889224-0203-s_lc.fits
35713086,33,tess2020351194500-s0033-0000000035713086-0203-s_lc.fits
100830119,33,tess2020351194500-s0033-0000000100830119-0203-s_lc.fits
251266990,33,tess2020351194500-s0033-0000000251266990-0203-s_lc.fits
294983202,33,tess2020351194500-s0033-0000000294983202-0203-s_lc.fits
37389436,33,tess2020351194500-s0033-0000000037389436-0203-s_lc.fits
393314915,33,tess2020351194500-s0033-0000000393314915-0203-s_lc.fits
706779719,33,tess2020351194500-s0033-0000000706779719-0203-s_lc.fits
173079000,33,tess2020351194500-s0033-0000000173079000-0203-s_lc.fits
201425809,33,tess2020351194500-s0033-0000000201425809-0203-s_lc.fits
386525922,33,tess2020351194500-s0033-0000000386525922-0203-s_lc.fits
255641117,33,tess2020351194500-s0033-0000000255641117-0203-s_lc.fits
453139386,33,tess2020351194500-s0033-0000000453139386-0203-s_lc.fits
130296116,33,tess2020351194500-s0033-0000000130296116-0203-s_lc.fits
306650775,33,tess2020351194500-s0033-0000000306650775-0203-s_lc.fits
430419209,33,tess2020351194500-s0033-0000000430419209-0203-s_lc.fits
98977049,33,tess2020351194500-s0033-0000000098977049-0203-s_lc.fits
219199497,33,tess2020351194500-s0033-0000000219199497-0203-s_lc.fits
20297123,33,tess2020351194500-s0033-0000000020297123-0203-s_lc.fits
282093640,33,tess2020351194500-s0033-0000000282093640-0203-s_lc.fits
262600874,33,tess2020351194500-s0033-0000000262600874-0203-s_lc.fits
106349204,33,tess2020351194500-s0033-0000000106349204-0203-s_lc.fits
201526989,33,tess2020351194500-s0033-0000000201526989-0203-s_lc.fits
707788750,33,tess2020351194500-s0033-0000000707788750-0203-s_lc.fits
139543795,33,tess2020351194500-s0033-0000000139543795-0203-s_lc.fits
149174106,33,tess2020351194500-s0033-0000000149174106-0203-s_lc.fits
139678011,33,tess2020351194500-s0033-0000000139678011-0203-s_lc.fits
262598886,33,tess2020351194500-s0033-0000000262598886-0203-s_lc.fits
167524113,33,tess2020351194500-s0033-0000000167524113-0203-s_lc.fits
53593457,33,tess2020351194500-s0033-0000000053593457-0203-s_lc.fits
282999892,33,tess2020351194500-s0033-0000000282999892-0203-s_lc.fits
97801588,33,tess2020351194500-s0033-0000000097801588-0203-s_lc.fits
294392620,33,tess2020351194500-s0033-0000000294392620-0203-s_lc.fits
20297893,33,tess2020351194500-s0033-0000000020297893-0203-s_lc.fits
79942873,33,tess2020351194500-s0033-0000000079942873-0203-s_lc.fits
168427089,33,tess2020351194500-s0033-0000000168427089-0203-s_lc.fits
234626732,33,tess2020351194500-s0033-0000000234626732-0203-s_lc.fits
24397860,33,tess2020351194500-s0033-0000000024397860-0203-s_lc.fits
339889993,33,tess2020351194500-s0033-0000000339889993-0203-s_lc.fits
235079819,33,tess2020351194500-s0033-0000000235079819-0203-s_lc.fits
300515700,33,tess2020351194500-s0033-0000000300515700-0203-s_lc.fits
220614052,33,tess2020351194500-s0033-0000000220614052-0203-s_lc.fits
393390045,33,tess2020351194500-s0033-0000000393390045-0203-s_lc.fits
149444341,33,tess2020351194500-s0033-0000000149444341-0203-s_lc.fits
453855182,33,tess2020351194500-s0033-0000000453855182-0203-s_lc.fits
51251616,33,tess2020351194500-s0033-0000000051251616-0203-s_lc.fits
98164349,33,tess2020351194500-s0033-0000000098164349-0203-s_lc.fits
219198067,33,tess2020351194500-s0033-0000000219198067-0203-s_lc.fits
730543928,33,tess2020351194500-s0033-0000000730543928-0203-s_lc.fits
260659374,33,tess2020351194500-s0033-0000000260659374-0203-s_lc.fits
31796591,33,tess2020351194500-s0033-0000000031796591-0203-s_lc.fits
333435498,33,tess2020351194500-s0033-0000000333435498-0203-s_lc.fits
234607967,33,tess2020351194500-s0033-0000000234607967-0203-s_lc.fits
142148712,33,tess2020351194500-s0033-0000000142148712-0203-s_lc.fits
201511122,33,tess2020351194500-s0033-0000000201511122-0203-s_lc.fits
375063777,33,tess2020351194500-s0033-0000000375063777-0203-s_lc.fits
147700318,33,tess2020351194500-s0033-0000000147700318-0203-s_lc.fits
148316007,33,tess2020351194500-s0033-0000000148316007-0203-s_lc.fits
167758625,33,tess2020351194500-s0033-0000000167758625-0203-s_lc.fits
757837256,33,tess2020351194500-s0033-0000000757837256-0203-s_lc.fits
288156203,33,tess2020351194500-s0033-0000000288156203-0203-s_lc.fits
292645217,33,tess2020351194500-s0033-0000000292645217-0203-s_lc.fits
220459451,33,tess2020351194500-s0033-0000000220459451-0203-s_lc.fits
206886386,33,tess2020351194500-s0033-0000000206886386-0203-s_lc.fits
170403709,33,tess2020351194500-s0033-0000000170403709-0203-s_lc.fits
100609817,33,tess2020351194500-s0033-0000000100609817-0203-s_lc.fits
141751744,33,tess2020351194500-s0033-0000000141751744-0203-s_lc.fits
290753666,33,tess2020351194500-s0033-0000000290753666-0203-s_lc.fits
172459608,33,tess2020351194500-s0033-0000000172459608-0203-s_lc.fits
49708474,33,tess2020351194500-s0033-0000000049708474-0203-s_lc.fits
344027447,33,tess2020351194500-s0033-0000000344027447-0203-s_lc.fits
167749605,33,tess2020351194500-s0033-0000000167749605-0203-s_lc.fits
21503829,33,tess2020351194500-s0033-0000000021503829-0203-s_lc.fits
269191927,33,tess2020351194500-s0033-0000000269191927-0203-s_lc.fits
369470939,33,tess2020351194500-s0033-0000000369470939-0203-s_lc.fits
349372072,33,tess2020351194500-s0033-0000000349372072-0203-s_lc.fits
147316240,33,tess2020351194500-s0033-0000000147316240-0203-s_lc.fits
55651766,33,tess2020351194500-s0033-0000000055651766-0203-s_lc.fits
257690607,33,tess2020351194500-s0033-0000000257690607-0203-s_lc.fits
141769434,33,tess2020351194500-s0033-0000000141769434-0203-s_lc.fits
761514307,33,tess2020351194500-s0033-0000000761514307-0203-s_lc.fits
268865866,33,tess2020351194500-s0033-0000000268865866-0203-s_lc.fits
72217771,33,tess2020351194500-s0033-0000000072217771-0203-s_lc.fits
219368159,33,tess2020351194500-s0033-0000000219368159-0203-s_lc.fits
219206220,33,tess2020351194500-s0033-0000000219206220-0203-s_lc.fits
282639172,33,tess2020351194500-s0033-0000000282639172-0203-s_lc.fits
294093824,33,tess2020351194500-s0033-0000000294093824-0203-s_lc.fits
25045994,33,tess2020351194500-s0033-0000000025045994-0203-s_lc.fits
318661748,33,tess2020351194500-s0033-0000000318661748-0203-s_lc.fits
202270221,33,tess2020351194500-s0033-0000000202270221-0203-s_lc.fits
53594207,33,tess2020351194500-s0033-0000000053594207-0203-s_lc.fits
350342224,33,tess2020351194500-s0033-0000000350342224-0203-s_lc.fits
231179864,33,tess2020351194500-s0033-0000000231179864-0203-s_lc.fits
231235717,33,tess2020351194500-s0033-0000000231235717-0203-s_lc.fits
237754344,33,tess2020351194500-s0033-0000000237754344-0203-s_lc.fits
38508395,33,tess2020351194500-s0033-0000000038508395-0203-s_lc.fits
299625554,33,tess2020351194500-s0033-0000000299625554-0203-s_lc.fits
123981557,33,tess2020351194500-s0033-0000000123981557-0203-s_lc.fits
149902203,33,tess2020351194500-s0033-0000000149902203-0203-s_lc.fits
279958047,33,tess2020351194500-s0033-0000000279958047-0203-s_lc.fits
382157804,33,tess2020351194500-s0033-0000000382157804-0203-s_lc.fits
737163462,33,tess2020351194500-s0033-0000000737163462-0203-s_lc.fits
250445175,33,tess2020351194500-s0033-0000000250445175-0203-s_lc.fits
156918481,33,tess2020351194500-s0033-0000000156918481-0203-s_lc.fits
179304753,33,tess2020351194500-s0033-0000000179304753-0203-s_lc.fits
140998008,33,tess2020351194500-s0033-0000000140998008-0203-s_lc.fits
300808145,33,tess2020351194500-s0033-0000000300808145-0203-s_lc.fits
55479529,33,tess2020351194500-s0033-0000000055479529-0203-s_lc.fits
262418606,33,tess2020351194500-s0033-0000000262418606-0203-s_lc.fits
364424541,33,tess2020351194500-s0033-0000000364424541-0203-s_lc.fits
290052260,33,tess2020351194500-s0033-0000000290052260-0203-s_lc.fits
21622364,33,tess2020351194500-s0033-0000000021622364-0203-s_lc.fits
300378177,33,tess2020351194500-s0033-0000000300378177-0203-s_lc.fits
151563386,33,tess2020351194500-s0033-0000000151563386-0203-s_lc.fits
206958467,33,tess2020351194500-s0033-0000000206958467-0203-s_lc.fits
142109731,33,tess2020351194500-s0033-0000000142109731-0203-s_lc.fits
172124364,33,tess2020351194500-s0033-0000000172124364-0203-s_lc.fits
260641304,33,tess2020351194500-s0033-0000000260641304-0203-s_lc.fits
349155285,33,tess2020351194500-s0033-0000000349155285-0203-s_lc.fits
278777880,33,tess2020351194500-s0033-0000000278777880-0203-s_lc.fits
293273032,33,tess2020351194500-s0033-0000000293273032-0203-s_lc.fits
59938994,33,tess2020351194500-s0033-0000000059938994-0203-s_lc.fits
156933657,33,tess2020351194500-s0033-0000000156933657-0203-s_lc.fits
64203824,33,tess2020351194500-s0033-0000000064203824-0203-s_lc.fits
143316019,33,tess2020351194500-s0033-0000000143316019-0203-s_lc.fits
130376727,33,tess2020351194500-s0033-0000000130376727-0203-s_lc.fits
41230412,33,tess2020351194500-s0033-0000000041230412-0203-s_lc.fits
67259066,33,tess2020351194500-s0033-0000000067259066-0203-s_lc.fits
294209403,33,tess2020351194500-s0033-0000000294209403-0203-s_lc.fits
231934611,33,tess2020351194500-s0033-0000000231934611-0203-s_lc.fits
271811628,33,tess2020351194500-s0033-0000000271811628-0203-s_lc.fits
148028692,33,tess2020351194500-s0033-0000000148028692-0203-s_lc.fits
393272120,33,tess2020351194500-s0033-0000000393272120-0203-s_lc.fits
93416618,33,tess2020351194500-s0033-0000000093416618-0203-s_lc.fits
251183814,33,tess2020351194500-s0033-0000000251183814-0203-s_lc.fits
219161221,33,tess2020351194500-s0033-0000000219161221-0203-s_lc.fits
149176080,33,tess2020351194500-s0033-0000000149176080-0203-s_lc.fits
98077296,33,tess2020351194500-s0033-0000000098077296-0203-s_lc.fits
407633895,33,tess2020351194500-s0033-0000000407633895-0203-s_lc.fits
389365607,33,tess2020351194500-s0033-0000000389365607-0203-s_lc.fits
59352199,33,tess2020351194500-s0033-0000000059352199-0203-s_lc.fits
81579641,33,tess2020351194500-s0033-0000000081579641-0203-s_lc.fits
349905990,33,tess2020351194500-s0033-0000000349905990-0203-s_lc.fits
350341830,33,tess2020351194500-s0033-0000000350341830-0203-s_lc.fits
257065501,33,tess2020351194500-s0033-0000000257065501-0203-s_lc.fits
150430431,33,tess2020351194500-s0033-0000000150430431-0203-s_lc.fits
238029752,33,tess2020351194500-s0033-0000000238029752-0203-s_lc.fits
262396855,33,tess2020351194500-s0033-0000000262396855-0203-s_lc.fits
176761239,33,tess2020351194500-s0033-0000000176761239-0203-s_lc.fits
344136084,33,tess2020351194500-s0033-0000000344136084-0203-s_lc.fits
349573418,33,tess2020351194500-s0033-0000000349573418-0203-s_lc.fits
281576610,33,tess2020351194500-s0033-0000000281576610-0203-s_lc.fits
100594051,33,tess2020351194500-s0033-0000000100594051-0203-s_lc.fits
284288207,33,tess2020351194500-s0033-0000000284288207-0203-s_lc.fits
349791471,33,tess2020351194500-s0033-0000000349791471-0203-s_lc.fits
172463638,33,tess2020351194500-s0033-0000000172463638-0203-s_lc.fits
170273643,33,tess2020351194500-s0033-0000000170273643-0203-s_lc.fits
237841613,33,tess2020351194500-s0033-0000000237841613-0203-s_lc.fits
33880746,33,tess2020351194500-s0033-0000000033880746-0203-s_lc.fits
141542318,33,tess2020351194500-s0033-0000000141542318-0203-s_lc.fits
219164846,33,tess2020351194500-s0033-0000000219164846-0203-s_lc.fits
12237324,33,tess2020351194500-s0033-0000000012237324-0203-s_lc.fits
404796860,33,tess2020351194500-s0033-0000000404796860-0203-s_lc.fits
10069561,33,tess2020351194500-s0033-0000000010069561-0203-s_lc.fits
279956826,33,tess2020351194500-s0033-0000000279956826-0203-s_lc.fits
235056307,33,tess2020351194500-s0033-0000000235056307-0203-s_lc.fits
219368289,33,tess2020351194500-s0033-0000000219368289-0203-s_lc.fits
300288280,33,tess2020351194500-s0033-0000000300288280-0203-s_lc.fits
272085855,33,tess2020351194500-s0033-0000000272085855-0203-s_lc.fits
123569844,33,tess2020351194500-s0033-0000000123569844-0203-s_lc.fits
299626891,33,tess2020351194500-s0033-0000000299626891-0203-s_lc.fits
167969472,33,tess2020351194500-s0033-0000000167969472-0203-s_lc.fits
437905853,33,tess2020351194500-s0033-0000000437905853-0203-s_lc.fits
350480156,33,tess2020351194500-s0033-0000000350480156-0203-s_lc.fits
62967805,33,tess2020351194500-s0033-0000000062967805-0203-s_lc.fits
354678442,33,tess2020351194500-s0033-0000000354678442-0203-s_lc.fits
147976834,33,tess2020351194500-s0033-0000000147976834-0203-s_lc.fits
25153167,33,tess2020351194500-s0033-0000000025153167-0203-s_lc.fits
382258517,33,tess2020351194500-s0033-0000000382258517-0203-s_lc.fits
22861529,33,tess2020351194500-s0033-0000000022861529-0203-s_lc.fits
219149083,33,tess2020351194500-s0033-0000000219149083-0203-s_lc.fits
55383814,33,tess2020351194500-s0033-0000000055383814-0203-s_lc.fits
291553430,33,tess2020351194500-s0033-0000000291553430-0203-s_lc.fits
278683844,33,tess2020351194500-s0033-0000000278683844-0203-s_lc.fits
157116867,33,tess2020351194500-s0033-0000000157116867-0203-s_lc.fits
72168603,33,tess2020351194500-s0033-0000000072168603-0203-s_lc.fits
143233773,33,tess2020351194500-s0033-0000000143233773-0203-s_lc.fits
141975448,33,tess2020351194500-s0033-0000000141975448-0203-s_lc.fits
264169309,33,tess2020351194500-s0033-0000000264169309-0203-s_lc.fits
270809851,33,tess2020351194500-s0033-0000000270809851-0203-s_lc.fits
157452567,33,tess2020351194500-s0033-0000000157452567-0203-s_lc.fits
263584143,33,tess2020351194500-s0033-0000000263584143-0203-s_lc.fits
317482652,33,tess2020351194500-s0033-0000000317482652-0203-s_lc.fits
160351498,33,tess2020351194500-s0033-0000000160351498-0203-s_lc.fits
262322505,33,tess2020351194500-s0033-0000000262322505-0203-s_lc.fits
231722116,33,tess2020351194500-s0033-0000000231722116-0203-s_lc.fits
804899734,33,tess2020351194500-s0033-0000000804899734-0203-s_lc.fits
294626591,33,tess2020351194500-s0033-0000000294626591-0203-s_lc.fits
260301742,33,tess2020351194500-s0033-0000000260301742-0203-s_lc.fits
176873028,33,tess2020351194500-s0033-0000000176873028-0203-s_lc.fits
247917336,33,tess2020351194500-s0033-0000000247917336-0203-s_lc.fits
247917323,33,tess2020351194500-s0033-0000000247917323-0203-s_lc.fits
98212422,33,tess2020351194500-s0033-0000000098212422-0203-s_lc.fits
364537839,33,tess2020351194500-s0033-0000000364537839-0203-s_lc.fits
130296401,33,tess2020351194500-s0033-0000000130296401-0203-s_lc.fits
7493003,33,tess2020351194500-s0033-0000000007493003-0203-s_lc.fits
78563404,33,tess2020351194500-s0033-0000000078563404-0203-s_lc.fits
22965676,33,tess2020351194500-s0033-0000000022965676-0203-s_lc.fits
247920238,33,tess2020351194500-s0033-0000000247920238-0203-s_lc.fits
440735957,33,tess2020351194500-s0033-0000000440735957-0203-s_lc.fits
374941082,33,tess2020351194500-s0033-0000000374941082-0203-s_lc.fits
443461283,33,tess2020351194500-s0033-0000000443461283-0203-s_lc.fits
234671077,33,tess2020351194500-s0033-0000000234671077-0203-s_lc.fits
52686322,33,tess2020351194500-s0033-0000000052686322-0203-s_lc.fits
295628763,33,tess2020351194500-s0033-0000000295628763-0203-s_lc.fits
141626895,33,tess2020351194500-s0033-0000000141626895-0203-s_lc.fits
149349867,33,tess2020351194500-s0033-0000000149349867-0203-s_lc.fits
33835756,33,tess2020351194500-s0033-0000000033835756-0203-s_lc.fits
34847348,33,tess2020351194500-s0033-0000000034847348-0203-s_lc.fits
270677650,33,tess2020351194500-s0033-0000000270677650-0203-s_lc.fits
369524010,33,tess2020351194500-s0033-0000000369524010-0203-s_lc.fits
737705489,33,tess2020351194500-s0033-0000000737705489-0203-s_lc.fits
231735145,33,tess2020351194500-s0033-0000000231735145-0203-s_lc.fits
293003831,33,tess2020351194500-s0033-0000000293003831-0203-s_lc.fits
348992096,33,tess2020351194500-s0033-0000000348992096-0203-s_lc.fits
387225352,33,tess2020351194500-s0033-0000000387225352-0203-s_lc.fits
235376820,33,tess2020351194500-s0033-0000000235376820-0203-s_lc.fits
234948774,33,tess2020351194500-s0033-0000000234948774-0203-s_lc.fits
42466889,33,tess2020351194500-s0033-0000000042466889-0203-s_lc.fits
148407301,33,tess2020351194500-s0033-0000000148407301-0203-s_lc.fits
148171334,33,tess2020351194500-s0033-0000000148171334-0203-s_lc.fits
220036504,33,tess2020351194500-s0033-0000000220036504-0203-s_lc.fits
425069023,33,tess2020351194500-s0033-0000000425069023-0203-s_lc.fits
235061209,33,tess2020351194500-s0033-0000000235061209-0203-s_lc.fits
453149108,33,tess2020351194500-s0033-0000000453149108-0203-s_lc.fits
318129937,33,tess2020351194500-s0033-0000000318129937-0203-s_lc.fits
141545616,33,tess2020351194500-s0033-0000000141545616-0203-s_lc.fits
52546372,33,tess2020351194500-s0033-0000000052546372-0203-s_lc.fits
67263308,33,tess2020351194500-s0033-0000000067263308-0203-s_lc.fits
95111402,33,tess2020351194500-s0033-0000000095111402-0203-s_lc.fits
141621158,33,tess2020351194500-s0033-0000000141621158-0203-s_lc.fits
42177464,33,tess2020351194500-s0033-0000000042177464-0203-s_lc.fits
96441140,33,tess2020351194500-s0033-0000000096441140-0203-s_lc.fits
231345591,33,tess2020351194500-s0033-0000000231345591-0203-s_lc.fits
21628179,33,tess2020351194500-s0033-0000000021628179-0203-s_lc.fits
375034285,33,tess2020351194500-s0033-0000000375034285-0203-s_lc.fits
737549091,33,tess2020351194500-s0033-0000000737549091-0203-s_lc.fits
124772779,33,tess2020351194500-s0033-0000000124772779-0203-s_lc.fits
300447314,33,tess2020351194500-s0033-0000000300447314-0203-s_lc.fits
349195479,33,tess2020351194500-s0033-0000000349195479-0203-s_lc.fits
167792739,33,tess2020351194500-s0033-0000000167792739-0203-s_lc.fits
302987876,33,tess2020351194500-s0033-0000000302987876-0203-s_lc.fits
42821097,33,tess2020351194500-s0033-0000000042821097-0203-s_lc.fits
234938406,33,tess2020351194500-s0033-0000000234938406-0203-s_lc.fits
293347787,33,tess2020351194500-s0033-0000000293347787-0203-s_lc.fits
32677026,33,tess2020351194500-s0033-0000000032677026-0203-s_lc.fits
425209033,33,tess2020351194500-s0033-0000000425209033-0203-s_lc.fits
150250057,33,tess2020351194500-s0033-0000000150250057-0203-s_lc.fits
272316263,33,tess2020351194500-s0033-0000000272316263-0203-s_lc.fits
123927084,33,tess2020351194500-s0033-0000000123927084-0203-s_lc.fits
49771092,33,tess2020351194500-s0033-0000000049771092-0203-s_lc.fits
279425906,33,tess2020351194500-s0033-0000000279425906-0203-s_lc.fits
97801461,33,tess2020351194500-s0033-0000000097801461-0203-s_lc.fits
179309868,33,tess2020351194500-s0033-0000000179309868-0203-s_lc.fits
294054806,33,tess2020351194500-s0033-0000000294054806-0203-s_lc.fits
167303881,33,tess2020351194500-s0033-0000000167303881-0203-s_lc.fits
150431816,33,tess2020351194500-s0033-0000000150431816-0203-s_lc.fits
272288550,33,tess2020351194500-s0033-0000000272288550-0203-s_lc.fits
159026034,33,tess2020351194500-s0033-0000000159026034-0203-s_lc.fits
20072435,33,tess2020351194500-s0033-0000000020072435-0203-s_lc.fits
436423887,33,tess2020351194500-s0033-0000000436423887-0203-s_lc.fits
26593858,33,tess2020351194500-s0033-0000000026593858-0203-s_lc.fits
260079189,33,tess2020351194500-s0033-0000000260079189-0203-s_lc.fits
10823084,33,tess2020351194500-s0033-0000000010823084-0203-s_lc.fits
281619358,33,tess2020351194500-s0033-0000000281619358-0203-s_lc.fits
178490977,33,tess2020351194500-s0033-0000000178490977-0203-s_lc.fits
247919395,33,tess2020351194500-s0033-0000000247919395-0203-s_lc.fits
150391118,33,tess2020351194500-s0033-0000000150391118-0203-s_lc.fits
232285477,33,tess2020351194500-s0033-0000000232285477-0203-s_lc.fits
134224723,33,tess2020351194500-s0033-0000000134224723-0203-s_lc.fits
49774744,33,tess2020351194500-s0033-0000000049774744-0203-s_lc.fits
255560298,33,tess2020351194500-s0033-0000000255560298-0203-s_lc.fits
260640693,33,tess2020351194500-s0033-0000000260640693-0203-s_lc.fits
238193885,33,tess2020351194500-s0033-0000000238193885-0203-s_lc.fits
251284866,33,tess2020351194500-s0033-0000000251284866-0203-s_lc.fits
4868906,33,tess2020351194500-s0033-0000000004868906-0203-s_lc.fits
442986775,33,tess2020351194500-s0033-0000000442986775-0203-s_lc.fits
320033836,33,tess2020351194500-s0033-0000000320033836-0203-s_lc.fits
317872120,33,tess2020351194500-s0033-0000000317872120-0203-s_lc.fits
308056612,33,tess2020351194500-s0033-0000000308056612-0203-s_lc.fits
167205767,33,tess2020351194500-s0033-0000000167205767-0203-s_lc.fits
100531232,33,tess2020351194500-s0033-0000000100531232-0203-s_lc.fits
235410065,33,tess2020351194500-s0033-0000000235410065-0203-s_lc.fits
172465338,33,tess2020351194500-s0033-0000000172465338-0203-s_lc.fits
333041668,33,tess2020351194500-s0033-0000000333041668-0203-s_lc.fits
270575478,33,tess2020351194500-s0033-0000000270575478-0203-s_lc.fits
350443596,33,tess2020351194500-s0033-0000000350443596-0203-s_lc.fits
12229936,33,tess2020351194500-s0033-0000000012229936-0203-s_lc.fits
260636730,33,tess2020351194500-s0033-0000000260636730-0203-s_lc.fits
292946443,33,tess2020351194500-s0033-0000000292946443-0203-s_lc.fits
148126829,33,tess2020351194500-s0033-0000000148126829-0203-s_lc.fits
349061881,33,tess2020351194500-s0033-0000000349061881-0203-s_lc.fits
388182039,33,tess2020351194500-s0033-0000000388182039-0203-s_lc.fits
31817742,33,tess2020351194500-s0033-0000000031817742-0203-s_lc.fits
99692607,33,tess2020351194500-s0033-0000000099692607-0203-s_lc.fits
306574570,33,tess2020351194500-s0033-0000000306574570-0203-s_lc.fits
46641320,33,tess2020351194500-s0033-0000000046641320-0203-s_lc.fits
55294570,33,tess2020351194500-s0033-0000000055294570-0203-s_lc.fits
172307349,33,tess2020351194500-s0033-0000000172307349-0203-s_lc.fits
177011789,33,tess2020351194500-s0033-0000000177011789-0203-s_lc.fits
291872745,33,tess2020351194500-s0033-0000000291872745-0203-s_lc.fits
72170863,33,tess2020351194500-s0033-0000000072170863-0203-s_lc.fits
142467159,33,tess2020351194500-s0033-0000000142467159-0203-s_lc.fits
192830357,33,tess2020351194500-s0033-0000000192830357-0203-s_lc.fits
149571506,33,tess2020351194500-s0033-0000000149571506-0203-s_lc.fits
333042609,33,tess2020351194500-s0033-0000000333042609-0203-s_lc.fits
141805493,33,tess2020351194500-s0033-0000000141805493-0203-s_lc.fits
235453459,33,tess2020351194500-s0033-0000000235453459-0203-s_lc.fits
60137924,33,tess2020351194500-s0033-0000000060137924-0203-s_lc.fits
32051091,33,tess2020351194500-s0033-0000000032051091-0203-s_lc.fits
43149283,33,tess2020351194500-s0033-0000000043149283-0203-s_lc.fits
319862080,33,tess2020351194500-s0033-0000000319862080-0203-s_lc.fits
52542527,33,tess2020351194500-s0033-0000000052542527-0203-s_lc.fits
295071643,33,tess2020351194500-s0033-0000000295071643-0203-s_lc.fits
12165194,33,tess2020351194500-s0033-0000000012165194-0203-s_lc.fits
37599083,33,tess2020351194500-s0033-0000000037599083-0203-s_lc.fits
231972938,33,tess2020351194500-s0033-0000000231972938-0203-s_lc.fits
140211218,33,tess2020351194500-s0033-0000000140211218-0203-s_lc.fits
219389784,33,tess2020351194500-s0033-0000000219389784-0203-s_lc.fits
220623539,33,tess2020351194500-s0033-0000000220623539-0203-s_lc.fits
158105583,33,tess2020351194500-s0033-0000000158105583-0203-s_lc.fits
123665218,33,tess2020351194500-s0033-0000000123665218-0203-s_lc.fits
264309680,33,tess2020351194500-s0033-0000000264309680-0203-s_lc.fits
279251184,33,tess2020351194500-s0033-0000000279251184-0203-s_lc.fits
229178990,33,tess2020351194500-s0033-0000000229178990-0203-s_lc.fits
155095401,33,tess2020351194500-s0033-0000000155095401-0203-s_lc.fits
229264027,33,tess2020351194500-s0033-0000000229264027-0203-s_lc.fits
350522186,33,tess2020351194500-s0033-0000000350522186-0203-s_lc.fits
158104572,33,tess2020351194500-s0033-0000000158104572-0203-s_lc.fits
282309182,33,tess2020351194500-s0033-0000000282309182-0203-s_lc.fits
177012665,33,tess2020351194500-s0033-0000000177012665-0203-s_lc.fits
231740631,33,tess2020351194500-s0033-0000000231740631-0203-s_lc.fits
167524563,33,tess2020351194500-s0033-0000000167524563-0203-s_lc.fits
219179634,33,tess2020351194500-s0033-0000000219179634-0203-s_lc.fits
375091650,33,tess2020351194500-s0033-0000000375091650-0203-s_lc.fits
173038281,33,tess2020351194500-s0033-0000000173038281-0203-s_lc.fits
348960917,33,tess2020351194500-s0033-0000000348960917-0203-s_lc.fits
293694367,33,tess2020351194500-s0033-0000000293694367-0203-s_lc.fits
7445001,33,tess2020351194500-s0033-0000000007445001-0203-s_lc.fits
48523192,33,tess2020351194500-s0033-0000000048523192-0203-s_lc.fits
279251590,33,tess2020351194500-s0033-0000000279251590-0203-s_lc.fits
306830265,33,tess2020351194500-s0033-0000000306830265-0203-s_lc.fits
177524050,33,tess2020351194500-s0033-0000000177524050-0203-s_lc.fits
59895788,33,tess2020351194500-s0033-0000000059895788-0203-s_lc.fits
165147697,33,tess2020351194500-s0033-0000000165147697-0203-s_lc.fits
238011052,33,tess2020351194500-s0033-0000000238011052-0203-s_lc.fits
272232849,33,tess2020351194500-s0033-0000000272232849-0203-s_lc.fits
49187883,33,tess2020351194500-s0033-0000000049187883-0203-s_lc.fits
358710425,33,tess2020351194500-s0033-0000000358710425-0203-s_lc.fits
148337392,33,tess2020351194500-s0033-0000000148337392-0203-s_lc.fits
22645654,33,tess2020351194500-s0033-0000000022645654-0203-s_lc.fits
263342184,33,tess2020351194500-s0033-0000000263342184-0203-s_lc.fits
292061655,33,tess2020351194500-s0033-0000000292061655-0203-s_lc.fits
24608799,33,tess2020351194500-s0033-0000000024608799-0203-s_lc.fits
266006310,33,tess2020351194500-s0033-0000000266006310-0203-s_lc.fits
387150800,33,tess2020351194500-s0033-0000000387150800-0203-s_lc.fits
124182947,33,tess2020351194500-s0033-0000000124182947-0203-s_lc.fits
24669035,33,tess2020351194500-s0033-0000000024669035-0203-s_lc.fits
179317684,33,tess2020351194500-s0033-0000000179317684-0203-s_lc.fits
425068767,33,tess2020351194500-s0033-0000000425068767-0203-s_lc.fits
140802479,33,tess2020351194500-s0033-0000000140802479-0203-s_lc.fits
32781570,33,tess2020351194500-s0033-0000000032781570-0203-s_lc.fits
33368428,33,tess2020351194500-s0033-0000000033368428-0203-s_lc.fits
72486956,33,tess2020351194500-s0033-0000000072486956-0203-s_lc.fits
339958142,33,tess2020351194500-s0033-0000000339958142-0203-s_lc.fits
64360570,33,tess2020351194500-s0033-0000000064360570-0203-s_lc.fits
220454756,33,tess2020351194500-s0033-0000000220454756-0203-s_lc.fits
52003093,33,tess2020351194500-s0033-0000000052003093-0203-s_lc.fits
148400992,33,tess2020351194500-s0033-0000000148400992-0203-s_lc.fits
37547553,33,tess2020351194500-s0033-0000000037547553-0203-s_lc.fits
349059821,33,tess2020351194500-s0033-0000000349059821-0203-s_lc.fits
358109901,33,tess2020351194500-s0033-0000000358109901-0203-s_lc.fits
141823882,33,tess2020351194500-s0033-0000000141823882-0203-s_lc.fits
31946250,33,tess2020351194500-s0033-0000000031946250-0203-s_lc.fits
142016119,33,tess2020351194500-s0033-0000000142016119-0203-s_lc.fits
235234154,33,tess2020351194500-s0033-0000000235234154-0203-s_lc.fits
231147228,33,tess2020351194500-s0033-0000000231147228-0203-s_lc.fits
151362713,33,tess2020351194500-s0033-0000000151362713-0203-s_lc.fits
471015229,33,tess2020351194500-s0033-0000000471015229-0203-s_lc.fits
7320221,33,tess2020351194500-s0033-0000000007320221-0203-s_lc.fits
287637126,33,tess2020351194500-s0033-0000000287637126-0203-s_lc.fits
322740237,33,tess2020351194500-s0033-0000000322740237-0203-s_lc.fits
354518528,33,tess2020351194500-s0033-0000000354518528-0203-s_lc.fits
281904723,33,tess2020351194500-s0033-0000000281904723-0203-s_lc.fits
32091784,33,tess2020351194500-s0033-0000000032091784-0203-s_lc.fits
67096936,33,tess2020351194500-s0033-0000000067096936-0203-s_lc.fits
99144218,33,tess2020351194500-s0033-0000000099144218-0203-s_lc.fits
425092057,33,tess2020351194500-s0033-0000000425092057-0203-s_lc.fits
158029568,33,tess2020351194500-s0033-0000000158029568-0203-s_lc.fits
78824299,33,tess2020351194500-s0033-0000000078824299-0203-s_lc.fits
97577537,33,tess2020351194500-s0033-0000000097577537-0203-s_lc.fits
393479086,33,tess2020351194500-s0033-0000000393479086-0203-s_lc.fits
22939252,33,tess2020351194500-s0033-0000000022939252-0203-s_lc.fits
386325625,33,tess2020351194500-s0033-0000000386325625-0203-s_lc.fits
706277065,33,tess2020351194500-s0033-0000000706277065-0203-s_lc.fits
7320468,33,tess2020351194500-s0033-0000000007320468-0203-s_lc.fits
168342090,33,tess2020351194500-s0033-0000000168342090-0203-s_lc.fits
255637617,33,tess2020351194500-s0033-0000000255637617-0203-s_lc.fits
32931513,33,tess2020351194500-s0033-0000000032931513-0203-s_lc.fits
269191068,33,tess2020351194500-s0033-0000000269191068-0203-s_lc.fits
176476399,33,tess2020351194500-s0033-0000000176476399-0203-s_lc.fits
49243933,33,tess2020351194500-s0033-0000000049243933-0203-s_lc.fits
96441457,33,tess2020351194500-s0033-0000000096441457-0203-s_lc.fits
391809072,33,tess2020351194500-s0033-0000000391809072-0203-s_lc.fits
278683641,33,tess2020351194500-s0033-0000000278683641-0203-s_lc.fits
32071556,33,tess2020351194500-s0033-0000000032071556-0203-s_lc.fits
177808535,33,tess2020351194500-s0033-0000000177808535-0203-s_lc.fits
124939385,33,tess2020351194500-s0033-0000000124939385-0203-s_lc.fits
178057326,33,tess2020351194500-s0033-0000000178057326-0203-s_lc.fits
201964008,33,tess2020351194500-s0033-0000000201964008-0203-s_lc.fits
202049901,33,tess2020351194500-s0033-0000000202049901-0203-s_lc.fits
118868896,33,tess2020351194500-s0033-0000000118868896-0203-s_lc.fits
234712743,33,tess2020351194500-s0033-0000000234712743-0203-s_lc.fits
140374665,33,tess2020351194500-s0033-0000000140374665-0203-s_lc.fits
320224764,33,tess2020351194500-s0033-0000000320224764-0203-s_lc.fits
55663141,33,tess2020351194500-s0033-0000000055663141-0203-s_lc.fits
167554274,33,tess2020351194500-s0033-0000000167554274-0203-s_lc.fits
157050220,33,tess2020351194500-s0033-0000000157050220-0203-s_lc.fits
192926703,33,tess2020351194500-s0033-0000000192926703-0203-s_lc.fits
142084306,33,tess2020351194500-s0033-0000000142084306-0203-s_lc.fits
284582174,33,tess2020351194500-s0033-0000000284582174-0203-s_lc.fits
177386111,33,tess2020351194500-s0033-0000000177386111-0203-s_lc.fits
14612658,33,tess2020351194500-s0033-0000000014612658-0203-s_lc.fits
349927405,33,tess2020351194500-s0033-0000000349927405-0203-s_lc.fits
150068119,33,tess2020351194500-s0033-0000000150068119-0203-s_lc.fits
48882295,33,tess2020351194500-s0033-0000000048882295-0203-s_lc.fits
231811922,33,tess2020351194500-s0033-0000000231811922-0203-s_lc.fits
38699825,33,tess2020351194500-s0033-0000000038699825-0203-s_lc.fits
237944385,33,tess2020351194500-s0033-0000000237944385-0203-s_lc.fits
172622156,33,tess2020351194500-s0033-0000000172622156-0203-s_lc.fits
349408403,33,tess2020351194500-s0033-0000000349408403-0203-s_lc.fits
291492097,33,tess2020351194500-s0033-0000000291492097-0203-s_lc.fits
100532494,33,tess2020351194500-s0033-0000000100532494-0203-s_lc.fits
95330157,33,tess2020351194500-s0033-0000000095330157-0203-s_lc.fits
39538702,33,tess2020351194500-s0033-0000000039538702-0203-s_lc.fits
282901534,33,tess2020351194500-s0033-0000000282901534-0203-s_lc.fits
291635915,33,tess2020351194500-s0033-0000000291635915-0203-s_lc.fits
155017190,33,tess2020351194500-s0033-0000000155017190-0203-s_lc.fits
272433257,33,tess2020351194500-s0033-0000000272433257-0203-s_lc.fits
119305742,33,tess2020351194500-s0033-0000000119305742-0203-s_lc.fits
234172192,33,tess2020351194500-s0033-0000000234172192-0203-s_lc.fits
149497924,33,tess2020351194500-s0033-0000000149497924-0203-s_lc.fits
350822166,33,tess2020351194500-s0033-0000000350822166-0203-s_lc.fits
306573721,33,tess2020351194500-s0033-0000000306573721-0203-s_lc.fits
293225895,33,tess2020351194500-s0033-0000000293225895-0203-s_lc.fits
279320397,33,tess2020351194500-s0033-0000000279320397-0203-s_lc.fits
20144775,33,tess2020351194500-s0033-0000000020144775-0203-s_lc.fits
232332400,33,tess2020351194500-s0033-0000000232332400-0203-s_lc.fits
231935308,33,tess2020351194500-s0033-0000000231935308-0203-s_lc.fits
119440900,33,tess2020351194500-s0033-0000000119440900-0203-s_lc.fits
147800666,33,tess2020351194500-s0033-0000000147800666-0203-s_lc.fits
147037141,33,tess2020351194500-s0033-0000000147037141-0203-s_lc.fits
37302754,33,tess2020351194500-s0033-0000000037302754-0203-s_lc.fits
80599838,33,tess2020351194500-s0033-0000000080599838-0203-s_lc.fits
231804445,33,tess2020351194500-s0033-0000000231804445-0203-s_lc.fits
124311919,33,tess2020351194500-s0033-0000000124311919-0203-s_lc.fits
67200795,33,tess2020351194500-s0033-0000000067200795-0203-s_lc.fits
264411159,33,tess2020351194500-s0033-0000000264411159-0203-s_lc.fits
21650240,33,tess2020351194500-s0033-0000000021650240-0203-s_lc.fits
37387518,33,tess2020351194500-s0033-0000000037387518-0203-s_lc.fits
160305356,33,tess2020351194500-s0033-0000000160305356-0203-s_lc.fits
300601006,33,tess2020351194500-s0033-0000000300601006-0203-s_lc.fits
280427552,33,tess2020351194500-s0033-0000000280427552-0203-s_lc.fits
290989118,33,tess2020351194500-s0033-0000000290989118-0203-s_lc.fits
67196573,33,tess2020351194500-s0033-0000000067196573-0203-s_lc.fits
206893857,33,tess2020351194500-s0033-0000000206893857-0203-s_lc.fits
159032504,33,tess2020351194500-s0033-0000000159032504-0203-s_lc.fits
33737236,33,tess2020351194500-s0033-0000000033737236-0203-s_lc.fits
319437757,33,tess2020351194500-s0033-0000000319437757-0203-s_lc.fits
350655055,33,tess2020351194500-s0033-0000000350655055-0203-s_lc.fits
344023606,33,tess2020351194500-s0033-0000000344023606-0203-s_lc.fits
150442748,33,tess2020351194500-s0033-0000000150442748-0203-s_lc.fits
91864445,33,tess2020351194500-s0033-0000000091864445-0203-s_lc.fits
300009674,33,tess2020351194500-s0033-0000000300009674-0203-s_lc.fits
134309739,33,tess2020351194500-s0033-0000000134309739-0203-s_lc.fits
319562629,33,tess2020351194500-s0033-0000000319562629-0203-s_lc.fits
89296567,33,tess2020351194500-s0033-0000000089296567-0203-s_lc.fits
141269217,33,tess2020351194500-s0033-0000000141269217-0203-s_lc.fits
52503489,33,tess2020351194500-s0033-0000000052503489-0203-s_lc.fits
443457719,33,tess2020351194500-s0033-0000000443457719-0203-s_lc.fits
260079513,33,tess2020351194500-s0033-0000000260079513-0203-s_lc.fits
235148382,33,tess2020351194500-s0033-0000000235148382-0203-s_lc.fits
350563998,33,tess2020351194500-s0033-0000000350563998-0203-s_lc.fits
41259424,33,tess2020351194500-s0033-0000000041259424-0203-s_lc.fits
220619090,33,tess2020351194500-s0033-0000000220619090-0203-s_lc.fits
60583101,33,tess2020351194500-s0033-0000000060583101-0203-s_lc.fits
38602091,33,tess2020351194500-s0033-0000000038602091-0203-s_lc.fits
125691057,33,tess2020351194500-s0033-0000000125691057-0203-s_lc.fits
354557441,33,tess2020351194500-s0033-0000000354557441-0203-s_lc.fits
382160146,33,tess2020351194500-s0033-0000000382160146-0203-s_lc.fits
63429688,33,tess2020351194500-s0033-0000000063429688-0203-s_lc.fits
23034285,33,tess2020351194500-s0033-0000000023034285-0203-s_lc.fits
156758141,33,tess2020351194500-s0033-0000000156758141-0203-s_lc.fits
237979468,33,tess2020351194500-s0033-0000000237979468-0203-s_lc.fits
710981884,33,tess2020351194500-s0033-0000000710981884-0203-s_lc.fits
53062654,33,tess2020351194500-s0033-0000000053062654-0203-s_lc.fits
393316282,33,tess2020351194500-s0033-0000000393316282-0203-s_lc.fits
134315945,33,tess2020351194500-s0033-0000000134315945-0203-s_lc.fits
25154831,33,tess2020351194500-s0033-0000000025154831-0203-s_lc.fits
59748468,33,tess2020351194500-s0033-0000000059748468-0203-s_lc.fits
96803348,33,tess2020351194500-s0033-0000000096803348-0203-s_lc.fits
120085584,33,tess2020351194500-s0033-0000000120085584-0203-s_lc.fits
11961788,33,tess2020351194500-s0033-0000000011961788-0203-s_lc.fits
30190076,33,tess2020351194500-s0033-0000000030190076-0203-s_lc.fits
63050035,33,tess2020351194500-s0033-0000000063050035-0203-s_lc.fits
30407429,33,tess2020351194500-s0033-0000000030407429-0203-s_lc.fits
14560286,33,tess2020351194500-s0033-0000000014560286-0203-s_lc.fits
63896859,33,tess2020351194500-s0033-0000000063896859-0203-s_lc.fits
37387359,33,tess2020351194500-s0033-0000000037387359-0203-s_lc.fits
55760319,33,tess2020351194500-s0033-0000000055760319-0203-s_lc.fits
167012000,33,tess2020351194500-s0033-0000000167012000-0203-s_lc.fits
30631031,33,tess2020351194500-s0033-0000000030631031-0203-s_lc.fits
7493232,33,tess2020351194500-s0033-0000000007493232-0203-s_lc.fits
350343735,33,tess2020351194500-s0033-0000000350343735-0203-s_lc.fits
37305583,33,tess2020351194500-s0033-0000000037305583-0203-s_lc.fits
265447314,33,tess2020351194500-s0033-0000000265447314-0203-s_lc.fits
260130844,33,tess2020351194500-s0033-0000000260130844-0203-s_lc.fits
142014831,33,tess2020351194500-s0033-0000000142014831-0203-s_lc.fits
219194615,33,tess2020351194500-s0033-0000000219194615-0203-s_lc.fits
290779766,33,tess2020351194500-s0033-0000000290779766-0203-s_lc.fits
179108608,33,tess2020351194500-s0033-0000000179108608-0203-s_lc.fits
283303148,33,tess2020351194500-s0033-0000000283303148-0203-s_lc.fits
167795728,33,tess2020351194500-s0033-0000000167795728-0203-s_lc.fits
143167887,33,tess2020351194500-s0033-0000000143167887-0203-s_lc.fits
237812693,33,tess2020351194500-s0033-0000000237812693-0203-s_lc.fits
72046702,33,tess2020351194500-s0033-0000000072046702-0203-s_lc.fits
219423302,33,tess2020351194500-s0033-0000000219423302-0203-s_lc.fits
386492758,33,tess2020351194500-s0033-0000000386492758-0203-s_lc.fits
147977750,33,tess2020351194500-s0033-0000000147977750-0203-s_lc.fits
207018530,33,tess2020351194500-s0033-0000000207018530-0203-s_lc.fits
290656916,33,tess2020351194500-s0033-0000000290656916-0203-s_lc.fits
314828455,33,tess2020351194500-s0033-0000000314828455-0203-s_lc.fits
270677629,33,tess2020351194500-s0033-0000000270677629-0203-s_lc.fits
438108451,33,tess2020351194500-s0033-0000000438108451-0203-s_lc.fits
150393497,33,tess2020351194500-s0033-0000000150393497-0203-s_lc.fits
119327156,33,tess2020351194500-s0033-0000000119327156-0203-s_lc.fits
178480085,33,tess2020351194500-s0033-0000000178480085-0203-s_lc.fits
147966371,33,tess2020351194500-s0033-0000000147966371-0203-s_lc.fits
219147916,33,tess2020351194500-s0033-0000000219147916-0203-s_lc.fits
124190995,33,tess2020351194500-s0033-0000000124190995-0203-s_lc.fits
65704187,33,tess2020351194500-s0033-0000000065704187-0203-s_lc.fits
25065098,33,tess2020351194500-s0033-0000000025065098-0203-s_lc.fits
231919540,33,tess2020351194500-s0033-0000000231919540-0203-s_lc.fits
99150237,33,tess2020351194500-s0033-0000000099150237-0203-s_lc.fits
26526943,33,tess2020351194500-s0033-0000000026526943-0203-s_lc.fits
259701242,33,tess2020351194500-s0033-0000000259701242-0203-s_lc.fits
284655957,33,tess2020351194500-s0033-0000000284655957-0203-s_lc.fits
40717315,33,tess2020351194500-s0033-0000000040717315-0203-s_lc.fits
242133370,33,tess2020351194500-s0033-0000000242133370-0203-s_lc.fits
81329338,33,tess2020351194500-s0033-0000000081329338-0203-s_lc.fits
219194201,33,tess2020351194500-s0033-0000000219194201-0203-s_lc.fits
148187761,33,tess2020351194500-s0033-0000000148187761-0203-s_lc.fits
32501480,33,tess2020351194500-s0033-0000000032501480-0203-s_lc.fits
55848273,33,tess2020351194500-s0033-0000000055848273-0203-s_lc.fits
452376305,33,tess2020351194500-s0033-0000000452376305-0203-s_lc.fits
166976920,33,tess2020351194500-s0033-0000000166976920-0203-s_lc.fits
150390327,33,tess2020351194500-s0033-0000000150390327-0203-s_lc.fits
247907873,33,tess2020351194500-s0033-0000000247907873-0203-s_lc.fits
711782057,33,tess2020351194500-s0033-0000000711782057-0203-s_lc.fits
59547137,33,tess2020351194500-s0033-0000000059547137-0203-s_lc.fits
147176838,33,tess2020351194500-s0033-0000000147176838-0203-s_lc.fits
279159887,33,tess2020351194500-s0033-0000000279159887-0203-s_lc.fits
336889156,33,tess2020351194500-s0033-0000000336889156-0203-s_lc.fits
220395389,33,tess2020351194500-s0033-0000000220395389-0203-s_lc.fits
55399276,33,tess2020351194500-s0033-0000000055399276-0203-s_lc.fits
393271365,33,tess2020351194500-s0033-0000000393271365-0203-s_lc.fits
738232472,33,tess2020351194500-s0033-0000000738232472-0203-s_lc.fits
318658817,33,tess2020351194500-s0033-0000000318658817-0203-s_lc.fits
7420831,33,tess2020351194500-s0033-0000000007420831-0203-s_lc.fits
125267188,33,tess2020351194500-s0033-0000000125267188-0203-s_lc.fits
279161495,33,tess2020351194500-s0033-0000000279161495-0203-s_lc.fits
130372844,33,tess2020351194500-s0033-0000000130372844-0203-s_lc.fits
391746343,33,tess2020351194500-s0033-0000000391746343-0203-s_lc.fits
279055252,33,tess2020351194500-s0033-0000000279055252-0203-s_lc.fits
144542681,33,tess2020351194500-s0033-0000000144542681-0203-s_lc.fits
235211013,33,tess2020351194500-s0033-0000000235211013-0203-s_lc.fits
237969900,33,tess2020351194500-s0033-0000000237969900-0203-s_lc.fits
150320178,33,tess2020351194500-s0033-0000000150320178-0203-s_lc.fits
21444219,33,tess2020351194500-s0033-0000000021444219-0203-s_lc.fits
299945808,33,tess2020351194500-s0033-0000000299945808-0203-s_lc.fits
22599306,33,tess2020351194500-s0033-0000000022599306-0203-s_lc.fits
427498660,33,tess2020351194500-s0033-0000000427498660-0203-s_lc.fits
234008498,33,tess2020351194500-s0033-0000000234008498-0203-s_lc.fits
237385734,33,tess2020351194500-s0033-0000000237385734-0203-s_lc.fits
147841513,33,tess2020351194500-s0033-0000000147841513-0203-s_lc.fits
235103799,33,tess2020351194500-s0033-0000000235103799-0203-s_lc.fits
172119334,33,tess2020351194500-s0033-0000000172119334-0203-s_lc.fits
461840675,33,tess2020351194500-s0033-0000000461840675-0203-s_lc.fits
735002539,33,tess2020351194500-s0033-0000000735002539-0203-s_lc.fits
339767242,33,tess2020351194500-s0033-0000000339767242-0203-s_lc.fits
49670111,33,tess2020351194500-s0033-0000000049670111-0203-s_lc.fits
238043319,33,tess2020351194500-s0033-0000000238043319-0203-s_lc.fits
260266504,33,tess2020351194500-s0033-0000000260266504-0203-s_lc.fits
39579477,33,tess2020351194500-s0033-0000000039579477-0203-s_lc.fits
404852080,33,tess2020351194500-s0033-0000000404852080-0203-s_lc.fits
119233340,33,tess2020351194500-s0033-0000000119233340-0203-s_lc.fits
167248795,33,tess2020351194500-s0033-0000000167248795-0203-s_lc.fits
340179086,33,tess2020351194500-s0033-0000000340179086-0203-s_lc.fits
301178006,33,tess2020351194500-s0033-0000000301178006-0203-s_lc.fits
409319605,33,tess2020351194500-s0033-0000000409319605-0203-s_lc.fits
134222007,33,tess2020351194500-s0033-0000000134222007-0203-s_lc.fits
219161010,33,tess2020351194500-s0033-0000000219161010-0203-s_lc.fits
176723314,33,tess2020351194500-s0033-0000000176723314-0203-s_lc.fits
158093044,33,tess2020351194500-s0033-0000000158093044-0203-s_lc.fits
52169698,33,tess2020351194500-s0033-0000000052169698-0203-s_lc.fits
31106039,33,tess2020351194500-s0033-0000000031106039-0203-s_lc.fits
38683223,33,tess2020351194500-s0033-0000000038683223-0203-s_lc.fits
237651093,33,tess2020351194500-s0033-0000000237651093-0203-s_lc.fits
106747355,33,tess2020351194500-s0033-0000000106747355-0203-s_lc.fits
177281852,33,tess2020351194500-s0033-0000000177281852-0203-s_lc.fits
141526547,33,tess2020351194500-s0033-0000000141526547-0203-s_lc.fits
124123053,33,tess2020351194500-s0033-0000000124123053-0203-s_lc.fits
247827322,33,tess2020351194500-s0033-0000000247827322-0203-s_lc.fits
167549709,33,tess2020351194500-s0033-0000000167549709-0203-s_lc.fits
438413304,33,tess2020351194500-s0033-0000000438413304-0203-s_lc.fits
48099802,33,tess2020351194500-s0033-0000000048099802-0203-s_lc.fits
139476555,33,tess2020351194500-s0033-0000000139476555-0203-s_lc.fits
350477637,33,tess2020351194500-s0033-0000000350477637-0203-s_lc.fits
33798584,33,tess2020351194500-s0033-0000000033798584-0203-s_lc.fits
306668068,33,tess2020351194500-s0033-0000000306668068-0203-s_lc.fits
42565559,33,tess2020351194500-s0033-0000000042565559-0203-s_lc.fits
41259805,33,tess2020351194500-s0033-0000000041259805-0203-s_lc.fits
260416289,33,tess2020351194500-s0033-0000000260416289-0203-s_lc.fits
177077420,33,tess2020351194500-s0033-0000000177077420-0203-s_lc.fits
64358292,33,tess2020351194500-s0033-0000000064358292-0203-s_lc.fits
25134105,33,tess2020351194500-s0033-0000000025134105-0203-s_lc.fits
59280822,33,tess2020351194500-s0033-0000000059280822-0203-s_lc.fits
287532527,33,tess2020351194500-s0033-0000000287532527-0203-s_lc.fits
119372780,33,tess2020351194500-s0033-0000000119372780-0203-s_lc.fits
147178211,33,tess2020351194500-s0033-0000000147178211-0203-s_lc.fits
206671821,33,tess2020351194500-s0033-0000000206671821-0203-s_lc.fits
21505340,33,tess2020351194500-s0033-0000000021505340-0203-s_lc.fits
749965286,33,tess2020351194500-s0033-0000000749965286-0203-s_lc.fits
33601621,33,tess2020351194500-s0033-0000000033601621-0203-s_lc.fits
7391092,33,tess2020351194500-s0033-0000000007391092-0203-s_lc.fits
220024761,33,tess2020351194500-s0033-0000000220024761-0203-s_lc.fits
438289890,33,tess2020351194500-s0033-0000000438289890-0203-s_lc.fits
148513326,33,tess2020351194500-s0033-0000000148513326-0203-s_lc.fits
268873751,33,tess2020351194500-s0033-0000000268873751-0203-s_lc.fits
149303310,33,tess2020351194500-s0033-0000000149303310-0203-s_lc.fits
437947156,33,tess2020351194500-s0033-0000000437947156-0203-s_lc.fits
339862599,33,tess2020351194500-s0033-0000000339862599-0203-s_lc.fits
293971911,33,tess2020351194500-s0033-0000000293971911-0203-s_lc.fits
95111741,33,tess2020351194500-s0033-0000000095111741-0203-s_lc.fits
32644711,33,tess2020351194500-s0033-0000000032644711-0203-s_lc.fits
146915627,33,tess2020351194500-s0033-0000000146915627-0203-s_lc.fits
72047022,33,tess2020351194500-s0033-0000000072047022-0203-s_lc.fits
219194399,33,tess2020351194500-s0033-0000000219194399-0203-s_lc.fits
293935587,33,tess2020351194500-s0033-0000000293935587-0203-s_lc.fits
220599351,33,tess2020351194500-s0033-0000000220599351-0203-s_lc.fits
287325560,33,tess2020351194500-s0033-0000000287325560-0203-s_lc.fits
234925078,33,tess2020351194500-s0033-0000000234925078-0203-s_lc.fits
167695253,33,tess2020351194500-s0033-0000000167695253-0203-s_lc.fits
251131458,33,tess2020351194500-s0033-0000000251131458-0203-s_lc.fits
268699217,33,tess2020351194500-s0033-0000000268699217-0203-s_lc.fits
177681482,33,tess2020351194500-s0033-0000000177681482-0203-s_lc.fits
48518865,33,tess2020351194500-s0033-0000000048518865-0203-s_lc.fits
264080006,33,tess2020351194500-s0033-0000000264080006-0203-s_lc.fits
299324298,33,tess2020351194500-s0033-0000000299324298-0203-s_lc.fits
264317211,33,tess2020351194500-s0033-0000000264317211-0203-s_lc.fits
100608372,33,tess2020351194500-s0033-0000000100608372-0203-s_lc.fits
100113050,33,tess2020351194500-s0033-0000000100113050-0203-s_lc.fits
48237215,33,tess2020351194500-s0033-0000000048237215-0203-s_lc.fits
157400829,33,tess2020351194500-s0033-0000000157400829-0203-s_lc.fits
53816395,33,tess2020351194500-s0033-0000000053816395-0203-s_lc.fits
381951108,33,tess2020351194500-s0033-0000000381951108-0203-s_lc.fits
32680723,33,tess2020351194500-s0033-0000000032680723-0203-s_lc.fits
32497972,33,tess2020351194500-s0033-0000000032497972-0203-s_lc.fits
251111758,33,tess2020351194500-s0033-0000000251111758-0203-s_lc.fits
299279595,33,tess2020351194500-s0033-0000000299279595-0203-s_lc.fits
81054834,33,tess2020351194500-s0033-0000000081054834-0203-s_lc.fits
124646672,33,tess2020351194500-s0033-0000000124646672-0203-s_lc.fits
299469151,33,tess2020351194500-s0033-0000000299469151-0203-s_lc.fits
64354115,33,tess2020351194500-s0033-0000000064354115-0203-s_lc.fits
32874667,33,tess2020351194500-s0033-0000000032874667-0203-s_lc.fits
284339426,33,tess2020351194500-s0033-0000000284339426-0203-s_lc.fits
409008175,33,tess2020351194500-s0033-0000000409008175-0203-s_lc.fits
346425066,33,tess2020351194500-s0033-0000000346425066-0203-s_lc.fits
24587179,33,tess2020351194500-s0033-0000000024587179-0203-s_lc.fits
93169210,33,tess2020351194500-s0033-0000000093169210-0203-s_lc.fits
262498136,33,tess2020351194500-s0033-0000000262498136-0203-s_lc.fits
97423262,33,tess2020351194500-s0033-0000000097423262-0203-s_lc.fits
118933927,33,tess2020351194500-s0033-0000000118933927-0203-s_lc.fits
235301808,33,tess2020351194500-s0033-0000000235301808-0203-s_lc.fits
389568754,33,tess2020351194500-s0033-0000000389568754-0203-s_lc.fits
140376812,33,tess2020351194500-s0033-0000000140376812-0203-s_lc.fits
151403440,33,tess2020351194500-s0033-0000000151403440-0203-s_lc.fits
219413398,33,tess2020351194500-s0033-0000000219413398-0203-s_lc.fits
176958810,33,tess2020351194500-s0033-0000000176958810-0203-s_lc.fits
234009943,33,tess2020351194500-s0033-0000000234009943-0203-s_lc.fits
714798286,33,tess2020351194500-s0033-0000000714798286-0203-s_lc.fits
234624242,33,tess2020351194500-s0033-0000000234624242-0203-s_lc.fits
37437634,33,tess2020351194500-s0033-0000000037437634-0203-s_lc.fits
148125855,33,tess2020351194500-s0033-0000000148125855-0203-s_lc.fits
307036699,33,tess2020351194500-s0033-0000000307036699-0203-s_lc.fits
157115540,33,tess2020351194500-s0033-0000000157115540-0203-s_lc.fits
436535234,33,tess2020351194500-s0033-0000000436535234-0203-s_lc.fits
237948257,33,tess2020351194500-s0033-0000000237948257-0203-s_lc.fits
150141471,33,tess2020351194500-s0033-0000000150141471-0203-s_lc.fits
382156817,33,tess2020351194500-s0033-0000000382156817-0203-s_lc.fits
151629388,33,tess2020351194500-s0033-0000000151629388-0203-s_lc.fits
234628717,33,tess2020351194500-s0033-0000000234628717-0203-s_lc.fits
39293761,33,tess2020351194500-s0033-0000000039293761-0203-s_lc.fits
142051154,33,tess2020351194500-s0033-0000000142051154-0203-s_lc.fits
391746008,33,tess2020351194500-s0033-0000000391746008-0203-s_lc.fits
231177337,33,tess2020351194500-s0033-0000000231177337-0203-s_lc.fits
147369344,33,tess2020351194500-s0033-0000000147369344-0203-s_lc.fits
12350061,33,tess2020351194500-s0033-0000000012350061-0203-s_lc.fits
270677163,33,tess2020351194500-s0033-0000000270677163-0203-s_lc.fits
404932577,33,tess2020351194500-s0033-0000000404932577-0203-s_lc.fits
47636304,33,tess2020351194500-s0033-0000000047636304-0203-s_lc.fits
250548216,33,tess2020351194500-s0033-0000000250548216-0203-s_lc.fits
307470105,33,tess2020351194500-s0033-0000000307470105-0203-s_lc.fits
263806715,33,tess2020351194500-s0033-0000000263806715-0203-s_lc.fits
31672239,33,tess2020351194500-s0033-0000000031672239-0203-s_lc.fits
771560034,33,tess2020351194500-s0033-0000000771560034-0203-s_lc.fits
381975772,33,tess2020351194500-s0033-0000000381975772-0203-s_lc.fits
123958468,33,tess2020351194500-s0033-0000000123958468-0203-s_lc.fits
287531051,33,tess2020351194500-s0033-0000000287531051-0203-s_lc.fits
293233498,33,tess2020351194500-s0033-0000000293233498-0203-s_lc.fits
100510452,33,tess2020351194500-s0033-0000000100510452-0203-s_lc.fits
238931356,33,tess2020351194500-s0033-0000000238931356-0203-s_lc.fits
7418535,33,tess2020351194500-s0033-0000000007418535-0203-s_lc.fits
53414713,33,tess2020351194500-s0033-0000000053414713-0203-s_lc.fits
232177132,33,tess2020351194500-s0033-0000000232177132-0203-s_lc.fits
404805415,33,tess2020351194500-s0033-0000000404805415-0203-s_lc.fits
52283228,33,tess2020351194500-s0033-0000000052283228-0203-s_lc.fits
453148346,33,tess2020351194500-s0033-0000000453148346-0203-s_lc.fits
158071288,33,tess2020351194500-s0033-0000000158071288-0203-s_lc.fits
445151012,33,tess2020351194500-s0033-0000000445151012-0203-s_lc.fits
167250269,33,tess2020351194500-s0033-0000000167250269-0203-s_lc.fits
257720864,33,tess2020351194500-s0033-0000000257720864-0203-s_lc.fits
149215481,33,tess2020351194500-s0033-0000000149215481-0203-s_lc.fits
177172698,33,tess2020351194500-s0033-0000000177172698-0203-s_lc.fits
147944847,33,tess2020351194500-s0033-0000000147944847-0203-s_lc.fits
300710284,33,tess2020351194500-s0033-0000000300710284-0203-s_lc.fits
24461638,33,tess2020351194500-s0033-0000000024461638-0203-s_lc.fits
350655963,33,tess2020351194500-s0033-0000000350655963-0203-s_lc.fits
140505413,33,tess2020351194500-s0033-0000000140505413-0203-s_lc.fits
53459373,33,tess2020351194500-s0033-0000000053459373-0203-s_lc.fits
37171049,33,tess2020351194500-s0033-0000000037171049-0203-s_lc.fits
7420753,33,tess2020351194500-s0033-0000000007420753-0203-s_lc.fits
80284017,33,tess2020351194500-s0033-0000000080284017-0203-s_lc.fits
32679466,33,tess2020351194500-s0033-0000000032679466-0203-s_lc.fits
278990983,33,tess2020351194500-s0033-0000000278990983-0203-s_lc.fits
235541220,33,tess2020351194500-s0033-0000000235541220-0203-s_lc.fits
231805983,33,tess2020351194500-s0033-0000000231805983-0203-s_lc.fits
52491434,33,tess2020351194500-s0033-0000000052491434-0203-s_lc.fits
124186254,33,tess2020351194500-s0033-0000000124186254-0203-s_lc.fits
167719120,33,tess2020351194500-s0033-0000000167719120-0203-s_lc.fits
382258844,33,tess2020351194500-s0033-0000000382258844-0203-s_lc.fits
306757983,33,tess2020351194500-s0033-0000000306757983-0203-s_lc.fits
37355824,33,tess2020351194500-s0033-0000000037355824-0203-s_lc.fits
232149726,33,tess2020351194500-s0033-0000000232149726-0203-s_lc.fits
300599466,33,tess2020351194500-s0033-0000000300599466-0203-s_lc.fits
262577945,33,tess2020351194500-s0033-0000000262577945-0203-s_lc.fits
167391326,33,tess2020351194500-s0033-0000000167391326-0203-s_lc.fits
238033596,33,tess2020351194500-s0033-0000000238033596-0203-s_lc.fits
31109182,33,tess2020351194500-s0033-0000000031109182-0203-s_lc.fits
100665013,33,tess2020351194500-s0033-0000000100665013-0203-s_lc.fits
262496957,33,tess2020351194500-s0033-0000000262496957-0203-s_lc.fits
234879286,33,tess2020351194500-s0033-0000000234879286-0203-s_lc.fits
93374713,33,tess2020351194500-s0033-0000000093374713-0203-s_lc.fits
66737131,33,tess2020351194500-s0033-0000000066737131-0203-s_lc.fits
41029088,33,tess2020351194500-s0033-0000000041029088-0203-s_lc.fits
167758599,33,tess2020351194500-s0033-0000000167758599-0203-s_lc.fits
734788019,33,tess2020351194500-s0033-0000000734788019-0203-s_lc.fits
220389297,33,tess2020351194500-s0033-0000000220389297-0203-s_lc.fits
291875256,33,tess2020351194500-s0033-0000000291875256-0203-s_lc.fits
95057215,33,tess2020351194500-s0033-0000000095057215-0203-s_lc.fits
97163078,33,tess2020351194500-s0033-0000000097163078-0203-s_lc.fits
63110482,33,tess2020351194500-s0033-0000000063110482-0203-s_lc.fits
149542947,33,tess2020351194500-s0033-0000000149542947-0203-s_lc.fits
165209291,33,tess2020351194500-s0033-0000000165209291-0203-s_lc.fits
235067975,33,tess2020351194500-s0033-0000000235067975-0203-s_lc.fits
167974855,33,tess2020351194500-s0033-0000000167974855-0203-s_lc.fits
309704701,33,tess2020351194500-s0033-0000000309704701-0203-s_lc.fits
425081475,33,tess2020351194500-s0033-0000000425081475-0203-s_lc.fits
34651520,33,tess2020351194500-s0033-0000000034651520-0203-s_lc.fits
157400415,33,tess2020351194500-s0033-0000000157400415-0203-s_lc.fits
124228104,33,tess2020351194500-s0033-0000000124228104-0203-s_lc.fits
220110900,33,tess2020351194500-s0033-0000000220110900-0203-s_lc.fits
38679011,33,tess2020351194500-s0033-0000000038679011-0203-s_lc.fits
20069767,33,tess2020351194500-s0033-0000000020069767-0203-s_lc.fits
158738673,33,tess2020351194500-s0033-0000000158738673-0203-s_lc.fits
60031353,33,tess2020351194500-s0033-0000000060031353-0203-s_lc.fits
99681732,33,tess2020351194500-s0033-0000000099681732-0203-s_lc.fits
39585237,33,tess2020351194500-s0033-0000000039585237-0203-s_lc.fits
260473548,33,tess2020351194500-s0033-0000000260473548-0203-s_lc.fits
170205963,33,tess2020351194500-s0033-0000000170205963-0203-s_lc.fits
382033285,33,tess2020351194500-s0033-0000000382033285-0203-s_lc.fits
177023289,33,tess2020351194500-s0033-0000000177023289-0203-s_lc.fits
153277784,33,tess2020351194500-s0033-0000000153277784-0203-s_lc.fits
280535461,33,tess2020351194500-s0033-0000000280535461-0203-s_lc.fits
124278588,33,tess2020351194500-s0033-0000000124278588-0203-s_lc.fits
31109583,33,tess2020351194500-s0033-0000000031109583-0203-s_lc.fits
157311610,33,tess2020351194500-s0033-0000000157311610-0203-s_lc.fits
119522909,33,tess2020351194500-s0033-0000000119522909-0203-s_lc.fits
293648017,33,tess2020351194500-s0033-0000000293648017-0203-s_lc.fits
276935568,33,tess2020351194500-s0033-0000000276935568-0203-s_lc.fits
234762373,33,tess2020351194500-s0033-0000000234762373-0203-s_lc.fits
274317645,33,tess2020351194500-s0033-0000000274317645-0203-s_lc.fits
238192896,33,tess2020351194500-s0033-0000000238192896-0203-s_lc.fits
149389419,33,tess2020351194500-s0033-0000000149389419-0203-s_lc.fits
89288586,33,tess2020351194500-s0033-0000000089288586-0203-s_lc.fits
141628339,33,tess2020351194500-s0033-0000000141628339-0203-s_lc.fits
142108251,33,tess2020351194500-s0033-0000000142108251-0203-s_lc.fits
143208335,33,tess2020351194500-s0033-0000000143208335-0203-s_lc.fits
31273008,33,tess2020351194500-s0033-0000000031273008-0203-s_lc.fits
409545220,33,tess2020351194500-s0033-0000000409545220-0203-s_lc.fits
219142714,33,tess2020351194500-s0033-0000000219142714-0203-s_lc.fits
60017282,33,tess2020351194500-s0033-0000000060017282-0203-s_lc.fits
7422948,33,tess2020351194500-s0033-0000000007422948-0203-s_lc.fits
71628662,33,tess2020351194500-s0033-0000000071628662-0203-s_lc.fits
72348954,33,tess2020351194500-s0033-0000000072348954-0203-s_lc.fits
257720376,33,tess2020351194500-s0033-0000000257720376-0203-s_lc.fits
38462406,33,tess2020351194500-s0033-0000000038462406-0203-s_lc.fits
14564874,33,tess2020351194500-s0033-0000000014564874-0203-s_lc.fits
306669564,33,tess2020351194500-s0033-0000000306669564-0203-s_lc.fits
178124696,33,tess2020351194500-s0033-0000000178124696-0203-s_lc.fits
61501350,33,tess2020351194500-s0033-0000000061501350-0203-s_lc.fits
294052132,33,tess2020351194500-s0033-0000000294052132-0203-s_lc.fits
51829779,33,tess2020351194500-s0033-0000000051829779-0203-s_lc.fits
202117848,33,tess2020351194500-s0033-0000000202117848-0203-s_lc.fits
364393429,33,tess2020351194500-s0033-0000000364393429-0203-s_lc.fits
21727307,33,tess2020351194500-s0033-0000000021727307-0203-s_lc.fits
39816398,33,tess2020351194500-s0033-0000000039816398-0203-s_lc.fits
155460141,33,tess2020351194500-s0033-0000000155460141-0203-s_lc.fits
231486891,33,tess2020351194500-s0033-0000000231486891-0203-s_lc.fits
229298443,33,tess2020351194500-s0033-0000000229298443-0203-s_lc.fits
299462850,33,tess2020351194500-s0033-0000000299462850-0203-s_lc.fits
39420805,33,tess2020351194500-s0033-0000000039420805-0203-s_lc.fits
149219376,33,tess2020351194500-s0033-0000000149219376-0203-s_lc.fits
278138619,33,tess2020351194500-s0033-0000000278138619-0203-s_lc.fits
761212971,33,tess2020351194500-s0033-0000000761212971-0203-s_lc.fits
153213701,33,tess2020351194500-s0033-0000000153213701-0203-s_lc.fits
374908008,33,tess2020351194500-s0033-0000000374908008-0203-s_lc.fits
149630147,33,tess2020351194500-s0033-0000000149630147-0203-s_lc.fits
346566694,33,tess2020351194500-s0033-0000000346566694-0203-s_lc.fits
178256190,33,tess2020351194500-s0033-0000000178256190-0203-s_lc.fits
202147574,33,tess2020351194500-s0033-0000000202147574-0203-s_lc.fits
14605806,33,tess2020351194500-s0033-0000000014605806-0203-s_lc.fits
270673723,33,tess2020351194500-s0033-0000000270673723-0203-s_lc.fits
31925114,33,tess2020351194500-s0033-0000000031925114-0203-s_lc.fits
140454958,33,tess2020351194500-s0033-0000000140454958-0203-s_lc.fits
234884796,33,tess2020351194500-s0033-0000000234884796-0203-s_lc.fits
66560666,33,tess2020351194500-s0033-0000000066560666-0203-s_lc.fits
61747690,33,tess2020351194500-s0033-0000000061747690-0203-s_lc.fits
124332475,33,tess2020351194500-s0033-0000000124332475-0203-s_lc.fits
386196828,33,tess2020351194500-s0033-0000000386196828-0203-s_lc.fits
277173789,33,tess2020351194500-s0033-0000000277173789-0203-s_lc.fits
220022917,33,tess2020351194500-s0033-0000000220022917-0203-s_lc.fits
282097478,33,tess2020351194500-s0033-0000000282097478-0203-s_lc.fits
51995257,33,tess2020351194500-s0033-0000000051995257-0203-s_lc.fits
14441322,33,tess2020351194500-s0033-0000000014441322-0203-s_lc.fits
306471461,33,tess2020351194500-s0033-0000000306471461-0203-s_lc.fits
220414907,33,tess2020351194500-s0033-0000000220414907-0203-s_lc.fits
350434027,33,tess2020351194500-s0033-0000000350434027-0203-s_lc.fits
219173985,33,tess2020351194500-s0033-0000000219173985-0203-s_lc.fits
754306877,33,tess2020351194500-s0033-0000000754306877-0203-s_lc.fits
309790592,33,tess2020351194500-s0033-0000000309790592-0203-s_lc.fits
63663439,33,tess2020351194500-s0033-0000000063663439-0203-s_lc.fits
40796053,33,tess2020351194500-s0033-0000000040796053-0203-s_lc.fits
123678617,33,tess2020351194500-s0033-0000000123678617-0203-s_lc.fits
232162353,33,tess2020351194500-s0033-0000000232162353-0203-s_lc.fits
229176106,33,tess2020351194500-s0033-0000000229176106-0203-s_lc.fits
150298300,33,tess2020351194500-s0033-0000000150298300-0203-s_lc.fits
427464297,33,tess2020351194500-s0033-0000000427464297-0203-s_lc.fits
685138773,33,tess2020351194500-s0033-0000000685138773-0203-s_lc.fits
172193428,33,tess2020351194500-s0033-0000000172193428-0203-s_lc.fits
201422679,33,tess2020351194500-s0033-0000000201422679-0203-s_lc.fits
10260058,33,tess2020351194500-s0033-0000000010260058-0203-s_lc.fits
349093484,33,tess2020351194500-s0033-0000000349093484-0203-s_lc.fits
231926410,33,tess2020351194500-s0033-0000000231926410-0203-s_lc.fits
192797670,33,tess2020351194500-s0033-0000000192797670-0203-s_lc.fits
349766899,33,tess2020351194500-s0033-0000000349766899-0203-s_lc.fits
38635856,33,tess2020351194500-s0033-0000000038635856-0203-s_lc.fits
30853028,33,tess2020351194500-s0033-0000000030853028-0203-s_lc.fits
53247148,33,tess2020351194500-s0033-0000000053247148-0203-s_lc.fits
201421381,33,tess2020351194500-s0033-0000000201421381-0203-s_lc.fits
33194538,33,tess2020351194500-s0033-0000000033194538-0203-s_lc.fits
81153419,33,tess2020351194500-s0033-0000000081153419-0203-s_lc.fits
119491772,33,tess2020351194500-s0033-0000000119491772-0203-s_lc.fits
317092370,33,tess2020351194500-s0033-0000000317092370-0203-s_lc.fits
123551862,33,tess2020351194500-s0033-0000000123551862-0203-s_lc.fits
55745232,33,tess2020351194500-s0033-0000000055745232-0203-s_lc.fits
369470247,33,tess2020351194500-s0033-0000000369470247-0203-s_lc.fits
33879593,33,tess2020351194500-s0033-0000000033879593-0203-s_lc.fits
66162318,33,tess2020351194500-s0033-0000000066162318-0203-s_lc.fits
67097647,33,tess2020351194500-s0033-0000000067097647-0203-s_lc.fits
60246689,33,tess2020351194500-s0033-0000000060246689-0203-s_lc.fits
150301529,33,tess2020351194500-s0033-0000000150301529-0203-s_lc.fits
59649100,33,tess2020351194500-s0033-0000000059649100-0203-s_lc.fits
290754276,33,tess2020351194500-s0033-0000000290754276-0203-s_lc.fits
373919576,33,tess2020351194500-s0033-0000000373919576-0203-s_lc.fits
177127914,33,tess2020351194500-s0033-0000000177127914-0203-s_lc.fits
71630310,33,tess2020351194500-s0033-0000000071630310-0203-s_lc.fits
34142502,33,tess2020351194500-s0033-0000000034142502-0203-s_lc.fits
276934414,33,tess2020351194500-s0033-0000000276934414-0203-s_lc.fits
150187373,33,tess2020351194500-s0033-0000000150187373-0203-s_lc.fits
38707482,33,tess2020351194500-s0033-0000000038707482-0203-s_lc.fits
20069201,33,tess2020351194500-s0033-0000000020069201-0203-s_lc.fits
737719938,33,tess2020351194500-s0033-0000000737719938-0203-s_lc.fits
48620356,33,tess2020351194500-s0033-0000000048620356-0203-s_lc.fits
100760937,33,tess2020351194500-s0033-0000000100760937-0203-s_lc.fits
12095151,33,tess2020351194500-s0033-0000000012095151-0203-s_lc.fits
238001475,33,tess2020351194500-s0033-0000000238001475-0203-s_lc.fits
31406797,33,tess2020351194500-s0033-0000000031406797-0203-s_lc.fits
317026391,33,tess2020351194500-s0033-0000000317026391-0203-s_lc.fits
172410050,33,tess2020351194500-s0033-0000000172410050-0203-s_lc.fits
269202769,33,tess2020351194500-s0033-0000000269202769-0203-s_lc.fits
166927759,33,tess2020351194500-s0033-0000000166927759-0203-s_lc.fits
734555437,33,tess2020351194500-s0033-0000000734555437-0203-s_lc.fits
150108651,33,tess2020351194500-s0033-0000000150108651-0203-s_lc.fits
99417296,33,tess2020351194500-s0033-0000000099417296-0203-s_lc.fits
259675124,33,tess2020351194500-s0033-0000000259675124-0203-s_lc.fits
317089802,33,tess2020351194500-s0033-0000000317089802-0203-s_lc.fits
123556145,33,tess2020351194500-s0033-0000000123556145-0203-s_lc.fits
72041421,33,tess2020351194500-s0033-0000000072041421-0203-s_lc.fits
317693619,33,tess2020351194500-s0033-0000000317693619-0203-s_lc.fits
151169747,33,tess2020351194500-s0033-0000000151169747-0203-s_lc.fits
66740505,33,tess2020351194500-s0033-0000000066740505-0203-s_lc.fits
97646800,33,tess2020351194500-s0033-0000000097646800-0203-s_lc.fits
219424034,33,tess2020351194500-s0033-0000000219424034-0203-s_lc.fits
237695203,33,tess2020351194500-s0033-0000000237695203-0203-s_lc.fits
151583715,33,tess2020351194500-s0033-0000000151583715-0203-s_lc.fits
167339945,33,tess2020351194500-s0033-0000000167339945-0203-s_lc.fits
339771969,33,tess2020351194500-s0033-0000000339771969-0203-s_lc.fits
153610963,33,tess2020351194500-s0033-0000000153610963-0203-s_lc.fits
22763818,33,tess2020351194500-s0033-0000000022763818-0203-s_lc.fits
445330336,33,tess2020351194500-s0033-0000000445330336-0203-s_lc.fits
64540041,33,tess2020351194500-s0033-0000000064540041-0203-s_lc.fits
453080848,33,tess2020351194500-s0033-0000000453080848-0203-s_lc.fits
233975043,33,tess2020351194500-s0033-0000000233975043-0203-s_lc.fits
66532433,33,tess2020351194500-s0033-0000000066532433-0203-s_lc.fits
125646423,33,tess2020351194500-s0033-0000000125646423-0203-s_lc.fits
425172285,33,tess2020351194500-s0033-0000000425172285-0203-s_lc.fits
266000553,33,tess2020351194500-s0033-0000000266000553-0203-s_lc.fits
262141119,33,tess2020351194500-s0033-0000000262141119-0203-s_lc.fits
95522230,33,tess2020351194500-s0033-0000000095522230-0203-s_lc.fits
149275235,33,tess2020351194500-s0033-0000000149275235-0203-s_lc.fits
123897356,33,tess2020351194500-s0033-0000000123897356-0203-s_lc.fits
350477495,33,tess2020351194500-s0033-0000000350477495-0203-s_lc.fits
292943428,33,tess2020351194500-s0033-0000000292943428-0203-s_lc.fits
35718970,33,tess2020351194500-s0033-0000000035718970-0203-s_lc.fits
291399386,33,tess2020351194500-s0033-0000000291399386-0203-s_lc.fits
123626598,33,tess2020351194500-s0033-0000000123626598-0203-s_lc.fits
220023554,33,tess2020351194500-s0033-0000000220023554-0203-s_lc.fits
31505975,33,tess2020351194500-s0033-0000000031505975-0203-s_lc.fits
36551851,33,tess2020351194500-s0033-0000000036551851-0203-s_lc.fits
177252842,33,tess2020351194500-s0033-0000000177252842-0203-s_lc.fits
279361255,33,tess2020351194500-s0033-0000000279361255-0203-s_lc.fits
151236987,33,tess2020351194500-s0033-0000000151236987-0203-s_lc.fits
277023992,33,tess2020351194500-s0033-0000000277023992-0203-s_lc.fits
100512763,33,tess2020351194500-s0033-0000000100512763-0203-s_lc.fits
72092209,33,tess2020351194500-s0033-0000000072092209-0203-s_lc.fits
49547177,33,tess2020351194500-s0033-0000000049547177-0203-s_lc.fits
149218284,33,tess2020351194500-s0033-0000000149218284-0203-s_lc.fits
177204351,33,tess2020351194500-s0033-0000000177204351-0203-s_lc.fits
220392279,33,tess2020351194500-s0033-0000000220392279-0203-s_lc.fits
134291517,33,tess2020351194500-s0033-0000000134291517-0203-s_lc.fits
63577512,33,tess2020351194500-s0033-0000000063577512-0203-s_lc.fits
100778947,33,tess2020351194500-s0033-0000000100778947-0203-s_lc.fits
274321940,33,tess2020351194500-s0033-0000000274321940-0203-s_lc.fits
88923484,33,tess2020351194500-s0033-0000000088923484-0203-s_lc.fits
49313930,33,tess2020351194500-s0033-0000000049313930-0203-s_lc.fits
389830671,33,tess2020351194500-s0033-0000000389830671-0203-s_lc.fits
65182740,33,tess2020351194500-s0033-0000000065182740-0203-s_lc.fits
231150961,33,tess2020351194500-s0033-0000000231150961-0203-s_lc.fits
265906574,33,tess2020351194500-s0033-0000000265906574-0203-s_lc.fits
408932150,33,tess2020351194500-s0033-0000000408932150-0203-s_lc.fits
59766413,33,tess2020351194500-s0033-0000000059766413-0203-s_lc.fits
134432674,33,tess2020351194500-s0033-0000000134432674-0203-s_lc.fits
339668420,33,tess2020351194500-s0033-0000000339668420-0203-s_lc.fits
167028384,33,tess2020351194500-s0033-0000000167028384-0203-s_lc.fits
71865915,33,tess2020351194500-s0033-0000000071865915-0203-s_lc.fits
178489528,33,tess2020351194500-s0033-0000000178489528-0203-s_lc.fits
32093027,33,tess2020351194500-s0033-0000000032093027-0203-s_lc.fits
178373275,33,tess2020351194500-s0033-0000000178373275-0203-s_lc.fits
292642288,33,tess2020351194500-s0033-0000000292642288-0203-s_lc.fits
155451763,33,tess2020351194500-s0033-0000000155451763-0203-s_lc.fits
51248611,33,tess2020351194500-s0033-0000000051248611-0203-s_lc.fits
708525186,33,tess2020351194500-s0033-0000000708525186-0203-s_lc.fits
144502856,33,tess2020351194500-s0033-0000000144502856-0203-s_lc.fits
157452624,33,tess2020351194500-s0033-0000000157452624-0203-s_lc.fits
235333310,33,tess2020351194500-s0033-0000000235333310-0203-s_lc.fits
344173871,33,tess2020351194500-s0033-0000000344173871-0203-s_lc.fits
300142911,33,tess2020351194500-s0033-0000000300142911-0203-s_lc.fits
37601240,33,tess2020351194500-s0033-0000000037601240-0203-s_lc.fits
260046314,33,tess2020351194500-s0033-0000000260046314-0203-s_lc.fits
179120455,33,tess2020351194500-s0033-0000000179120455-0203-s_lc.fits
373524217,33,tess2020351194500-s0033-0000000373524217-0203-s_lc.fits
125506566,33,tess2020351194500-s0033-0000000125506566-0203-s_lc.fits
140941153,33,tess2020351194500-s0033-0000000140941153-0203-s_lc.fits
99508609,33,tess2020351194500-s0033-0000000099508609-0203-s_lc.fits
141026267,33,tess2020351194500-s0033-0000000141026267-0203-s_lc.fits
261950515,33,tess2020351194500-s0033-0000000261950515-0203-s_lc.fits
141811540,33,tess2020351194500-s0033-0000000141811540-0203-s_lc.fits
29987437,33,tess2020351194500-s0033-0000000029987437-0203-s_lc.fits
29781430,33,tess2020351194500-s0033-0000000029781430-0203-s_lc.fits
349762144,33,tess2020351194500-s0033-0000000349762144-0203-s_lc.fits
393297906,33,tess2020351194500-s0033-0000000393297906-0203-s_lc.fits
33472544,33,tess2020351194500-s0033-0000000033472544-0203-s_lc.fits
350434379,33,tess2020351194500-s0033-0000000350434379-0203-s_lc.fits
393479064,33,tess2020351194500-s0033-0000000393479064-0203-s_lc.fits
96320775,33,tess2020351194500-s0033-0000000096320775-0203-s_lc.fits
80700489,33,tess2020351194500-s0033-0000000080700489-0203-s_lc.fits
156934252,33,tess2020351194500-s0033-0000000156934252-0203-s_lc.fits
445988447,33,tess2020351194500-s0033-0000000445988447-0203-s_lc.fits
220473037,33,tess2020351194500-s0033-0000000220473037-0203-s_lc.fits
277172433,33,tess2020351194500-s0033-0000000277172433-0203-s_lc.fits
364395704,33,tess2020351194500-s0033-0000000364395704-0203-s_lc.fits
167888736,33,tess2020351194500-s0033-0000000167888736-0203-s_lc.fits
278955182,33,tess2020351194500-s0033-0000000278955182-0203-s_lc.fits
306470257,33,tess2020351194500-s0033-0000000306470257-0203-s_lc.fits
178476456,33,tess2020351194500-s0033-0000000178476456-0203-s_lc.fits
234730980,33,tess2020351194500-s0033-0000000234730980-0203-s_lc.fits
292183016,33,tess2020351194500-s0033-0000000292183016-0203-s_lc.fits
220340812,33,tess2020351194500-s0033-0000000220340812-0203-s_lc.fits
364588805,33,tess2020351194500-s0033-0000000364588805-0203-s_lc.fits
123662896,33,tess2020351194500-s0033-0000000123662896-0203-s_lc.fits
260536927,33,tess2020351194500-s0033-0000000260536927-0203-s_lc.fits
160378588,33,tess2020351194500-s0033-0000000160378588-0203-s_lc.fits
65550160,33,tess2020351194500-s0033-0000000065550160-0203-s_lc.fits
170202020,33,tess2020351194500-s0033-0000000170202020-0203-s_lc.fits
55452918,33,tess2020351194500-s0033-0000000055452918-0203-s_lc.fits
167748771,33,tess2020351194500-s0033-0000000167748771-0203-s_lc.fits
192826201,33,tess2020351194500-s0033-0000000192826201-0203-s_lc.fits
11901992,33,tess2020351194500-s0033-0000000011901992-0203-s_lc.fits
235288178,33,tess2020351194500-s0033-0000000235288178-0203-s_lc.fits
7446418,33,tess2020351194500-s0033-0000000007446418-0203-s_lc.fits
5280513,33,tess2020351194500-s0033-0000000005280513-0203-s_lc.fits
445392816,33,tess2020351194500-s0033-0000000445392816-0203-s_lc.fits
156635737,33,tess2020351194500-s0033-0000000156635737-0203-s_lc.fits
125263645,33,tess2020351194500-s0033-0000000125263645-0203-s_lc.fits
67161159,33,tess2020351194500-s0033-0000000067161159-0203-s_lc.fits
206999612,33,tess2020351194500-s0033-0000000206999612-0203-s_lc.fits
37349629,33,tess2020351194500-s0033-0000000037349629-0203-s_lc.fits
32090046,33,tess2020351194500-s0033-0000000032090046-0203-s_lc.fits
685569032,33,tess2020351194500-s0033-0000000685569032-0203-s_lc.fits
39673811,33,tess2020351194500-s0033-0000000039673811-0203-s_lc.fits
55557707,33,tess2020351194500-s0033-0000000055557707-0203-s_lc.fits
106492339,33,tess2020351194500-s0033-0000000106492339-0203-s_lc.fits
52168546,33,tess2020351194500-s0033-0000000052168546-0203-s_lc.fits
153215805,33,tess2020351194500-s0033-0000000153215805-0203-s_lc.fits
220038783,33,tess2020351194500-s0033-0000000220038783-0203-s_lc.fits
150140320,33,tess2020351194500-s0033-0000000150140320-0203-s_lc.fits
179159972,33,tess2020351194500-s0033-0000000179159972-0203-s_lc.fits
263281037,33,tess2020351194500-s0033-0000000263281037-0203-s_lc.fits
294096115,33,tess2020351194500-s0033-0000000294096115-0203-s_lc.fits
350028973,33,tess2020351194500-s0033-0000000350028973-0203-s_lc.fits
350585437,33,tess2020351194500-s0033-0000000350585437-0203-s_lc.fits
25116423,33,tess2020351194500-s0033-0000000025116423-0203-s_lc.fits
123666449,33,tess2020351194500-s0033-0000000123666449-0203-s_lc.fits
364424617,33,tess2020351194500-s0033-0000000364424617-0203-s_lc.fits
349306314,33,tess2020351194500-s0033-0000000349306314-0203-s_lc.fits
34653210,33,tess2020351194500-s0033-0000000034653210-0203-s_lc.fits
278183342,33,tess2020351194500-s0033-0000000278183342-0203-s_lc.fits
30933383,33,tess2020351194500-s0033-0000000030933383-0203-s_lc.fits
300029197,33,tess2020351194500-s0033-0000000300029197-0203-s_lc.fits
350745242,33,tess2020351194500-s0033-0000000350745242-0203-s_lc.fits
168526590,33,tess2020351194500-s0033-0000000168526590-0203-s_lc.fits
235412101,33,tess2020351194500-s0033-0000000235412101-0203-s_lc.fits
393456251,33,tess2020351194500-s0033-0000000393456251-0203-s_lc.fits
24531951,33,tess2020351194500-s0033-0000000024531951-0203-s_lc.fits
200391792,33,tess2020351194500-s0033-0000000200391792-0203-s_lc.fits
140998116,33,tess2020351194500-s0033-0000000140998116-0203-s_lc.fits
291969823,33,tess2020351194500-s0033-0000000291969823-0203-s_lc.fits
200391787,33,tess2020351194500-s0033-0000000200391787-0203-s_lc.fits
148273571,33,tess2020351194500-s0033-0000000148273571-0203-s_lc.fits
167889402,33,tess2020351194500-s0033-0000000167889402-0203-s_lc.fits
177115893,33,tess2020351194500-s0033-0000000177115893-0203-s_lc.fits
80666246,33,tess2020351194500-s0033-0000000080666246-0203-s_lc.fits
765093209,33,tess2020351194500-s0033-0000000765093209-0203-s_lc.fits
177268688,33,tess2020351194500-s0033-0000000177268688-0203-s_lc.fits
375035218,33,tess2020351194500-s0033-0000000375035218-0203-s_lc.fits
320346426,33,tess2020351194500-s0033-0000000320346426-0203-s_lc.fits
231924832,33,tess2020351194500-s0033-0000000231924832-0203-s_lc.fits
425149181,33,tess2020351194500-s0033-0000000425149181-0203-s_lc.fits
177307515,33,tess2020351194500-s0033-0000000177307515-0203-s_lc.fits
237729067,33,tess2020351194500-s0033-0000000237729067-0203-s_lc.fits
502451053,33,tess2020351194500-s0033-0000000502451053-0203-s_lc.fits
237940785,33,tess2020351194500-s0033-0000000237940785-0203-s_lc.fits
735972196,33,tess2020351194500-s0033-0000000735972196-0203-s_lc.fits
260419356,33,tess2020351194500-s0033-0000000260419356-0203-s_lc.fits
39217420,33,tess2020351194500-s0033-0000000039217420-0203-s_lc.fits
393491149,33,tess2020351194500-s0033-0000000393491149-0203-s_lc.fits
382198789,33,tess2020351194500-s0033-0000000382198789-0203-s_lc.fits
271697953,33,tess2020351194500-s0033-0000000271697953-0203-s_lc.fits
262199794,33,tess2020351194500-s0033-0000000262199794-0203-s_lc.fits
143079304,33,tess2020351194500-s0033-0000000143079304-0203-s_lc.fits
364266333,33,tess2020351194500-s0033-0000000364266333-0203-s_lc.fits
349788510,33,tess2020351194500-s0033-0000000349788510-0203-s_lc.fits
279476396,33,tess2020351194500-s0033-0000000279476396-0203-s_lc.fits
33551471,33,tess2020351194500-s0033-0000000033551471-0203-s_lc.fits
48048157,33,tess2020351194500-s0033-0000000048048157-0203-s_lc.fits
55402208,33,tess2020351194500-s0033-0000000055402208-0203-s_lc.fits
125690668,33,tess2020351194500-s0033-0000000125690668-0203-s_lc.fits
151562219,33,tess2020351194500-s0033-0000000151562219-0203-s_lc.fits
220476055,33,tess2020351194500-s0033-0000000220476055-0203-s_lc.fits
257722295,33,tess2020351194500-s0033-0000000257722295-0203-s_lc.fits
264412426,33,tess2020351194500-s0033-0000000264412426-0203-s_lc.fits
272196057,33,tess2020351194500-s0033-0000000272196057-0203-s_lc.fits
376939890,33,tess2020351194500-s0033-0000000376939890-0203-s_lc.fits
5499331,33,tess2020351194500-s0033-0000000005499331-0203-s_lc.fits
340000943,33,tess2020351194500-s0033-0000000340000943-0203-s_lc.fits
296063247,33,tess2020351194500-s0033-0000000296063247-0203-s_lc.fits
59944386,33,tess2020351194500-s0033-0000000059944386-0203-s_lc.fits
167010837,33,tess2020351194500-s0033-0000000167010837-0203-s_lc.fits
38827910,33,tess2020351194500-s0033-0000000038827910-0203-s_lc.fits
220027876,33,tess2020351194500-s0033-0000000220027876-0203-s_lc.fits
78442527,33,tess2020351194500-s0033-0000000078442527-0203-s_lc.fits
22861782,33,tess2020351194500-s0033-0000000022861782-0203-s_lc.fits
737801355,33,tess2020351194500-s0033-0000000737801355-0203-s_lc.fits
231728962,33,tess2020351194500-s0033-0000000231728962-0203-s_lc.fits
201391310,33,tess2020351194500-s0033-0000000201391310-0203-s_lc.fits
258980320,33,tess2020351194500-s0033-0000000258980320-0203-s_lc.fits
374912514,33,tess2020351194500-s0033-0000000374912514-0203-s_lc.fits
299316868,33,tess2020351194500-s0033-0000000299316868-0203-s_lc.fits
438211553,33,tess2020351194500-s0033-0000000438211553-0203-s_lc.fits
232029016,33,tess2020351194500-s0033-0000000232029016-0203-s_lc.fits
206727400,33,tess2020351194500-s0033-0000000206727400-0203-s_lc.fits
156732845,33,tess2020351194500-s0033-0000000156732845-0203-s_lc.fits
373843872,33,tess2020351194500-s0033-0000000373843872-0203-s_lc.fits
143108001,33,tess2020351194500-s0033-0000000143108001-0203-s_lc.fits
287530364,33,tess2020351194500-s0033-0000000287530364-0203-s_lc.fits
153286163,33,tess2020351194500-s0033-0000000153286163-0203-s_lc.fits
79301255,33,tess2020351194500-s0033-0000000079301255-0203-s_lc.fits
250443621,33,tess2020351194500-s0033-0000000250443621-0203-s_lc.fits
388107420,33,tess2020351194500-s0033-0000000388107420-0203-s_lc.fits
96798502,33,tess2020351194500-s0033-0000000096798502-0203-s_lc.fits
350619392,33,tess2020351194500-s0033-0000000350619392-0203-s_lc.fits
151564022,33,tess2020351194500-s0033-0000000151564022-0203-s_lc.fits
350446400,33,tess2020351194500-s0033-0000000350446400-0203-s_lc.fits
96925975,33,tess2020351194500-s0033-0000000096925975-0203-s_lc.fits
219149461,33,tess2020351194500-s0033-0000000219149461-0203-s_lc.fits
263593843,33,tess2020351194500-s0033-0000000263593843-0203-s_lc.fits
272236113,33,tess2020351194500-s0033-0000000272236113-0203-s_lc.fits
32590805,33,tess2020351194500-s0033-0000000032590805-0203-s_lc.fits
178635630,33,tess2020351194500-s0033-0000000178635630-0203-s_lc.fits
453100169,33,tess2020351194500-s0033-0000000453100169-0203-s_lc.fits
38844604,33,tess2020351194500-s0033-0000000038844604-0203-s_lc.fits
220322393,33,tess2020351194500-s0033-0000000220322393-0203-s_lc.fits
167718398,33,tess2020351194500-s0033-0000000167718398-0203-s_lc.fits
349965606,33,tess2020351194500-s0033-0000000349965606-0203-s_lc.fits
453194310,33,tess2020351194500-s0033-0000000453194310-0203-s_lc.fits
320544303,33,tess2020351194500-s0033-0000000320544303-0203-s_lc.fits
219183080,33,tess2020351194500-s0033-0000000219183080-0203-s_lc.fits
177722615,33,tess2020351194500-s0033-0000000177722615-0203-s_lc.fits
65183404,33,tess2020351194500-s0033-0000000065183404-0203-s_lc.fits
66563761,33,tess2020351194500-s0033-0000000066563761-0203-s_lc.fits
684880502,33,tess2020351194500-s0033-0000000684880502-0203-s_lc.fits
33943026,33,tess2020351194500-s0033-0000000033943026-0203-s_lc.fits
55298271,33,tess2020351194500-s0033-0000000055298271-0203-s_lc.fits
25130735,33,tess2020351194500-s0033-0000000025130735-0203-s_lc.fits
40343782,33,tess2020351194500-s0033-0000000040343782-0203-s_lc.fits
453120269,33,tess2020351194500-s0033-0000000453120269-0203-s_lc.fits
220389296,33,tess2020351194500-s0033-0000000220389296-0203-s_lc.fits
409006900,33,tess2020351194500-s0033-0000000409006900-0203-s_lc.fits
52280015,33,tess2020351194500-s0033-0000000052280015-0203-s_lc.fits
235488755,33,tess2020351194500-s0033-0000000235488755-0203-s_lc.fits
150250617,33,tess2020351194500-s0033-0000000150250617-0203-s_lc.fits
153409041,33,tess2020351194500-s0033-0000000153409041-0203-s_lc.fits
100831820,33,tess2020351194500-s0033-0000000100831820-0203-s_lc.fits
260305086,33,tess2020351194500-s0033-0000000260305086-0203-s_lc.fits
172741681,33,tess2020351194500-s0033-0000000172741681-0203-s_lc.fits
348993084,33,tess2020351194500-s0033-0000000348993084-0203-s_lc.fits
292279088,33,tess2020351194500-s0033-0000000292279088-0203-s_lc.fits
229361045,33,tess2020351194500-s0033-0000000229361045-0203-s_lc.fits
124088671,33,tess2020351194500-s0033-0000000124088671-0203-s_lc.fits
270577178,33,tess2020351194500-s0033-0000000270577178-0203-s_lc.fits
219158454,33,tess2020351194500-s0033-0000000219158454-0203-s_lc.fits
42334982,33,tess2020351194500-s0033-0000000042334982-0203-s_lc.fits
300087569,33,tess2020351194500-s0033-0000000300087569-0203-s_lc.fits
149474739,33,tess2020351194500-s0033-0000000149474739-0203-s_lc.fits
317335401,33,tess2020351194500-s0033-0000000317335401-0203-s_lc.fits
95332541,33,tess2020351194500-s0033-0000000095332541-0203-s_lc.fits
79387845,33,tess2020351194500-s0033-0000000079387845-0203-s_lc.fits
38824311,33,tess2020351194500-s0033-0000000038824311-0203-s_lc.fits
436338455,33,tess2020351194500-s0033-0000000436338455-0203-s_lc.fits
232277899,33,tess2020351194500-s0033-0000000232277899-0203-s_lc.fits
52282509,33,tess2020351194500-s0033-0000000052282509-0203-s_lc.fits
309616959,33,tess2020351194500-s0033-0000000309616959-0203-s_lc.fits
295616418,33,tess2020351194500-s0033-0000000295616418-0203-s_lc.fits
281915055,33,tess2020351194500-s0033-0000000281915055-0203-s_lc.fits
63039330,33,tess2020351194500-s0033-0000000063039330-0203-s_lc.fits
7422013,33,tess2020351194500-s0033-0000000007422013-0203-s_lc.fits
238031512,33,tess2020351194500-s0033-0000000238031512-0203-s_lc.fits
167745729,33,tess2020351194500-s0033-0000000167745729-0203-s_lc.fits
141425049,33,tess2020351194500-s0033-0000000141425049-0203-s_lc.fits
26345754,33,tess2020351194500-s0033-0000000026345754-0203-s_lc.fits
370041736,33,tess2020351194500-s0033-0000000370041736-0203-s_lc.fits
124942311,33,tess2020351194500-s0033-0000000124942311-0203-s_lc.fits
34434878,33,tess2020351194500-s0033-0000000034434878-0203-s_lc.fits
167526477,33,tess2020351194500-s0033-0000000167526477-0203-s_lc.fits
35719440,33,tess2020351194500-s0033-0000000035719440-0203-s_lc.fits
350930869,33,tess2020351194500-s0033-0000000350930869-0203-s_lc.fits
130519990,33,tess2020351194500-s0033-0000000130519990-0203-s_lc.fits
219374676,33,tess2020351194500-s0033-0000000219374676-0203-s_lc.fits
279157069,33,tess2020351194500-s0033-0000000279157069-0203-s_lc.fits
65144290,33,tess2020351194500-s0033-0000000065144290-0203-s_lc.fits
350822079,33,tess2020351194500-s0033-0000000350822079-0203-s_lc.fits
260044425,33,tess2020351194500-s0033-0000000260044425-0203-s_lc.fits
59846132,33,tess2020351194500-s0033-0000000059846132-0203-s_lc.fits
260708708,33,tess2020351194500-s0033-0000000260708708-0203-s_lc.fits
173144260,33,tess2020351194500-s0033-0000000173144260-0203-s_lc.fits
37914373,33,tess2020351194500-s0033-0000000037914373-0203-s_lc.fits
238060327,33,tess2020351194500-s0033-0000000238060327-0203-s_lc.fits
123660876,33,tess2020351194500-s0033-0000000123660876-0203-s_lc.fits
52976057,33,tess2020351194500-s0033-0000000052976057-0203-s_lc.fits
167257367,33,tess2020351194500-s0033-0000000167257367-0203-s_lc.fits
235402988,33,tess2020351194500-s0033-0000000235402988-0203-s_lc.fits
64438538,33,tess2020351194500-s0033-0000000064438538-0203-s_lc.fits
151359586,33,tess2020351194500-s0033-0000000151359586-0203-s_lc.fits
22638074,33,tess2020351194500-s0033-0000000022638074-0203-s_lc.fits
157746035,33,tess2020351194500-s0033-0000000157746035-0203-s_lc.fits
287488950,33,tess2020351194500-s0033-0000000287488950-0203-s_lc.fits
387144412,33,tess2020351194500-s0033-0000000387144412-0203-s_lc.fits
167163613,33,tess2020351194500-s0033-0000000167163613-0203-s_lc.fits
237445611,33,tess2020351194500-s0033-0000000237445611-0203-s_lc.fits
374911329,33,tess2020351194500-s0033-0000000374911329-0203-s_lc.fits
98800746,33,tess2020351194500-s0033-0000000098800746-0203-s_lc.fits
220424200,33,tess2020351194500-s0033-0000000220424200-0203-s_lc.fits
255741517,33,tess2020351194500-s0033-0000000255741517-0203-s_lc.fits
219191971,33,tess2020351194500-s0033-0000000219191971-0203-s_lc.fits
140596539,33,tess2020351194500-s0033-0000000140596539-0203-s_lc.fits
140858140,33,tess2020351194500-s0033-0000000140858140-0203-s_lc.fits
100592289,33,tess2020351194500-s0033-0000000100592289-0203-s_lc.fits
294750131,33,tess2020351194500-s0033-0000000294750131-0203-s_lc.fits
207277638,33,tess2020351194500-s0033-0000000207277638-0203-s_lc.fits
49666129,33,tess2020351194500-s0033-0000000049666129-0203-s_lc.fits
33714875,33,tess2020351194500-s0033-0000000033714875-0203-s_lc.fits
234728133,33,tess2020351194500-s0033-0000000234728133-0203-s_lc.fits
234818902,33,tess2020351194500-s0033-0000000234818902-0203-s_lc.fits
24451239,33,tess2020351194500-s0033-0000000024451239-0203-s_lc.fits
33104115,33,tess2020351194500-s0033-0000000033104115-0203-s_lc.fits
143231715,33,tess2020351194500-s0033-0000000143231715-0203-s_lc.fits
306336810,33,tess2020351194500-s0033-0000000306336810-0203-s_lc.fits
130422016,33,tess2020351194500-s0033-0000000130422016-0203-s_lc.fits
167309586,33,tess2020351194500-s0033-0000000167309586-0203-s_lc.fits
124651221,33,tess2020351194500-s0033-0000000124651221-0203-s_lc.fits
176875890,33,tess2020351194500-s0033-0000000176875890-0203-s_lc.fits
155364131,33,tess2020351194500-s0033-0000000155364131-0203-s_lc.fits
382146576,33,tess2020351194500-s0033-0000000382146576-0203-s_lc.fits
143176015,33,tess2020351194500-s0033-0000000143176015-0203-s_lc.fits
93125144,33,tess2020351194500-s0033-0000000093125144-0203-s_lc.fits
350711249,33,tess2020351194500-s0033-0000000350711249-0203-s_lc.fits
81939539,33,tess2020351194500-s0033-0000000081939539-0203-s_lc.fits
382268851,33,tess2020351194500-s0033-0000000382268851-0203-s_lc.fits
124496972,33,tess2020351194500-s0033-0000000124496972-0203-s_lc.fits
192784476,33,tess2020351194500-s0033-0000000192784476-0203-s_lc.fits
306830024,33,tess2020351194500-s0033-0000000306830024-0203-s_lc.fits
350518530,33,tess2020351194500-s0033-0000000350518530-0203-s_lc.fits
91694570,33,tess2020351194500-s0033-0000000091694570-0203-s_lc.fits
7465308,33,tess2020351194500-s0033-0000000007465308-0203-s_lc.fits
281581467,33,tess2020351194500-s0033-0000000281581467-0203-s_lc.fits
251189060,33,tess2020351194500-s0033-0000000251189060-0203-s_lc.fits
235485884,33,tess2020351194500-s0033-0000000235485884-0203-s_lc.fits
48170514,33,tess2020351194500-s0033-0000000048170514-0203-s_lc.fits
287585775,33,tess2020351194500-s0033-0000000287585775-0203-s_lc.fits
350860764,33,tess2020351194500-s0033-0000000350860764-0203-s_lc.fits
235540115,33,tess2020351194500-s0033-0000000235540115-0203-s_lc.fits
11899973,33,tess2020351194500-s0033-0000000011899973-0203-s_lc.fits
271596225,33,tess2020351194500-s0033-0000000271596225-0203-s_lc.fits
287770106,33,tess2020351194500-s0033-0000000287770106-0203-s_lc.fits
60242719,33,tess2020351194500-s0033-0000000060242719-0203-s_lc.fits
317588677,33,tess2020351194500-s0033-0000000317588677-0203-s_lc.fits
453076777,33,tess2020351194500-s0033-0000000453076777-0203-s_lc.fits
66977080,33,tess2020351194500-s0033-0000000066977080-0203-s_lc.fits
37087585,33,tess2020351194500-s0033-0000000037087585-0203-s_lc.fits
317416319,33,tess2020351194500-s0033-0000000317416319-0203-s_lc.fits
141824122,33,tess2020351194500-s0033-0000000141824122-0203-s_lc.fits
31179797,33,tess2020351194500-s0033-0000000031179797-0203-s_lc.fits
279957640,33,tess2020351194500-s0033-0000000279957640-0203-s_lc.fits
67092726,33,tess2020351194500-s0033-0000000067092726-0203-s_lc.fits
41258782,33,tess2020351194500-s0033-0000000041258782-0203-s_lc.fits
264480173,33,tess2020351194500-s0033-0000000264480173-0203-s_lc.fits
438146879,33,tess2020351194500-s0033-0000000438146879-0203-s_lc.fits
278685466,33,tess2020351194500-s0033-0000000278685466-0203-s_lc.fits
291584619,33,tess2020351194500-s0033-0000000291584619-0203-s_lc.fits
294274252,33,tess2020351194500-s0033-0000000294274252-0203-s_lc.fits
337181656,33,tess2020351194500-s0033-0000000337181656-0203-s_lc.fits
29780677,33,tess2020351194500-s0033-0000000029780677-0203-s_lc.fits
33045706,33,tess2020351194500-s0033-0000000033045706-0203-s_lc.fits
294399715,33,tess2020351194500-s0033-0000000294399715-0203-s_lc.fits
295072161,33,tess2020351194500-s0033-0000000295072161-0203-s_lc.fits
238227299,33,tess2020351194500-s0033-0000000238227299-0203-s_lc.fits
279360413,33,tess2020351194500-s0033-0000000279360413-0203-s_lc.fits
738319118,33,tess2020351194500-s0033-0000000738319118-0203-s_lc.fits
165150656,33,tess2020351194500-s0033-0000000165150656-0203-s_lc.fits
279571026,33,tess2020351194500-s0033-0000000279571026-0203-s_lc.fits
292526876,33,tess2020351194500-s0033-0000000292526876-0203-s_lc.fits
26525492,33,tess2020351194500-s0033-0000000026525492-0203-s_lc.fits
231725460,33,tess2020351194500-s0033-0000000231725460-0203-s_lc.fits
219375454,33,tess2020351194500-s0033-0000000219375454-0203-s_lc.fits
93210213,33,tess2020351194500-s0033-0000000093210213-0203-s_lc.fits
38813141,33,tess2020351194500-s0033-0000000038813141-0203-s_lc.fits
21578169,33,tess2020351194500-s0033-0000000021578169-0203-s_lc.fits
279516815,33,tess2020351194500-s0033-0000000279516815-0203-s_lc.fits
314865991,33,tess2020351194500-s0033-0000000314865991-0203-s_lc.fits
37307512,33,tess2020351194500-s0033-0000000037307512-0203-s_lc.fits
35712745,33,tess2020351194500-s0033-0000000035712745-0203-s_lc.fits
322684903,33,tess2020351194500-s0033-0000000322684903-0203-s_lc.fits
179369863,33,tess2020351194500-s0033-0000000179369863-0203-s_lc.fits
201493376,33,tess2020351194500-s0033-0000000201493376-0203-s_lc.fits
49771599,33,tess2020351194500-s0033-0000000049771599-0203-s_lc.fits
349572491,33,tess2020351194500-s0033-0000000349572491-0203-s_lc.fits
355357537,33,tess2020351194500-s0033-0000000355357537-0203-s_lc.fits
52804230,33,tess2020351194500-s0033-0000000052804230-0203-s_lc.fits
55652035,33,tess2020351194500-s0033-0000000055652035-0203-s_lc.fits
52813662,33,tess2020351194500-s0033-0000000052813662-0203-s_lc.fits
52808765,33,tess2020351194500-s0033-0000000052808765-0203-s_lc.fits
37354067,33,tess2020351194500-s0033-0000000037354067-0203-s_lc.fits
140689601,33,tess2020351194500-s0033-0000000140689601-0203-s_lc.fits
257720966,33,tess2020351194500-s0033-0000000257720966-0203-s_lc.fits
80662407,33,tess2020351194500-s0033-0000000080662407-0203-s_lc.fits
20072363,33,tess2020351194500-s0033-0000000020072363-0203-s_lc.fits
39295788,33,tess2020351194500-s0033-0000000039295788-0203-s_lc.fits
407699919,33,tess2020351194500-s0033-0000000407699919-0203-s_lc.fits
231927340,33,tess2020351194500-s0033-0000000231927340-0203-s_lc.fits
29781292,33,tess2020351194500-s0033-0000000029781292-0203-s_lc.fits
37201119,33,tess2020351194500-s0033-0000000037201119-0203-s_lc.fits
38469670,33,tess2020351194500-s0033-0000000038469670-0203-s_lc.fits
149935360,33,tess2020351194500-s0033-0000000149935360-0203-s_lc.fits
231340110,33,tess2020351194500-s0033-0000000231340110-0203-s_lc.fits
281631335,33,tess2020351194500-s0033-0000000281631335-0203-s_lc.fits
340215551,33,tess2020351194500-s0033-0000000340215551-0203-s_lc.fits
737805571,33,tess2020351194500-s0033-0000000737805571-0203-s_lc.fits
31655134,33,tess2020351194500-s0033-0000000031655134-0203-s_lc.fits
279093423,33,tess2020351194500-s0033-0000000279093423-0203-s_lc.fits
410445955,33,tess2020351194500-s0033-0000000410445955-0203-s_lc.fits
257721027,33,tess2020351194500-s0033-0000000257721027-0203-s_lc.fits
140892373,33,tess2020351194500-s0033-0000000140892373-0203-s_lc.fits
48644515,33,tess2020351194500-s0033-0000000048644515-0203-s_lc.fits
33870374,33,tess2020351194500-s0033-0000000033870374-0203-s_lc.fits
51829691,33,tess2020351194500-s0033-0000000051829691-0203-s_lc.fits
22600311,33,tess2020351194500-s0033-0000000022600311-0203-s_lc.fits
64143426,33,tess2020351194500-s0033-0000000064143426-0203-s_lc.fits
149349037,33,tess2020351194500-s0033-0000000149349037-0203-s_lc.fits
340356099,33,tess2020351194500-s0033-0000000340356099-0203-s_lc.fits
278778068,33,tess2020351194500-s0033-0000000278778068-0203-s_lc.fits
340256178,33,tess2020351194500-s0033-0000000340256178-0203-s_lc.fits
220340700,33,tess2020351194500-s0033-0000000220340700-0203-s_lc.fits
207333665,33,tess2020351194500-s0033-0000000207333665-0203-s_lc.fits
471013582,33,tess2020351194500-s0033-0000000471013582-0203-s_lc.fits
438505652,33,tess2020351194500-s0033-0000000438505652-0203-s_lc.fits
150271169,33,tess2020351194500-s0033-0000000150271169-0203-s_lc.fits
60144812,33,tess2020351194500-s0033-0000000060144812-0203-s_lc.fits
403696103,33,tess2020351194500-s0033-0000000403696103-0203-s_lc.fits
93279254,33,tess2020351194500-s0033-0000000093279254-0203-s_lc.fits
293271686,33,tess2020351194500-s0033-0000000293271686-0203-s_lc.fits
717101249,33,tess2020351194500-s0033-0000000717101249-0203-s_lc.fits
124094532,33,tess2020351194500-s0033-0000000124094532-0203-s_lc.fits
22863205,33,tess2020351194500-s0033-0000000022863205-0203-s_lc.fits
231939641,33,tess2020351194500-s0033-0000000231939641-0203-s_lc.fits
146980536,33,tess2020351194500-s0033-0000000146980536-0203-s_lc.fits
438219856,33,tess2020351194500-s0033-0000000438219856-0203-s_lc.fits
219208389,33,tess2020351194500-s0033-0000000219208389-0203-s_lc.fits
237828065,33,tess2020351194500-s0033-0000000237828065-0203-s_lc.fits
38699658,33,tess2020351194500-s0033-0000000038699658-0203-s_lc.fits
284344145,33,tess2020351194500-s0033-0000000284344145-0203-s_lc.fits
219171711,33,tess2020351194500-s0033-0000000219171711-0203-s_lc.fits
30722560,33,tess2020351194500-s0033-0000000030722560-0203-s_lc.fits
290053371,33,tess2020351194500-s0033-0000000290053371-0203-s_lc.fits
382068518,33,tess2020351194500-s0033-0000000382068518-0203-s_lc.fits
156694807,33,tess2020351194500-s0033-0000000156694807-0203-s_lc.fits
336994207,33,tess2020351194500-s0033-0000000336994207-0203-s_lc.fits
284446669,33,tess2020351194500-s0033-0000000284446669-0203-s_lc.fits
124081634,33,tess2020351194500-s0033-0000000124081634-0203-s_lc.fits
262442258,33,tess2020351194500-s0033-0000000262442258-0203-s_lc.fits
29628522,33,tess2020351194500-s0033-0000000029628522-0203-s_lc.fits
237933747,33,tess2020351194500-s0033-0000000237933747-0203-s_lc.fits
219179162,33,tess2020351194500-s0033-0000000219179162-0203-s_lc.fits
278729415,33,tess2020351194500-s0033-0000000278729415-0203-s_lc.fits
46741196,33,tess2020351194500-s0033-0000000046741196-0203-s_lc.fits
59725961,33,tess2020351194500-s0033-0000000059725961-0203-s_lc.fits
262613583,33,tess2020351194500-s0033-0000000262613583-0203-s_lc.fits
231937440,33,tess2020351194500-s0033-0000000231937440-0203-s_lc.fits
393452839,33,tess2020351194500-s0033-0000000393452839-0203-s_lc.fits
260507500,33,tess2020351194500-s0033-0000000260507500-0203-s_lc.fits
20299658,33,tess2020351194500-s0033-0000000020299658-0203-s_lc.fits
238022771,33,tess2020351194500-s0033-0000000238022771-0203-s_lc.fits
262133902,33,tess2020351194500-s0033-0000000262133902-0203-s_lc.fits
231230121,33,tess2020351194500-s0033-0000000231230121-0203-s_lc.fits
143216825,33,tess2020351194500-s0033-0000000143216825-0203-s_lc.fits
293652821,33,tess2020351194500-s0033-0000000293652821-0203-s_lc.fits
804762481,33,tess2020351194500-s0033-0000000804762481-0203-s_lc.fits
229338098,33,tess2020351194500-s0033-0000000229338098-0203-s_lc.fits
350336132,33,tess2020351194500-s0033-0000000350336132-0203-s_lc.fits
440762090,33,tess2020351194500-s0033-0000000440762090-0203-s_lc.fits
219183253,33,tess2020351194500-s0033-0000000219183253-0203-s_lc.fits
229191727,33,tess2020351194500-s0033-0000000229191727-0203-s_lc.fits
382258326,33,tess2020351194500-s0033-0000000382258326-0203-s_lc.fits
220298408,33,tess2020351194500-s0033-0000000220298408-0203-s_lc.fits
438399004,33,tess2020351194500-s0033-0000000438399004-0203-s_lc.fits
255784611,33,tess2020351194500-s0033-0000000255784611-0203-s_lc.fits
48170402,33,tess2020351194500-s0033-0000000048170402-0203-s_lc.fits
10254683,33,tess2020351194500-s0033-0000000010254683-0203-s_lc.fits
272129477,33,tess2020351194500-s0033-0000000272129477-0203-s_lc.fits
141979739,33,tess2020351194500-s0033-0000000141979739-0203-s_lc.fits
262132043,33,tess2020351194500-s0033-0000000262132043-0203-s_lc.fits
80399825,33,tess2020351194500-s0033-0000000080399825-0203-s_lc.fits
30187438,33,tess2020351194500-s0033-0000000030187438-0203-s_lc.fits
98168772,33,tess2020351194500-s0033-0000000098168772-0203-s_lc.fits
393451238,33,tess2020351194500-s0033-0000000393451238-0203-s_lc.fits
234069940,33,tess2020351194500-s0033-0000000234069940-0203-s_lc.fits
300970893,33,tess2020351194500-s0033-0000000300970893-0203-s_lc.fits
771965133,33,tess2020351194500-s0033-0000000771965133-0203-s_lc.fits
149628795,33,tess2020351194500-s0033-0000000149628795-0203-s_lc.fits
301273782,33,tess2020351194500-s0033-0000000301273782-0203-s_lc.fits
318788680,33,tess2020351194500-s0033-0000000318788680-0203-s_lc.fits
220418836,33,tess2020351194500-s0033-0000000220418836-0203-s_lc.fits
277301936,33,tess2020351194500-s0033-0000000277301936-0203-s_lc.fits
201374976,33,tess2020351194500-s0033-0000000201374976-0203-s_lc.fits
141621885,33,tess2020351194500-s0033-0000000141621885-0203-s_lc.fits
389325751,33,tess2020351194500-s0033-0000000389325751-0203-s_lc.fits
72424447,33,tess2020351194500-s0033-0000000072424447-0203-s_lc.fits
278820988,33,tess2020351194500-s0033-0000000278820988-0203-s_lc.fits
24894207,33,tess2020351194500-s0033-0000000024894207-0203-s_lc.fits
229172957,33,tess2020351194500-s0033-0000000229172957-0203-s_lc.fits
24624670,33,tess2020351194500-s0033-0000000024624670-0203-s_lc.fits
63891195,33,tess2020351194500-s0033-0000000063891195-0203-s_lc.fits
71727471,33,tess2020351194500-s0033-0000000071727471-0203-s_lc.fits
220613708,33,tess2020351194500-s0033-0000000220613708-0203-s_lc.fits
59942785,33,tess2020351194500-s0033-0000000059942785-0203-s_lc.fits
124923541,33,tess2020351194500-s0033-0000000124923541-0203-s_lc.fits
237718353,33,tess2020351194500-s0033-0000000237718353-0203-s_lc.fits
235058181,33,tess2020351194500-s0033-0000000235058181-0203-s_lc.fits
219176895,33,tess2020351194500-s0033-0000000219176895-0203-s_lc.fits
220478230,33,tess2020351194500-s0033-0000000220478230-0203-s_lc.fits
348840076,33,tess2020351194500-s0033-0000000348840076-0203-s_lc.fits
177385193,33,tess2020351194500-s0033-0000000177385193-0203-s_lc.fits
21714805,33,tess2020351194500-s0033-0000000021714805-0203-s_lc.fits
270678026,33,tess2020351194500-s0033-0000000270678026-0203-s_lc.fits
372492529,33,tess2020351194500-s0033-0000000372492529-0203-s_lc.fits
52168146,33,tess2020351194500-s0033-0000000052168146-0203-s_lc.fits
100383755,33,tess2020351194500-s0033-0000000100383755-0203-s_lc.fits
49703032,33,tess2020351194500-s0033-0000000049703032-0203-s_lc.fits
267195931,33,tess2020351194500-s0033-0000000267195931-0203-s_lc.fits
158070608,33,tess2020351194500-s0033-0000000158070608-0203-s_lc.fits
306771178,33,tess2020351194500-s0033-0000000306771178-0203-s_lc.fits
143107280,33,tess2020351194500-s0033-0000000143107280-0203-s_lc.fits
241986063,33,tess2020351194500-s0033-0000000241986063-0203-s_lc.fits
66692061,33,tess2020351194500-s0033-0000000066692061-0203-s_lc.fits
150321162,33,tess2020351194500-s0033-0000000150321162-0203-s_lc.fits
72555742,33,tess2020351194500-s0033-0000000072555742-0203-s_lc.fits
24610692,33,tess2020351194500-s0033-0000000024610692-0203-s_lc.fits
271693199,33,tess2020351194500-s0033-0000000271693199-0203-s_lc.fits
29834988,33,tess2020351194500-s0033-0000000029834988-0203-s_lc.fits
284584635,33,tess2020351194500-s0033-0000000284584635-0203-s_lc.fits
235177240,33,tess2020351194500-s0033-0000000235177240-0203-s_lc.fits
150356424,33,tess2020351194500-s0033-0000000150356424-0203-s_lc.fits
170273501,33,tess2020351194500-s0033-0000000170273501-0203-s_lc.fits
72169261,33,tess2020351194500-s0033-0000000072169261-0203-s_lc.fits
14562771,33,tess2020351194500-s0033-0000000014562771-0203-s_lc.fits
434308117,33,tess2020351194500-s0033-0000000434308117-0203-s_lc.fits
53982469,33,tess2020351194500-s0033-0000000053982469-0203-s_lc.fits
250467262,33,tess2020351194500-s0033-0000000250467262-0203-s_lc.fits
59605342,33,tess2020351194500-s0033-0000000059605342-0203-s_lc.fits
220475878,33,tess2020351194500-s0033-0000000220475878-0203-s_lc.fits
140210540,33,tess2020351194500-s0033-0000000140210540-0203-s_lc.fits
78496766,33,tess2020351194500-s0033-0000000078496766-0203-s_lc.fits
31472463,33,tess2020351194500-s0033-0000000031472463-0203-s_lc.fits
63044334,33,tess2020351194500-s0033-0000000063044334-0203-s_lc.fits
134200520,33,tess2020351194500-s0033-0000000134200520-0203-s_lc.fits
300010961,33,tess2020351194500-s0033-0000000300010961-0203-s_lc.fits
60298938,33,tess2020351194500-s0033-0000000060298938-0203-s_lc.fits
147805146,33,tess2020351194500-s0033-0000000147805146-0203-s_lc.fits
72042687,33,tess2020351194500-s0033-0000000072042687-0203-s_lc.fits
287323628,33,tess2020351194500-s0033-0000000287323628-0203-s_lc.fits
167651713,33,tess2020351194500-s0033-0000000167651713-0203-s_lc.fits
386483786,33,tess2020351194500-s0033-0000000386483786-0203-s_lc.fits
300378621,33,tess2020351194500-s0033-0000000300378621-0203-s_lc.fits
382257374,33,tess2020351194500-s0033-0000000382257374-0203-s_lc.fits
255546587,33,tess2020351194500-s0033-0000000255546587-0203-s_lc.fits
231098685,33,tess2020351194500-s0033-0000000231098685-0203-s_lc.fits
389859637,33,tess2020351194500-s0033-0000000389859637-0203-s_lc.fits
124433067,33,tess2020351194500-s0033-0000000124433067-0203-s_lc.fits
438189861,33,tess2020351194500-s0033-0000000438189861-0203-s_lc.fits
300143795,33,tess2020351194500-s0033-0000000300143795-0203-s_lc.fits
237699240,33,tess2020351194500-s0033-0000000237699240-0203-s_lc.fits
300159663,33,tess2020351194500-s0033-0000000300159663-0203-s_lc.fits
202232423,33,tess2020351194500-s0033-0000000202232423-0203-s_lc.fits
93128741,33,tess2020351194500-s0033-0000000093128741-0203-s_lc.fits
95330264,33,tess2020351194500-s0033-0000000095330264-0203-s_lc.fits
65412605,33,tess2020351194500-s0033-0000000065412605-0203-s_lc.fits
160304750,33,tess2020351194500-s0033-0000000160304750-0203-s_lc.fits
290870117,33,tess2020351194500-s0033-0000000290870117-0203-s_lc.fits
219155831,33,tess2020351194500-s0033-0000000219155831-0203-s_lc.fits
219404622,33,tess2020351194500-s0033-0000000219404622-0203-s_lc.fits
257720801,33,tess2020351194500-s0033-0000000257720801-0203-s_lc.fits
350584963,33,tess2020351194500-s0033-0000000350584963-0203-s_lc.fits
404763926,33,tess2020351194500-s0033-0000000404763926-0203-s_lc.fits
141621534,33,tess2020351194500-s0033-0000000141621534-0203-s_lc.fits
291382318,33,tess2020351194500-s0033-0000000291382318-0203-s_lc.fits
294209741,33,tess2020351194500-s0033-0000000294209741-0203-s_lc.fits
25195455,33,tess2020351194500-s0033-0000000025195455-0203-s_lc.fits
339959145,33,tess2020351194500-s0033-0000000339959145-0203-s_lc.fits
268565917,33,tess2020351194500-s0033-0000000268565917-0203-s_lc.fits
279088392,33,tess2020351194500-s0033-0000000279088392-0203-s_lc.fits
350434130,33,tess2020351194500-s0033-0000000350434130-0203-s_lc.fits
237842778,33,tess2020351194500-s0033-0000000237842778-0203-s_lc.fits
59534078,33,tess2020351194500-s0033-0000000059534078-0203-s_lc.fits
238227273,33,tess2020351194500-s0033-0000000238227273-0203-s_lc.fits
42991745,33,tess2020351194500-s0033-0000000042991745-0203-s_lc.fits
97862579,33,tess2020351194500-s0033-0000000097862579-0203-s_lc.fits
168191566,33,tess2020351194500-s0033-0000000168191566-0203-s_lc.fits
251286376,33,tess2020351194500-s0033-0000000251286376-0203-s_lc.fits
219191915,33,tess2020351194500-s0033-0000000219191915-0203-s_lc.fits
219419486,33,tess2020351194500-s0033-0000000219419486-0203-s_lc.fits
53979631,33,tess2020351194500-s0033-0000000053979631-0203-s_lc.fits
318396690,33,tess2020351194500-s0033-0000000318396690-0203-s_lc.fits
272189867,33,tess2020351194500-s0033-0000000272189867-0203-s_lc.fits
738334756,33,tess2020351194500-s0033-0000000738334756-0203-s_lc.fits
72305643,33,tess2020351194500-s0033-0000000072305643-0203-s_lc.fits
39578079,33,tess2020351194500-s0033-0000000039578079-0203-s_lc.fits
220417610,33,tess2020351194500-s0033-0000000220417610-0203-s_lc.fits
234841935,33,tess2020351194500-s0033-0000000234841935-0203-s_lc.fits
93242369,33,tess2020351194500-s0033-0000000093242369-0203-s_lc.fits
119327278,33,tess2020351194500-s0033-0000000119327278-0203-s_lc.fits
260270558,33,tess2020351194500-s0033-0000000260270558-0203-s_lc.fits
134355862,33,tess2020351194500-s0033-0000000134355862-0203-s_lc.fits
170312111,33,tess2020351194500-s0033-0000000170312111-0203-s_lc.fits
157115778,33,tess2020351194500-s0033-0000000157115778-0203-s_lc.fits
255746840,33,tess2020351194500-s0033-0000000255746840-0203-s_lc.fits
97859523,33,tess2020351194500-s0033-0000000097859523-0203-s_lc.fits
287769330,33,tess2020351194500-s0033-0000000287769330-0203-s_lc.fits
157046274,33,tess2020351194500-s0033-0000000157046274-0203-s_lc.fits
317586013,33,tess2020351194500-s0033-0000000317586013-0203-s_lc.fits
291965702,33,tess2020351194500-s0033-0000000291965702-0203-s_lc.fits
124318745,33,tess2020351194500-s0033-0000000124318745-0203-s_lc.fits
156806956,33,tess2020351194500-s0033-0000000156806956-0203-s_lc.fits
358460246,33,tess2020351194500-s0033-0000000358460246-0203-s_lc.fits
149347480,33,tess2020351194500-s0033-0000000149347480-0203-s_lc.fits
49083201,33,tess2020351194500-s0033-0000000049083201-0203-s_lc.fits
98875881,33,tess2020351194500-s0033-0000000098875881-0203-s_lc.fits
237493705,33,tess2020351194500-s0033-0000000237493705-0203-s_lc.fits
445518927,33,tess2020351194500-s0033-0000000445518927-0203-s_lc.fits
80954757,33,tess2020351194500-s0033-0000000080954757-0203-s_lc.fits
167754525,33,tess2020351194500-s0033-0000000167754525-0203-s_lc.fits
177282955,33,tess2020351194500-s0033-0000000177282955-0203-s_lc.fits
72098573,33,tess2020351194500-s0033-0000000072098573-0203-s_lc.fits
306852600,33,tess2020351194500-s0033-0000000306852600-0203-s_lc.fits
306577335,33,tess2020351194500-s0033-0000000306577335-0203-s_lc.fits
177389302,33,tess2020351194500-s0033-0000000177389302-0203-s_lc.fits
237597612,33,tess2020351194500-s0033-0000000237597612-0203-s_lc.fits
350584303,33,tess2020351194500-s0033-0000000350584303-0203-s_lc.fits
49673402,33,tess2020351194500-s0033-0000000049673402-0203-s_lc.fits
172117383,33,tess2020351194500-s0033-0000000172117383-0203-s_lc.fits
78740218,33,tess2020351194500-s0033-0000000078740218-0203-s_lc.fits
59994379,33,tess2020351194500-s0033-0000000059994379-0203-s_lc.fits
299468398,33,tess2020351194500-s0033-0000000299468398-0203-s_lc.fits
237937112,33,tess2020351194500-s0033-0000000237937112-0203-s_lc.fits
219368782,33,tess2020351194500-s0033-0000000219368782-0203-s_lc.fits
737318518,33,tess2020351194500-s0033-0000000737318518-0203-s_lc.fits
106413182,33,tess2020351194500-s0033-0000000106413182-0203-s_lc.fits
453141439,33,tess2020351194500-s0033-0000000453141439-0203-s_lc.fits
65967225,33,tess2020351194500-s0033-0000000065967225-0203-s_lc.fits
294053971,33,tess2020351194500-s0033-0000000294053971-0203-s_lc.fits
176475682,33,tess2020351194500-s0033-0000000176475682-0203-s_lc.fits
167339633,33,tess2020351194500-s0033-0000000167339633-0203-s_lc.fits
124122049,33,tess2020351194500-s0033-0000000124122049-0203-s_lc.fits
294206429,33,tess2020351194500-s0033-0000000294206429-0203-s_lc.fits
124280005,33,tess2020351194500-s0033-0000000124280005-0203-s_lc.fits
41232189,33,tess2020351194500-s0033-0000000041232189-0203-s_lc.fits
317096540,33,tess2020351194500-s0033-0000000317096540-0203-s_lc.fits
279056085,33,tess2020351194500-s0033-0000000279056085-0203-s_lc.fits
53175558,33,tess2020351194500-s0033-0000000053175558-0203-s_lc.fits
48172079,33,tess2020351194500-s0033-0000000048172079-0203-s_lc.fits
148319913,33,tess2020351194500-s0033-0000000148319913-0203-s_lc.fits
301598198,33,tess2020351194500-s0033-0000000301598198-0203-s_lc.fits
374859347,33,tess2020351194500-s0033-0000000374859347-0203-s_lc.fits
231338258,33,tess2020351194500-s0033-0000000231338258-0203-s_lc.fits
124091383,33,tess2020351194500-s0033-0000000124091383-0203-s_lc.fits
294094184,33,tess2020351194500-s0033-0000000294094184-0203-s_lc.fits
167118664,33,tess2020351194500-s0033-0000000167118664-0203-s_lc.fits
157657255,33,tess2020351194500-s0033-0000000157657255-0203-s_lc.fits
443547096,33,tess2020351194500-s0033-0000000443547096-0203-s_lc.fits
220435645,33,tess2020351194500-s0033-0000000220435645-0203-s_lc.fits
237973421,33,tess2020351194500-s0033-0000000237973421-0203-s_lc.fits
123587038,33,tess2020351194500-s0033-0000000123587038-0203-s_lc.fits
220422217,33,tess2020351194500-s0033-0000000220422217-0203-s_lc.fits
382187278,33,tess2020351194500-s0033-0000000382187278-0203-s_lc.fits
282199717,33,tess2020351194500-s0033-0000000282199717-0203-s_lc.fits
23089410,33,tess2020351194500-s0033-0000000023089410-0203-s_lc.fits
382256692,33,tess2020351194500-s0033-0000000382256692-0203-s_lc.fits
148466128,33,tess2020351194500-s0033-0000000148466128-0203-s_lc.fits
71794938,33,tess2020351194500-s0033-0000000071794938-0203-s_lc.fits
281987170,33,tess2020351194500-s0033-0000000281987170-0203-s_lc.fits
31853543,33,tess2020351194500-s0033-0000000031853543-0203-s_lc.fits
47764607,33,tess2020351194500-s0033-0000000047764607-0203-s_lc.fits
220042663,33,tess2020351194500-s0033-0000000220042663-0203-s_lc.fits
443578538,33,tess2020351194500-s0033-0000000443578538-0203-s_lc.fits
219402752,33,tess2020351194500-s0033-0000000219402752-0203-s_lc.fits
157043138,33,tess2020351194500-s0033-0000000157043138-0203-s_lc.fits
55366779,33,tess2020351194500-s0033-0000000055366779-0203-s_lc.fits
177237846,33,tess2020351194500-s0033-0000000177237846-0203-s_lc.fits
48888583,33,tess2020351194500-s0033-0000000048888583-0203-s_lc.fits
391901448,33,tess2020351194500-s0033-0000000391901448-0203-s_lc.fits
290658506,33,tess2020351194500-s0033-0000000290658506-0203-s_lc.fits
167043194,33,tess2020351194500-s0033-0000000167043194-0203-s_lc.fits
231915858,33,tess2020351194500-s0033-0000000231915858-0203-s_lc.fits
272128326,33,tess2020351194500-s0033-0000000272128326-0203-s_lc.fits
425153175,33,tess2020351194500-s0033-0000000425153175-0203-s_lc.fits
97797267,33,tess2020351194500-s0033-0000000097797267-0203-s_lc.fits
153278412,33,tess2020351194500-s0033-0000000153278412-0203-s_lc.fits
180976427,33,tess2020351194500-s0033-0000000180976427-0203-s_lc.fits
382627649,33,tess2020351194500-s0033-0000000382627649-0203-s_lc.fits
282033601,33,tess2020351194500-s0033-0000000282033601-0203-s_lc.fits
237452944,33,tess2020351194500-s0033-0000000237452944-0203-s_lc.fits
279357325,33,tess2020351194500-s0033-0000000279357325-0203-s_lc.fits
317867514,33,tess2020351194500-s0033-0000000317867514-0203-s_lc.fits
393417806,33,tess2020351194500-s0033-0000000393417806-0203-s_lc.fits
386486547,33,tess2020351194500-s0033-0000000386486547-0203-s_lc.fits
255630901,33,tess2020351194500-s0033-0000000255630901-0203-s_lc.fits
150323334,33,tess2020351194500-s0033-0000000150323334-0203-s_lc.fits
37084932,33,tess2020351194500-s0033-0000000037084932-0203-s_lc.fits
302860979,33,tess2020351194500-s0033-0000000302860979-0203-s_lc.fits
292362490,33,tess2020351194500-s0033-0000000292362490-0203-s_lc.fits
293775383,33,tess2020351194500-s0033-0000000293775383-0203-s_lc.fits
238165063,33,tess2020351194500-s0033-0000000238165063-0203-s_lc.fits
234222721,33,tess2020351194500-s0033-0000000234222721-0203-s_lc.fits
100775794,33,tess2020351194500-s0033-0000000100775794-0203-s_lc.fits
300864518,33,tess2020351194500-s0033-0000000300864518-0203-s_lc.fits
255565991,33,tess2020351194500-s0033-0000000255565991-0203-s_lc.fits
99935334,33,tess2020351194500-s0033-0000000099935334-0203-s_lc.fits
234616238,33,tess2020351194500-s0033-0000000234616238-0203-s_lc.fits
278198753,33,tess2020351194500-s0033-0000000278198753-0203-s_lc.fits
234085967,33,tess2020351194500-s0033-0000000234085967-0203-s_lc.fits
130371840,33,tess2020351194500-s0033-0000000130371840-0203-s_lc.fits
123574104,33,tess2020351194500-s0033-0000000123574104-0203-s_lc.fits
31637159,33,tess2020351194500-s0033-0000000031637159-0203-s_lc.fits
177258212,33,tess2020351194500-s0033-0000000177258212-0203-s_lc.fits
25081091,33,tess2020351194500-s0033-0000000025081091-0203-s_lc.fits
120620128,33,tess2020351194500-s0033-0000000120620128-0203-s_lc.fits
292650196,33,tess2020351194500-s0033-0000000292650196-0203-s_lc.fits
290778437,33,tess2020351194500-s0033-0000000290778437-0203-s_lc.fits
238018633,33,tess2020351194500-s0033-0000000238018633-0203-s_lc.fits
300200948,33,tess2020351194500-s0033-0000000300200948-0203-s_lc.fits
219208429,33,tess2020351194500-s0033-0000000219208429-0203-s_lc.fits
391887390,33,tess2020351194500-s0033-0000000391887390-0203-s_lc.fits
124939805,33,tess2020351194500-s0033-0000000124939805-0203-s_lc.fits
278411394,33,tess2020351194500-s0033-0000000278411394-0203-s_lc.fits
219156946,33,tess2020351194500-s0033-0000000219156946-0203-s_lc.fits
220408527,33,tess2020351194500-s0033-0000000220408527-0203-s_lc.fits
30762159,33,tess2020351194500-s0033-0000000030762159-0203-s_lc.fits
319039689,33,tess2020351194500-s0033-0000000319039689-0203-s_lc.fits
123725353,33,tess2020351194500-s0033-0000000123725353-0203-s_lc.fits
391746326,33,tess2020351194500-s0033-0000000391746326-0203-s_lc.fits
220322778,33,tess2020351194500-s0033-0000000220322778-0203-s_lc.fits
279217298,33,tess2020351194500-s0033-0000000279217298-0203-s_lc.fits
255756022,33,tess2020351194500-s0033-0000000255756022-0203-s_lc.fits
440795661,33,tess2020351194500-s0033-0000000440795661-0203-s_lc.fits
235119393,33,tess2020351194500-s0033-0000000235119393-0203-s_lc.fits
124181228,33,tess2020351194500-s0033-0000000124181228-0203-s_lc.fits
255781806,33,tess2020351194500-s0033-0000000255781806-0203-s_lc.fits
100589904,33,tess2020351194500-s0033-0000000100589904-0203-s_lc.fits
231147195,33,tess2020351194500-s0033-0000000231147195-0203-s_lc.fits
141028164,33,tess2020351194500-s0033-0000000141028164-0203-s_lc.fits
149105764,33,tess2020351194500-s0033-0000000149105764-0203-s_lc.fits
355276743,33,tess2020351194500-s0033-0000000355276743-0203-s_lc.fits
279576711,33,tess2020351194500-s0033-0000000279576711-0203-s_lc.fits
268363873,33,tess2020351194500-s0033-0000000268363873-0203-s_lc.fits
150428703,33,tess2020351194500-s0033-0000000150428703-0203-s_lc.fits
64300185,33,tess2020351194500-s0033-0000000064300185-0203-s_lc.fits
33601581,33,tess2020351194500-s0033-0000000033601581-0203-s_lc.fits
38633580,33,tess2020351194500-s0033-0000000038633580-0203-s_lc.fits
42761424,33,tess2020351194500-s0033-0000000042761424-0203-s_lc.fits
407622480,33,tess2020351194500-s0033-0000000407622480-0203-s_lc.fits
37351405,33,tess2020351194500-s0033-0000000037351405-0203-s_lc.fits
238012975,33,tess2020351194500-s0033-0000000238012975-0203-s_lc.fits
55651278,33,tess2020351194500-s0033-0000000055651278-0203-s_lc.fits
43250275,33,tess2020351194500-s0033-0000000043250275-0203-s_lc.fits
153546422,33,tess2020351194500-s0033-0000000153546422-0203-s_lc.fits
148131899,33,tess2020351194500-s0033-0000000148131899-0203-s_lc.fits
31108599,33,tess2020351194500-s0033-0000000031108599-0203-s_lc.fits
282051790,33,tess2020351194500-s0033-0000000282051790-0203-s_lc.fits
219380235,33,tess2020351194500-s0033-0000000219380235-0203-s_lc.fits
120621608,33,tess2020351194500-s0033-0000000120621608-0203-s_lc.fits
157398852,33,tess2020351194500-s0033-0000000157398852-0203-s_lc.fits
734639230,33,tess2020351194500-s0033-0000000734639230-0203-s_lc.fits
234727949,33,tess2020351194500-s0033-0000000234727949-0203-s_lc.fits
234162373,33,tess2020351194500-s0033-0000000234162373-0203-s_lc.fits
167703429,33,tess2020351194500-s0033-0000000167703429-0203-s_lc.fits
48402361,33,tess2020351194500-s0033-0000000048402361-0203-s_lc.fits
247954977,33,tess2020351194500-s0033-0000000247954977-0203-s_lc.fits
66594742,33,tess2020351194500-s0033-0000000066594742-0203-s_lc.fits
7418047,33,tess2020351194500-s0033-0000000007418047-0203-s_lc.fits
41364651,33,tess2020351194500-s0033-0000000041364651-0203-s_lc.fits
257720377,33,tess2020351194500-s0033-0000000257720377-0203-s_lc.fits
38462407,33,tess2020351194500-s0033-0000000038462407-0203-s_lc.fits
408974068,33,tess2020351194500-s0033-0000000408974068-0203-s_lc.fits
370236914,33,tess2020351194500-s0033-0000000370236914-0203-s_lc.fits
80567842,33,tess2020351194500-s0033-0000000080567842-0203-s_lc.fits
167178267,33,tess2020351194500-s0033-0000000167178267-0203-s_lc.fits
747915643,33,tess2020351194500-s0033-0000000747915643-0203-s_lc.fits
393269813,33,tess2020351194500-s0033-0000000393269813-0203-s_lc.fits
150357613,33,tess2020351194500-s0033-0000000150357613-0203-s_lc.fits
23547357,33,tess2020351194500-s0033-0000000023547357-0203-s_lc.fits
157208961,33,tess2020351194500-s0033-0000000157208961-0203-s_lc.fits
141269997,33,tess2020351194500-s0033-0000000141269997-0203-s_lc.fits
301386416,33,tess2020351194500-s0033-0000000301386416-0203-s_lc.fits
24462176,33,tess2020351194500-s0033-0000000024462176-0203-s_lc.fits
130468643,33,tess2020351194500-s0033-0000000130468643-0203-s_lc.fits
319854259,33,tess2020351194500-s0033-0000000319854259-0203-s_lc.fits
32872366,33,tess2020351194500-s0033-0000000032872366-0203-s_lc.fits
237983320,33,tess2020351194500-s0033-0000000237983320-0203-s_lc.fits
389506883,33,tess2020351194500-s0033-0000000389506883-0203-s_lc.fits
72212136,33,tess2020351194500-s0033-0000000072212136-0203-s_lc.fits
232146775,33,tess2020351194500-s0033-0000000232146775-0203-s_lc.fits
284614272,33,tess2020351194500-s0033-0000000284614272-0203-s_lc.fits
272472282,33,tess2020351194500-s0033-0000000272472282-0203-s_lc.fits
287400996,33,tess2020351194500-s0033-0000000287400996-0203-s_lc.fits
179232118,33,tess2020351194500-s0033-0000000179232118-0203-s_lc.fits
29987134,33,tess2020351194500-s0033-0000000029987134-0203-s_lc.fits
55525518,33,tess2020351194500-s0033-0000000055525518-0203-s_lc.fits
91597479,33,tess2020351194500-s0033-0000000091597479-0203-s_lc.fits
737171677,33,tess2020351194500-s0033-0000000737171677-0203-s_lc.fits
139371053,33,tess2020351194500-s0033-0000000139371053-0203-s_lc.fits
37152407,33,tess2020351194500-s0033-0000000037152407-0203-s_lc.fits
157401246,33,tess2020351194500-s0033-0000000157401246-0203-s_lc.fits
170204695,33,tess2020351194500-s0033-0000000170204695-0203-s_lc.fits
32559046,33,tess2020351194500-s0033-0000000032559046-0203-s_lc.fits
150440079,33,tess2020351194500-s0033-0000000150440079-0203-s_lc.fits
717143538,33,tess2020351194500-s0033-0000000717143538-0203-s_lc.fits
219388207,33,tess2020351194500-s0033-0000000219388207-0203-s_lc.fits
219210146,33,tess2020351194500-s0033-0000000219210146-0203-s_lc.fits
40406922,33,tess2020351194500-s0033-0000000040406922-0203-s_lc.fits
97858968,33,tess2020351194500-s0033-0000000097858968-0203-s_lc.fits
97638808,33,tess2020351194500-s0033-0000000097638808-0203-s_lc.fits
66651685,33,tess2020351194500-s0033-0000000066651685-0203-s_lc.fits
220601642,33,tess2020351194500-s0033-0000000220601642-0203-s_lc.fits
255591480,33,tess2020351194500-s0033-0000000255591480-0203-s_lc.fits
102554914,33,tess2020351194500-s0033-0000000102554914-0203-s_lc.fits
271723339,33,tess2020351194500-s0033-0000000271723339-0203-s_lc.fits
7491743,33,tess2020351194500-s0033-0000000007491743-0203-s_lc.fits
220437252,33,tess2020351194500-s0033-0000000220437252-0203-s_lc.fits
260709282,33,tess2020351194500-s0033-0000000260709282-0203-s_lc.fits
261107064,33,tess2020351194500-s0033-0000000261107064-0203-s_lc.fits
238896611,33,tess2020351194500-s0033-0000000238896611-0203-s_lc.fits
42994828,33,tess2020351194500-s0033-0000000042994828-0203-s_lc.fits
71625192,33,tess2020351194500-s0033-0000000071625192-0203-s_lc.fits
710356303,33,tess2020351194500-s0033-0000000710356303-0203-s_lc.fits
219175212,33,tess2020351194500-s0033-0000000219175212-0203-s_lc.fits
81677207,33,tess2020351194500-s0033-0000000081677207-0203-s_lc.fits
38634757,33,tess2020351194500-s0033-0000000038634757-0203-s_lc.fits
294929894,33,tess2020351194500-s0033-0000000294929894-0203-s_lc.fits
251215086,33,tess2020351194500-s0033-0000000251215086-0203-s_lc.fits
5102485,33,tess2020351194500-s0033-0000000005102485-0203-s_lc.fits
150104694,33,tess2020351194500-s0033-0000000150104694-0203-s_lc.fits
220429097,33,tess2020351194500-s0033-0000000220429097-0203-s_lc.fits
238081223,33,tess2020351194500-s0033-0000000238081223-0203-s_lc.fits
148003795,33,tess2020351194500-s0033-0000000148003795-0203-s_lc.fits
317185752,33,tess2020351194500-s0033-0000000317185752-0203-s_lc.fits
53593141,33,tess2020351194500-s0033-0000000053593141-0203-s_lc.fits
37118328,33,tess2020351194500-s0033-0000000037118328-0203-s_lc.fits
65136726,33,tess2020351194500-s0033-0000000065136726-0203-s_lc.fits
24586956,33,tess2020351194500-s0033-0000000024586956-0203-s_lc.fits
167344359,33,tess2020351194500-s0033-0000000167344359-0203-s_lc.fits
156945430,33,tess2020351194500-s0033-0000000156945430-0203-s_lc.fits
235500026,33,tess2020351194500-s0033-0000000235500026-0203-s_lc.fits
153288878,33,tess2020351194500-s0033-0000000153288878-0203-s_lc.fits
124086093,33,tess2020351194500-s0033-0000000124086093-0203-s_lc.fits
148237960,33,tess2020351194500-s0033-0000000148237960-0203-s_lc.fits
33937232,33,tess2020351194500-s0033-0000000033937232-0203-s_lc.fits
36363632,33,tess2020351194500-s0033-0000000036363632-0203-s_lc.fits
284417030,33,tess2020351194500-s0033-0000000284417030-0203-s_lc.fits
234831602,33,tess2020351194500-s0033-0000000234831602-0203-s_lc.fits
167363687,33,tess2020351194500-s0033-0000000167363687-0203-s_lc.fits
150164795,33,tess2020351194500-s0033-0000000150164795-0203-s_lc.fits
53458760,33,tess2020351194500-s0033-0000000053458760-0203-s_lc.fits
322822186,33,tess2020351194500-s0033-0000000322822186-0203-s_lc.fits
33107833,33,tess2020351194500-s0033-0000000033107833-0203-s_lc.fits
322571359,33,tess2020351194500-s0033-0000000322571359-0203-s_lc.fits
55293744,33,tess2020351194500-s0033-0000000055293744-0203-s_lc.fits
375091337,33,tess2020351194500-s0033-0000000375091337-0203-s_lc.fits
34591593,33,tess2020351194500-s0033-0000000034591593-0203-s_lc.fits
141621803,33,tess2020351194500-s0033-0000000141621803-0203-s_lc.fits
232054094,33,tess2020351194500-s0033-0000000232054094-0203-s_lc.fits
339956946,33,tess2020351194500-s0033-0000000339956946-0203-s_lc.fits
350560804,33,tess2020351194500-s0033-0000000350560804-0203-s_lc.fits
287770635,33,tess2020351194500-s0033-0000000287770635-0203-s_lc.fits
31963132,33,tess2020351194500-s0033-0000000031963132-0203-s_lc.fits
124745970,33,tess2020351194500-s0033-0000000124745970-0203-s_lc.fits
12096538,33,tess2020351194500-s0033-0000000012096538-0203-s_lc.fits
53603189,33,tess2020351194500-s0033-0000000053603189-0203-s_lc.fits
160327767,33,tess2020351194500-s0033-0000000160327767-0203-s_lc.fits
25194993,33,tess2020351194500-s0033-0000000025194993-0203-s_lc.fits
26470645,33,tess2020351194500-s0033-0000000026470645-0203-s_lc.fits
235393518,33,tess2020351194500-s0033-0000000235393518-0203-s_lc.fits
724424609,33,tess2020351194500-s0033-0000000724424609-0203-s_lc.fits
32068898,33,tess2020351194500-s0033-0000000032068898-0203-s_lc.fits
300011376,33,tess2020351194500-s0033-0000000300011376-0203-s_lc.fits
231312949,33,tess2020351194500-s0033-0000000231312949-0203-s_lc.fits
151280688,33,tess2020351194500-s0033-0000000151280688-0203-s_lc.fits
98814047,33,tess2020351194500-s0033-0000000098814047-0203-s_lc.fits
237976765,33,tess2020351194500-s0033-0000000237976765-0203-s_lc.fits
155313931,33,tess2020351194500-s0033-0000000155313931-0203-s_lc.fits
348994735,33,tess2020351194500-s0033-0000000348994735-0203-s_lc.fits
167549764,33,tess2020351194500-s0033-0000000167549764-0203-s_lc.fits
124272870,33,tess2020351194500-s0033-0000000124272870-0203-s_lc.fits
156931516,33,tess2020351194500-s0033-0000000156931516-0203-s_lc.fits
179210681,33,tess2020351194500-s0033-0000000179210681-0203-s_lc.fits
62973587,33,tess2020351194500-s0033-0000000062973587-0203-s_lc.fits
370114946,33,tess2020351194500-s0033-0000000370114946-0203-s_lc.fits
95513182,33,tess2020351194500-s0033-0000000095513182-0203-s_lc.fits
262499894,33,tess2020351194500-s0033-0000000262499894-0203-s_lc.fits
100835184,33,tess2020351194500-s0033-0000000100835184-0203-s_lc.fits
705551747,33,tess2020351194500-s0033-0000000705551747-0203-s_lc.fits
30722080,33,tess2020351194500-s0033-0000000030722080-0203-s_lc.fits
372605404,33,tess2020351194500-s0033-0000000372605404-0203-s_lc.fits
143073505,33,tess2020351194500-s0033-0000000143073505-0203-s_lc.fits
147945235,33,tess2020351194500-s0033-0000000147945235-0203-s_lc.fits
172739611,33,tess2020351194500-s0033-0000000172739611-0203-s_lc.fits
391887875,33,tess2020351194500-s0033-0000000391887875-0203-s_lc.fits
159060569,33,tess2020351194500-s0033-0000000159060569-0203-s_lc.fits
148045637,33,tess2020351194500-s0033-0000000148045637-0203-s_lc.fits
237978564,33,tess2020351194500-s0033-0000000237978564-0203-s_lc.fits
65971615,33,tess2020351194500-s0033-0000000065971615-0203-s_lc.fits
23618138,33,tess2020351194500-s0033-0000000023618138-0203-s_lc.fits
149913636,33,tess2020351194500-s0033-0000000149913636-0203-s_lc.fits
235447351,33,tess2020351194500-s0033-0000000235447351-0203-s_lc.fits
100780014,33,tess2020351194500-s0033-0000000100780014-0203-s_lc.fits
140580579,33,tess2020351194500-s0033-0000000140580579-0203-s_lc.fits
282386603,33,tess2020351194500-s0033-0000000282386603-0203-s_lc.fits
97357653,33,tess2020351194500-s0033-0000000097357653-0203-s_lc.fits
237942787,33,tess2020351194500-s0033-0000000237942787-0203-s_lc.fits
177283493,33,tess2020351194500-s0033-0000000177283493-0203-s_lc.fits
102448689,33,tess2020351194500-s0033-0000000102448689-0203-s_lc.fits
404850840,33,tess2020351194500-s0033-0000000404850840-0203-s_lc.fits
364302017,33,tess2020351194500-s0033-0000000364302017-0203-s_lc.fits
375092757,33,tess2020351194500-s0033-0000000375092757-0203-s_lc.fits
29786984,33,tess2020351194500-s0033-0000000029786984-0203-s_lc.fits
271698144,33,tess2020351194500-s0033-0000000271698144-0203-s_lc.fits
291495238,33,tess2020351194500-s0033-0000000291495238-0203-s_lc.fits
201530415,33,tess2020351194500-s0033-0000000201530415-0203-s_lc.fits
124200751,33,tess2020351194500-s0033-0000000124200751-0203-s_lc.fits
309792357,33,tess2020351194500-s0033-0000000309792357-0203-s_lc.fits
706932420,33,tess2020351194500-s0033-0000000706932420-0203-s_lc.fits
37354642,33,tess2020351194500-s0033-0000000037354642-0203-s_lc.fits
42434524,33,tess2020351194500-s0033-0000000042434524-0203-s_lc.fits
141411201,33,tess2020351194500-s0033-0000000141411201-0203-s_lc.fits
30313007,33,tess2020351194500-s0033-0000000030313007-0203-s_lc.fits
293389896,33,tess2020351194500-s0033-0000000293389896-0203-s_lc.fits
150164445,33,tess2020351194500-s0033-0000000150164445-0203-s_lc.fits
64697602,33,tess2020351194500-s0033-0000000064697602-0203-s_lc.fits
123552022,33,tess2020351194500-s0033-0000000123552022-0203-s_lc.fits
37874904,33,tess2020351194500-s0033-0000000037874904-0203-s_lc.fits
468947084,33,tess2020351194500-s0033-0000000468947084-0203-s_lc.fits
306768468,33,tess2020351194500-s0033-0000000306768468-0203-s_lc.fits
284548841,33,tess2020351194500-s0033-0000000284548841-0203-s_lc.fits
344087247,33,tess2020351194500-s0033-0000000344087247-0203-s_lc.fits
42889751,33,tess2020351194500-s0033-0000000042889751-0203-s_lc.fits
34528966,33,tess2020351194500-s0033-0000000034528966-0203-s_lc.fits
167815117,33,tess2020351194500-s0033-0000000167815117-0203-s_lc.fits
279897140,33,tess2020351194500-s0033-0000000279897140-0203-s_lc.fits
262296838,33,tess2020351194500-s0033-0000000262296838-0203-s_lc.fits
294272404,33,tess2020351194500-s0033-0000000294272404-0203-s_lc.fits
350840092,33,tess2020351194500-s0033-0000000350840092-0203-s_lc.fits
232040916,33,tess2020351194500-s0033-0000000232040916-0203-s_lc.fits
389363675,33,tess2020351194500-s0033-0000000389363675-0203-s_lc.fits
278776865,33,tess2020351194500-s0033-0000000278776865-0203-s_lc.fits
177413785,33,tess2020351194500-s0033-0000000177413785-0203-s_lc.fits
167418898,33,tess2020351194500-s0033-0000000167418898-0203-s_lc.fits
713535067,33,tess2020351194500-s0033-0000000713535067-0203-s_lc.fits
369596933,33,tess2020351194500-s0033-0000000369596933-0203-s_lc.fits
705936516,33,tess2020351194500-s0033-0000000705936516-0203-s_lc.fits
238001943,33,tess2020351194500-s0033-0000000238001943-0203-s_lc.fits
60118748,33,tess2020351194500-s0033-0000000060118748-0203-s_lc.fits
369524107,33,tess2020351194500-s0033-0000000369524107-0203-s_lc.fits
445457403,33,tess2020351194500-s0033-0000000445457403-0203-s_lc.fits
33770863,33,tess2020351194500-s0033-0000000033770863-0203-s_lc.fits
317951248,33,tess2020351194500-s0033-0000000317951248-0203-s_lc.fits
148399880,33,tess2020351194500-s0033-0000000148399880-0203-s_lc.fits
32034222,33,tess2020351194500-s0033-0000000032034222-0203-s_lc.fits
38609021,33,tess2020351194500-s0033-0000000038609021-0203-s_lc.fits
149479134,33,tess2020351194500-s0033-0000000149479134-0203-s_lc.fits
25640135,33,tess2020351194500-s0033-0000000025640135-0203-s_lc.fits
234831315,33,tess2020351194500-s0033-0000000234831315-0203-s_lc.fits
453123665,33,tess2020351194500-s0033-0000000453123665-0203-s_lc.fits
179040880,33,tess2020351194500-s0033-0000000179040880-0203-s_lc.fits
279214037,33,tess2020351194500-s0033-0000000279214037-0203-s_lc.fits
102575256,33,tess2020351194500-s0033-0000000102575256-0203-s_lc.fits
220424430,33,tess2020351194500-s0033-0000000220424430-0203-s_lc.fits
255754991,33,tess2020351194500-s0033-0000000255754991-0203-s_lc.fits
255630992,33,tess2020351194500-s0033-0000000255630992-0203-s_lc.fits
147998055,33,tess2020351194500-s0033-0000000147998055-0203-s_lc.fits
93244307,33,tess2020351194500-s0033-0000000093244307-0203-s_lc.fits
206957219,33,tess2020351194500-s0033-0000000206957219-0203-s_lc.fits
170161682,33,tess2020351194500-s0033-0000000170161682-0203-s_lc.fits
262696959,33,tess2020351194500-s0033-0000000262696959-0203-s_lc.fits
160352476,33,tess2020351194500-s0033-0000000160352476-0203-s_lc.fits
55604274,33,tess2020351194500-s0033-0000000055604274-0203-s_lc.fits
270575585,33,tess2020351194500-s0033-0000000270575585-0203-s_lc.fits
431589581,33,tess2020351194500-s0033-0000000431589581-0203-s_lc.fits
93098953,33,tess2020351194500-s0033-0000000093098953-0203-s_lc.fits
344023775,33,tess2020351194500-s0033-0000000344023775-0203-s_lc.fits
220419018,33,tess2020351194500-s0033-0000000220419018-0203-s_lc.fits
231819457,33,tess2020351194500-s0033-0000000231819457-0203-s_lc.fits
167419543,33,tess2020351194500-s0033-0000000167419543-0203-s_lc.fits
389564031,33,tess2020351194500-s0033-0000000389564031-0203-s_lc.fits
350563306,33,tess2020351194500-s0033-0000000350563306-0203-s_lc.fits
282032676,33,tess2020351194500-s0033-0000000282032676-0203-s_lc.fits
445325912,33,tess2020351194500-s0033-0000000445325912-0203-s_lc.fits
66531159,33,tess2020351194500-s0033-0000000066531159-0203-s_lc.fits
149573222,33,tess2020351194500-s0033-0000000149573222-0203-s_lc.fits
159026879,33,tess2020351194500-s0033-0000000159026879-0203-s_lc.fits
30762052,33,tess2020351194500-s0033-0000000030762052-0203-s_lc.fits
235112106,33,tess2020351194500-s0033-0000000235112106-0203-s_lc.fits
438524691,33,tess2020351194500-s0033-0000000438524691-0203-s_lc.fits
237557595,33,tess2020351194500-s0033-0000000237557595-0203-s_lc.fits
207001451,33,tess2020351194500-s0033-0000000207001451-0203-s_lc.fits
140601757,33,tess2020351194500-s0033-0000000140601757-0203-s_lc.fits
264320367,33,tess2020351194500-s0033-0000000264320367-0203-s_lc.fits
219168265,33,tess2020351194500-s0033-0000000219168265-0203-s_lc.fits
386198286,33,tess2020351194500-s0033-0000000386198286-0203-s_lc.fits
55272070,33,tess2020351194500-s0033-0000000055272070-0203-s_lc.fits
207251883,33,tess2020351194500-s0033-0000000207251883-0203-s_lc.fits
99779936,33,tess2020351194500-s0033-0000000099779936-0203-s_lc.fits
156888374,33,tess2020351194500-s0033-0000000156888374-0203-s_lc.fits
157000246,33,tess2020351194500-s0033-0000000157000246-0203-s_lc.fits
31106686,33,tess2020351194500-s0033-0000000031106686-0203-s_lc.fits
177652249,33,tess2020351194500-s0033-0000000177652249-0203-s_lc.fits
220431337,33,tess2020351194500-s0033-0000000220431337-0203-s_lc.fits
150188758,33,tess2020351194500-s0033-0000000150188758-0203-s_lc.fits
386418973,33,tess2020351194500-s0033-0000000386418973-0203-s_lc.fits
167671827,33,tess2020351194500-s0033-0000000167671827-0203-s_lc.fits
299323277,33,tess2020351194500-s0033-0000000299323277-0203-s_lc.fits
141283921,33,tess2020351194500-s0033-0000000141283921-0203-s_lc.fits
64547445,33,tess2020351194500-s0033-0000000064547445-0203-s_lc.fits
39299463,33,tess2020351194500-s0033-0000000039299463-0203-s_lc.fits
355406799,33,tess2020351194500-s0033-0000000355406799-0203-s_lc.fits
148583977,33,tess2020351194500-s0033-0000000148583977-0203-s_lc.fits
284417883,33,tess2020351194500-s0033-0000000284417883-0203-s_lc.fits
290777240,33,tess2020351194500-s0033-0000000290777240-0203-s_lc.fits
282077859,33,tess2020351194500-s0033-0000000282077859-0203-s_lc.fits
294783817,33,tess2020351194500-s0033-0000000294783817-0203-s_lc.fits
260607849,33,tess2020351194500-s0033-0000000260607849-0203-s_lc.fits
229190955,33,tess2020351194500-s0033-0000000229190955-0203-s_lc.fits
349524929,33,tess2020351194500-s0033-0000000349524929-0203-s_lc.fits
238194217,33,tess2020351194500-s0033-0000000238194217-0203-s_lc.fits
32812131,33,tess2020351194500-s0033-0000000032812131-0203-s_lc.fits
148131992,33,tess2020351194500-s0033-0000000148131992-0203-s_lc.fits
381952089,33,tess2020351194500-s0033-0000000381952089-0203-s_lc.fits
291204545,33,tess2020351194500-s0033-0000000291204545-0203-s_lc.fits
260639999,33,tess2020351194500-s0033-0000000260639999-0203-s_lc.fits
317802350,33,tess2020351194500-s0033-0000000317802350-0203-s_lc.fits
179637063,33,tess2020351194500-s0033-0000000179637063-0203-s_lc.fits
180968439,33,tess2020351194500-s0033-0000000180968439-0203-s_lc.fits
153277671,33,tess2020351194500-s0033-0000000153277671-0203-s_lc.fits
172929472,33,tess2020351194500-s0033-0000000172929472-0203-s_lc.fits
172364405,33,tess2020351194500-s0033-0000000172364405-0203-s_lc.fits
176766221,33,tess2020351194500-s0033-0000000176766221-0203-s_lc.fits
710623640,33,tess2020351194500-s0033-0000000710623640-0203-s_lc.fits
434297495,33,tess2020351194500-s0033-0000000434297495-0203-s_lc.fits
250525753,33,tess2020351194500-s0033-0000000250525753-0203-s_lc.fits
291702538,33,tess2020351194500-s0033-0000000291702538-0203-s_lc.fits
292361076,33,tess2020351194500-s0033-0000000292361076-0203-s_lc.fits
130574571,33,tess2020351194500-s0033-0000000130574571-0203-s_lc.fits
51249138,33,tess2020351194500-s0033-0000000051249138-0203-s_lc.fits
234895325,33,tess2020351194500-s0033-0000000234895325-0203-s_lc.fits
149450766,33,tess2020351194500-s0033-0000000149450766-0203-s_lc.fits
231344359,33,tess2020351194500-s0033-0000000231344359-0203-s_lc.fits
72343810,33,tess2020351194500-s0033-0000000072343810-0203-s_lc.fits
21746439,33,tess2020351194500-s0033-0000000021746439-0203-s_lc.fits
42078688,33,tess2020351194500-s0033-0000000042078688-0203-s_lc.fits
220323146,33,tess2020351194500-s0033-0000000220323146-0203-s_lc.fits
255698547,33,tess2020351194500-s0033-0000000255698547-0203-s_lc.fits
272194883,33,tess2020351194500-s0033-0000000272194883-0203-s_lc.fits
153096424,33,tess2020351194500-s0033-0000000153096424-0203-s_lc.fits
727599699,33,tess2020351194500-s0033-0000000727599699-0203-s_lc.fits
746770095,33,tess2020351194500-s0033-0000000746770095-0203-s_lc.fits
260540898,33,tess2020351194500-s0033-0000000260540898-0203-s_lc.fits
453189454,33,tess2020351194500-s0033-0000000453189454-0203-s_lc.fits
72215533,33,tess2020351194500-s0033-0000000072215533-0203-s_lc.fits
382041479,33,tess2020351194500-s0033-0000000382041479-0203-s_lc.fits
755545416,33,tess2020351194500-s0033-0000000755545416-0203-s_lc.fits
389859477,33,tess2020351194500-s0033-0000000389859477-0203-s_lc.fits
320413718,33,tess2020351194500-s0033-0000000320413718-0203-s_lc.fits
39816142,33,tess2020351194500-s0033-0000000039816142-0203-s_lc.fits
317951828,33,tess2020351194500-s0033-0000000317951828-0203-s_lc.fits
34258068,33,tess2020351194500-s0033-0000000034258068-0203-s_lc.fits
237641139,33,tess2020351194500-s0033-0000000237641139-0203-s_lc.fits
99931351,33,tess2020351194500-s0033-0000000099931351-0203-s_lc.fits
130259840,33,tess2020351194500-s0033-0000000130259840-0203-s_lc.fits
350522226,33,tess2020351194500-s0033-0000000350522226-0203-s_lc.fits
53986346,33,tess2020351194500-s0033-0000000053986346-0203-s_lc.fits
290778898,33,tess2020351194500-s0033-0000000290778898-0203-s_lc.fits
124082166,33,tess2020351194500-s0033-0000000124082166-0203-s_lc.fits
293390676,33,tess2020351194500-s0033-0000000293390676-0203-s_lc.fits
143092630,33,tess2020351194500-s0033-0000000143092630-0203-s_lc.fits
219176365,33,tess2020351194500-s0033-0000000219176365-0203-s_lc.fits
350931281,33,tess2020351194500-s0033-0000000350931281-0203-s_lc.fits
238201491,33,tess2020351194500-s0033-0000000238201491-0203-s_lc.fits
60034959,33,tess2020351194500-s0033-0000000060034959-0203-s_lc.fits
63198307,33,tess2020351194500-s0033-0000000063198307-0203-s_lc.fits
41173537,33,tess2020351194500-s0033-0000000041173537-0203-s_lc.fits
238896973,33,tess2020351194500-s0033-0000000238896973-0203-s_lc.fits
354553860,33,tess2020351194500-s0033-0000000354553860-0203-s_lc.fits
102542088,33,tess2020351194500-s0033-0000000102542088-0203-s_lc.fits
140578242,33,tess2020351194500-s0033-0000000140578242-0203-s_lc.fits
140338042,33,tess2020351194500-s0033-0000000140338042-0203-s_lc.fits
307242075,33,tess2020351194500-s0033-0000000307242075-0203-s_lc.fits
143180790,33,tess2020351194500-s0033-0000000143180790-0203-s_lc.fits
89009834,33,tess2020351194500-s0033-0000000089009834-0203-s_lc.fits
67166877,33,tess2020351194500-s0033-0000000067166877-0203-s_lc.fits
61503082,33,tess2020351194500-s0033-0000000061503082-0203-s_lc.fits
38461578,33,tess2020351194500-s0033-0000000038461578-0203-s_lc.fits
443081530,33,tess2020351194500-s0033-0000000443081530-0203-s_lc.fits
48752905,33,tess2020351194500-s0033-0000000048752905-0203-s_lc.fits
50983979,33,tess2020351194500-s0033-0000000050983979-0203-s_lc.fits
293273125,33,tess2020351194500-s0033-0000000293273125-0203-s_lc.fits
158761658,33,tess2020351194500-s0033-0000000158761658-0203-s_lc.fits
61679852,33,tess2020351194500-s0033-0000000061679852-0203-s_lc.fits
220436471,33,tess2020351194500-s0033-0000000220436471-0203-s_lc.fits
31474418,33,tess2020351194500-s0033-0000000031474418-0203-s_lc.fits
119546219,33,tess2020351194500-s0033-0000000119546219-0203-s_lc.fits
317439554,33,tess2020351194500-s0033-0000000317439554-0203-s_lc.fits
272000333,33,tess2020351194500-s0033-0000000272000333-0203-s_lc.fits
237979097,33,tess2020351194500-s0033-0000000237979097-0203-s_lc.fits
37198629,33,tess2020351194500-s0033-0000000037198629-0203-s_lc.fits
443282133,33,tess2020351194500-s0033-0000000443282133-0203-s_lc.fits
263591932,33,tess2020351194500-s0033-0000000263591932-0203-s_lc.fits
36292437,33,tess2020351194500-s0033-0000000036292437-0203-s_lc.fits
262754877,33,tess2020351194500-s0033-0000000262754877-0203-s_lc.fits
364589559,33,tess2020351194500-s0033-0000000364589559-0203-s_lc.fits
393315390,33,tess2020351194500-s0033-0000000393315390-0203-s_lc.fits
158106193,33,tess2020351194500-s0033-0000000158106193-0203-s_lc.fits
220420664,33,tess2020351194500-s0033-0000000220420664-0203-s_lc.fits
123662875,33,tess2020351194500-s0033-0000000123662875-0203-s_lc.fits
93103575,33,tess2020351194500-s0033-0000000093103575-0203-s_lc.fits
767949991,33,tess2020351194500-s0033-0000000767949991-0203-s_lc.fits
167752664,33,tess2020351194500-s0033-0000000167752664-0203-s_lc.fits
381975024,33,tess2020351194500-s0033-0000000381975024-0203-s_lc.fits
277101175,33,tess2020351194500-s0033-0000000277101175-0203-s_lc.fits
71870920,33,tess2020351194500-s0033-0000000071870920-0203-s_lc.fits
443211322,33,tess2020351194500-s0033-0000000443211322-0203-s_lc.fits
67261664,33,tess2020351194500-s0033-0000000067261664-0203-s_lc.fits
296189711,33,tess2020351194500-s0033-0000000296189711-0203-s_lc.fits
148589486,33,tess2020351194500-s0033-0000000148589486-0203-s_lc.fits
241914966,33,tess2020351194500-s0033-0000000241914966-0203-s_lc.fits
42767673,33,tess2020351194500-s0033-0000000042767673-0203-s_lc.fits
146870350,33,tess2020351194500-s0033-0000000146870350-0203-s_lc.fits
23543240,33,tess2020351194500-s0033-0000000023543240-0203-s_lc.fits
167039082,33,tess2020351194500-s0033-0000000167039082-0203-s_lc.fits
300603347,33,tess2020351194500-s0033-0000000300603347-0203-s_lc.fits
25133016,33,tess2020351194500-s0033-0000000025133016-0203-s_lc.fits
734827948,33,tess2020351194500-s0033-0000000734827948-0203-s_lc.fits
229266265,33,tess2020351194500-s0033-0000000229266265-0203-s_lc.fits
155535052,33,tess2020351194500-s0033-0000000155535052-0203-s_lc.fits
33469139,33,tess2020351194500-s0033-0000000033469139-0203-s_lc.fits
157631248,33,tess2020351194500-s0033-0000000157631248-0203-s_lc.fits
47586863,33,tess2020351194500-s0033-0000000047586863-0203-s_lc.fits
231720233,33,tess2020351194500-s0033-0000000231720233-0203-s_lc.fits
350519682,33,tess2020351194500-s0033-0000000350519682-0203-s_lc.fits
234662766,33,tess2020351194500-s0033-0000000234662766-0203-s_lc.fits
443506708,33,tess2020351194500-s0033-0000000443506708-0203-s_lc.fits
102540322,33,tess2020351194500-s0033-0000000102540322-0203-s_lc.fits
372660172,33,tess2020351194500-s0033-0000000372660172-0203-s_lc.fits
201425696,33,tess2020351194500-s0033-0000000201425696-0203-s_lc.fits
33042449,33,tess2020351194500-s0033-0000000033042449-0203-s_lc.fits
168116505,33,tess2020351194500-s0033-0000000168116505-0203-s_lc.fits
150029671,33,tess2020351194500-s0033-0000000150029671-0203-s_lc.fits
72167082,33,tess2020351194500-s0033-0000000072167082-0203-s_lc.fits
32034350,33,tess2020351194500-s0033-0000000032034350-0203-s_lc.fits
282577744,33,tess2020351194500-s0033-0000000282577744-0203-s_lc.fits
445329934,33,tess2020351194500-s0033-0000000445329934-0203-s_lc.fits
34319043,33,tess2020351194500-s0033-0000000034319043-0203-s_lc.fits
91922013,33,tess2020351194500-s0033-0000000091922013-0203-s_lc.fits
53746456,33,tess2020351194500-s0033-0000000053746456-0203-s_lc.fits
234847199,33,tess2020351194500-s0033-0000000234847199-0203-s_lc.fits
33102479,33,tess2020351194500-s0033-0000000033102479-0203-s_lc.fits
32664824,33,tess2020351194500-s0033-0000000032664824-0203-s_lc.fits
349153143,33,tess2020351194500-s0033-0000000349153143-0203-s_lc.fits
348843330,33,tess2020351194500-s0033-0000000348843330-0203-s_lc.fits
148940011,33,tess2020351194500-s0033-0000000148940011-0203-s_lc.fits
33733359,33,tess2020351194500-s0033-0000000033733359-0203-s_lc.fits
157133739,33,tess2020351194500-s0033-0000000157133739-0203-s_lc.fits
55295753,33,tess2020351194500-s0033-0000000055295753-0203-s_lc.fits
37914431,33,tess2020351194500-s0033-0000000037914431-0203-s_lc.fits
293690542,33,tess2020351194500-s0033-0000000293690542-0203-s_lc.fits
167895165,33,tess2020351194500-s0033-0000000167895165-0203-s_lc.fits
14565559,33,tess2020351194500-s0033-0000000014565559-0203-s_lc.fits
264599930,33,tess2020351194500-s0033-0000000264599930-0203-s_lc.fits
43085522,33,tess2020351194500-s0033-0000000043085522-0203-s_lc.fits
279050829,33,tess2020351194500-s0033-0000000279050829-0203-s_lc.fits
714294512,33,tess2020351194500-s0033-0000000714294512-0203-s_lc.fits
142109484,33,tess2020351194500-s0033-0000000142109484-0203-s_lc.fits
349966524,33,tess2020351194500-s0033-0000000349966524-0203-s_lc.fits
20144774,33,tess2020351194500-s0033-0000000020144774-0203-s_lc.fits
262289240,33,tess2020351194500-s0033-0000000262289240-0203-s_lc.fits
235413106,33,tess2020351194500-s0033-0000000235413106-0203-s_lc.fits
235110735,33,tess2020351194500-s0033-0000000235110735-0203-s_lc.fits
151474019,33,tess2020351194500-s0033-0000000151474019-0203-s_lc.fits
350583903,33,tess2020351194500-s0033-0000000350583903-0203-s_lc.fits
79219241,33,tess2020351194500-s0033-0000000079219241-0203-s_lc.fits
404797151,33,tess2020351194500-s0033-0000000404797151-0203-s_lc.fits
37255322,33,tess2020351194500-s0033-0000000037255322-0203-s_lc.fits
124317692,33,tess2020351194500-s0033-0000000124317692-0203-s_lc.fits
36105482,33,tess2020351194500-s0033-0000000036105482-0203-s_lc.fits
322682551,33,tess2020351194500-s0033-0000000322682551-0203-s_lc.fits
55664207,33,tess2020351194500-s0033-0000000055664207-0203-s_lc.fits
49184380,33,tess2020351194500-s0033-0000000049184380-0203-s_lc.fits
408930886,33,tess2020351194500-s0033-0000000408930886-0203-s_lc.fits
150029265,33,tess2020351194500-s0033-0000000150029265-0203-s_lc.fits
144517863,33,tess2020351194500-s0033-0000000144517863-0203-s_lc.fits
7492483,33,tess2020351194500-s0033-0000000007492483-0203-s_lc.fits
49670481,33,tess2020351194500-s0033-0000000049670481-0203-s_lc.fits
235256299,33,tess2020351194500-s0033-0000000235256299-0203-s_lc.fits
24609993,33,tess2020351194500-s0033-0000000024609993-0203-s_lc.fits
200385493,33,tess2020351194500-s0033-0000000200385493-0203-s_lc.fits
33831014,33,tess2020351194500-s0033-0000000033831014-0203-s_lc.fits
279477819,33,tess2020351194500-s0033-0000000279477819-0203-s_lc.fits
220158051,33,tess2020351194500-s0033-0000000220158051-0203-s_lc.fits
735179973,33,tess2020351194500-s0033-0000000735179973-0203-s_lc.fits
50994639,33,tess2020351194500-s0033-0000000050994639-0203-s_lc.fits
147802126,33,tess2020351194500-s0033-0000000147802126-0203-s_lc.fits
38697444,33,tess2020351194500-s0033-0000000038697444-0203-s_lc.fits
31104764,33,tess2020351194500-s0033-0000000031104764-0203-s_lc.fits
66919712,33,tess2020351194500-s0033-0000000066919712-0203-s_lc.fits
237554493,33,tess2020351194500-s0033-0000000237554493-0203-s_lc.fits
322824254,33,tess2020351194500-s0033-0000000322824254-0203-s_lc.fits
270885976,33,tess2020351194500-s0033-0000000270885976-0203-s_lc.fits
93101841,33,tess2020351194500-s0033-0000000093101841-0203-s_lc.fits
364268665,33,tess2020351194500-s0033-0000000364268665-0203-s_lc.fits
55524640,33,tess2020351194500-s0033-0000000055524640-0203-s_lc.fits
219365929,33,tess2020351194500-s0033-0000000219365929-0203-s_lc.fits
179575202,33,tess2020351194500-s0033-0000000179575202-0203-s_lc.fits
124846280,33,tess2020351194500-s0033-0000000124846280-0203-s_lc.fits
119172266,33,tess2020351194500-s0033-0000000119172266-0203-s_lc.fits
149600376,33,tess2020351194500-s0033-0000000149600376-0203-s_lc.fits
350765670,33,tess2020351194500-s0033-0000000350765670-0203-s_lc.fits
232031846,33,tess2020351194500-s0033-0000000232031846-0203-s_lc.fits
299908799,33,tess2020351194500-s0033-0000000299908799-0203-s_lc.fits
409124827,33,tess2020351194500-s0033-0000000409124827-0203-s_lc.fits
149913647,33,tess2020351194500-s0033-0000000149913647-0203-s_lc.fits
143212336,33,tess2020351194500-s0033-0000000143212336-0203-s_lc.fits
318043125,33,tess2020351194500-s0033-0000000318043125-0203-s_lc.fits
445941819,33,tess2020351194500-s0033-0000000445941819-0203-s_lc.fits
149155440,33,tess2020351194500-s0033-0000000149155440-0203-s_lc.fits
134476849,33,tess2020351194500-s0033-0000000134476849-0203-s_lc.fits
265359038,33,tess2020351194500-s0033-0000000265359038-0203-s_lc.fits
156566943,33,tess2020351194500-s0033-0000000156566943-0203-s_lc.fits
287961788,33,tess2020351194500-s0033-0000000287961788-0203-s_lc.fits
302927403,33,tess2020351194500-s0033-0000000302927403-0203-s_lc.fits
758035586,33,tess2020351194500-s0033-0000000758035586-0203-s_lc.fits
237653586,33,tess2020351194500-s0033-0000000237653586-0203-s_lc.fits
350563801,33,tess2020351194500-s0033-0000000350563801-0203-s_lc.fits
179206253,33,tess2020351194500-s0033-0000000179206253-0203-s_lc.fits
53743451,33,tess2020351194500-s0033-0000000053743451-0203-s_lc.fits
322683039,33,tess2020351194500-s0033-0000000322683039-0203-s_lc.fits
301283258,33,tess2020351194500-s0033-0000000301283258-0203-s_lc.fits
21651561,33,tess2020351194500-s0033-0000000021651561-0203-s_lc.fits
437952405,33,tess2020351194500-s0033-0000000437952405-0203-s_lc.fits
295943250,33,tess2020351194500-s0033-0000000295943250-0203-s_lc.fits
178325421,33,tess2020351194500-s0033-0000000178325421-0203-s_lc.fits
53410903,33,tess2020351194500-s0033-0000000053410903-0203-s_lc.fits
284591601,33,tess2020351194500-s0033-0000000284591601-0203-s_lc.fits
684064189,33,tess2020351194500-s0033-0000000684064189-0203-s_lc.fits
179637488,33,tess2020351194500-s0033-0000000179637488-0203-s_lc.fits
382157798,33,tess2020351194500-s0033-0000000382157798-0203-s_lc.fits
260537509,33,tess2020351194500-s0033-0000000260537509-0203-s_lc.fits
66885361,33,tess2020351194500-s0033-0000000066885361-0203-s_lc.fits
172928634,33,tess2020351194500-s0033-0000000172928634-0203-s_lc.fits
177385959,33,tess2020351194500-s0033-0000000177385959-0203-s_lc.fits
319617984,33,tess2020351194500-s0033-0000000319617984-0203-s_lc.fits
276793048,33,tess2020351194500-s0033-0000000276793048-0203-s_lc.fits
237973967,33,tess2020351194500-s0033-0000000237973967-0203-s_lc.fits
29832379,33,tess2020351194500-s0033-0000000029832379-0203-s_lc.fits
264002012,33,tess2020351194500-s0033-0000000264002012-0203-s_lc.fits
39725215,33,tess2020351194500-s0033-0000000039725215-0203-s_lc.fits
279159916,33,tess2020351194500-s0033-0000000279159916-0203-s_lc.fits
287717402,33,tess2020351194500-s0033-0000000287717402-0203-s_lc.fits
734803552,33,tess2020351194500-s0033-0000000734803552-0203-s_lc.fits
123979543,33,tess2020351194500-s0033-0000000123979543-0203-s_lc.fits
278078825,33,tess2020351194500-s0033-0000000278078825-0203-s_lc.fits
167672485,33,tess2020351194500-s0033-0000000167672485-0203-s_lc.fits
143171259,33,tess2020351194500-s0033-0000000143171259-0203-s_lc.fits
143119362,33,tess2020351194500-s0033-0000000143119362-0203-s_lc.fits
382301971,33,tess2020351194500-s0033-0000000382301971-0203-s_lc.fits
237446127,33,tess2020351194500-s0033-0000000237446127-0203-s_lc.fits
149503544,33,tess2020351194500-s0033-0000000149503544-0203-s_lc.fits
167894019,33,tess2020351194500-s0033-0000000167894019-0203-s_lc.fits
96384463,33,tess2020351194500-s0033-0000000096384463-0203-s_lc.fits
710364983,33,tess2020351194500-s0033-0000000710364983-0203-s_lc.fits
220432478,33,tess2020351194500-s0033-0000000220432478-0203-s_lc.fits
150066550,33,tess2020351194500-s0033-0000000150066550-0203-s_lc.fits
443380378,33,tess2020351194500-s0033-0000000443380378-0203-s_lc.fits
299585074,33,tess2020351194500-s0033-0000000299585074-0203-s_lc.fits
55499867,33,tess2020351194500-s0033-0000000055499867-0203-s_lc.fits
339859782,33,tess2020351194500-s0033-0000000339859782-0203-s_lc.fits
100683336,33,tess2020351194500-s0033-0000000100683336-0203-s_lc.fits
167033903,33,tess2020351194500-s0033-0000000167033903-0203-s_lc.fits
206787142,33,tess2020351194500-s0033-0000000206787142-0203-s_lc.fits
237550573,33,tess2020351194500-s0033-0000000237550573-0203-s_lc.fits
288255055,33,tess2020351194500-s0033-0000000288255055-0203-s_lc.fits
404768904,33,tess2020351194500-s0033-0000000404768904-0203-s_lc.fits
34846082,33,tess2020351194500-s0033-0000000034846082-0203-s_lc.fits
124547309,33,tess2020351194500-s0033-0000000124547309-0203-s_lc.fits
167692491,33,tess2020351194500-s0033-0000000167692491-0203-s_lc.fits
141154946,33,tess2020351194500-s0033-0000000141154946-0203-s_lc.fits
35644744,33,tess2020351194500-s0033-0000000035644744-0203-s_lc.fits
270576019,33,tess2020351194500-s0033-0000000270576019-0203-s_lc.fits
453172984,33,tess2020351194500-s0033-0000000453172984-0203-s_lc.fits
317416159,33,tess2020351194500-s0033-0000000317416159-0203-s_lc.fits
49252264,33,tess2020351194500-s0033-0000000049252264-0203-s_lc.fits
125013877,33,tess2020351194500-s0033-0000000125013877-0203-s_lc.fits
7444954,33,tess2020351194500-s0033-0000000007444954-0203-s_lc.fits
149347948,33,tess2020351194500-s0033-0000000149347948-0203-s_lc.fits
219170912,33,tess2020351194500-s0033-0000000219170912-0203-s_lc.fits
124121780,33,tess2020351194500-s0033-0000000124121780-0203-s_lc.fits
237851461,33,tess2020351194500-s0033-0000000237851461-0203-s_lc.fits
29759170,33,tess2020351194500-s0033-0000000029759170-0203-s_lc.fits
140598179,33,tess2020351194500-s0033-0000000140598179-0203-s_lc.fits
80771798,33,tess2020351194500-s0033-0000000080771798-0203-s_lc.fits
219207466,33,tess2020351194500-s0033-0000000219207466-0203-s_lc.fits
172622384,33,tess2020351194500-s0033-0000000172622384-0203-s_lc.fits
747966710,33,tess2020351194500-s0033-0000000747966710-0203-s_lc.fits
235505682,33,tess2020351194500-s0033-0000000235505682-0203-s_lc.fits
231717462,33,tess2020351194500-s0033-0000000231717462-0203-s_lc.fits
271972256,33,tess2020351194500-s0033-0000000271972256-0203-s_lc.fits
149215510,33,tess2020351194500-s0033-0000000149215510-0203-s_lc.fits
238166731,33,tess2020351194500-s0033-0000000238166731-0203-s_lc.fits
265622896,33,tess2020351194500-s0033-0000000265622896-0203-s_lc.fits
33606225,33,tess2020351194500-s0033-0000000033606225-0203-s_lc.fits
235340109,33,tess2020351194500-s0033-0000000235340109-0203-s_lc.fits
232032094,33,tess2020351194500-s0033-0000000232032094-0203-s_lc.fits
153122685,33,tess2020351194500-s0033-0000000153122685-0203-s_lc.fits
51405868,33,tess2020351194500-s0033-0000000051405868-0203-s_lc.fits
49190174,33,tess2020351194500-s0033-0000000049190174-0203-s_lc.fits
157567237,33,tess2020351194500-s0033-0000000157567237-0203-s_lc.fits
37765066,33,tess2020351194500-s0033-0000000037765066-0203-s_lc.fits
34436681,33,tess2020351194500-s0033-0000000034436681-0203-s_lc.fits
119325540,33,tess2020351194500-s0033-0000000119325540-0203-s_lc.fits
93418943,33,tess2020351194500-s0033-0000000093418943-0203-s_lc.fits
397150933,33,tess2020351194500-s0033-0000000397150933-0203-s_lc.fits
55451914,33,tess2020351194500-s0033-0000000055451914-0203-s_lc.fits
235396224,33,tess2020351194500-s0033-0000000235396224-0203-s_lc.fits
201424138,33,tess2020351194500-s0033-0000000201424138-0203-s_lc.fits
350620345,33,tess2020351194500-s0033-0000000350620345-0203-s_lc.fits
34437670,33,tess2020351194500-s0033-0000000034437670-0203-s_lc.fits
706007289,33,tess2020351194500-s0033-0000000706007289-0203-s_lc.fits
468963200,33,tess2020351194500-s0033-0000000468963200-0203-s_lc.fits
72175058,33,tess2020351194500-s0033-0000000072175058-0203-s_lc.fits
231726343,33,tess2020351194500-s0033-0000000231726343-0203-s_lc.fits
238038875,33,tess2020351194500-s0033-0000000238038875-0203-s_lc.fits
55274473,33,tess2020351194500-s0033-0000000055274473-0203-s_lc.fits
32603500,33,tess2020351194500-s0033-0000000032603500-0203-s_lc.fits
271723402,33,tess2020351194500-s0033-0000000271723402-0203-s_lc.fits
264597382,33,tess2020351194500-s0033-0000000264597382-0203-s_lc.fits
72044715,33,tess2020351194500-s0033-0000000072044715-0203-s_lc.fits
272431401,33,tess2020351194500-s0033-0000000272431401-0203-s_lc.fits
219210420,33,tess2020351194500-s0033-0000000219210420-0203-s_lc.fits
124937757,33,tess2020351194500-s0033-0000000124937757-0203-s_lc.fits
408931299,33,tess2020351194500-s0033-0000000408931299-0203-s_lc.fits
260542381,33,tess2020351194500-s0033-0000000260542381-0203-s_lc.fits
150324354,33,tess2020351194500-s0033-0000000150324354-0203-s_lc.fits
21747890,33,tess2020351194500-s0033-0000000021747890-0203-s_lc.fits
166977323,33,tess2020351194500-s0033-0000000166977323-0203-s_lc.fits
157751632,33,tess2020351194500-s0033-0000000157751632-0203-s_lc.fits
340008558,33,tess2020351194500-s0033-0000000340008558-0203-s_lc.fits
318012867,33,tess2020351194500-s0033-0000000318012867-0203-s_lc.fits
355407544,33,tess2020351194500-s0033-0000000355407544-0203-s_lc.fits
293139985,33,tess2020351194500-s0033-0000000293139985-0203-s_lc.fits
52684359,33,tess2020351194500-s0033-0000000052684359-0203-s_lc.fits
278823421,33,tess2020351194500-s0033-0000000278823421-0203-s_lc.fits
220404108,33,tess2020351194500-s0033-0000000220404108-0203-s_lc.fits
295399899,33,tess2020351194500-s0033-0000000295399899-0203-s_lc.fits
93374552,33,tess2020351194500-s0033-0000000093374552-0203-s_lc.fits
34527755,33,tess2020351194500-s0033-0000000034527755-0203-s_lc.fits
34582451,33,tess2020351194500-s0033-0000000034582451-0203-s_lc.fits
149391010,33,tess2020351194500-s0033-0000000149391010-0203-s_lc.fits
375037368,33,tess2020351194500-s0033-0000000375037368-0203-s_lc.fits
146919431,33,tess2020351194500-s0033-0000000146919431-0203-s_lc.fits
143108655,33,tess2020351194500-s0033-0000000143108655-0203-s_lc.fits
97932225,33,tess2020351194500-s0033-0000000097932225-0203-s_lc.fits
63202961,33,tess2020351194500-s0033-0000000063202961-0203-s_lc.fits
262603388,33,tess2020351194500-s0033-0000000262603388-0203-s_lc.fits
443252041,33,tess2020351194500-s0033-0000000443252041-0203-s_lc.fits
60241889,33,tess2020351194500-s0033-0000000060241889-0203-s_lc.fits
52051415,33,tess2020351194500-s0033-0000000052051415-0203-s_lc.fits
66532314,33,tess2020351194500-s0033-0000000066532314-0203-s_lc.fits
287531789,33,tess2020351194500-s0033-0000000287531789-0203-s_lc.fits
220411782,33,tess2020351194500-s0033-0000000220411782-0203-s_lc.fits
140512200,33,tess2020351194500-s0033-0000000140512200-0203-s_lc.fits
96800462,33,tess2020351194500-s0033-0000000096800462-0203-s_lc.fits
141542023,33,tess2020351194500-s0033-0000000141542023-0203-s_lc.fits
408975233,33,tess2020351194500-s0033-0000000408975233-0203-s_lc.fits
270429868,33,tess2020351194500-s0033-0000000270429868-0203-s_lc.fits
165188270,33,tess2020351194500-s0033-0000000165188270-0203-s_lc.fits
280210963,33,tess2020351194500-s0033-0000000280210963-0203-s_lc.fits
37599746,33,tess2020351194500-s0033-0000000037599746-0203-s_lc.fits
144485567,33,tess2020351194500-s0033-0000000144485567-0203-s_lc.fits
282119530,33,tess2020351194500-s0033-0000000282119530-0203-s_lc.fits
142015852,33,tess2020351194500-s0033-0000000142015852-0203-s_lc.fits
309657610,33,tess2020351194500-s0033-0000000309657610-0203-s_lc.fits
148463784,33,tess2020351194500-s0033-0000000148463784-0203-s_lc.fits
157008878,33,tess2020351194500-s0033-0000000157008878-0203-s_lc.fits
157078644,33,tess2020351194500-s0033-0000000157078644-0203-s_lc.fits
350342756,33,tess2020351194500-s0033-0000000350342756-0203-s_lc.fits
66565552,33,tess2020351194500-s0033-0000000066565552-0203-s_lc.fits
52042528,33,tess2020351194500-s0033-0000000052042528-0203-s_lc.fits
294781547,33,tess2020351194500-s0033-0000000294781547-0203-s_lc.fits
21717434,33,tess2020351194500-s0033-0000000021717434-0203-s_lc.fits
148096846,33,tess2020351194500-s0033-0000000148096846-0203-s_lc.fits
20145543,33,tess2020351194500-s0033-0000000020145543-0203-s_lc.fits
149347729,33,tess2020351194500-s0033-0000000149347729-0203-s_lc.fits
270973821,33,tess2020351194500-s0033-0000000270973821-0203-s_lc.fits
148037871,33,tess2020351194500-s0033-0000000148037871-0203-s_lc.fits
237564008,33,tess2020351194500-s0033-0000000237564008-0203-s_lc.fits
93242288,33,tess2020351194500-s0033-0000000093242288-0203-s_lc.fits
287636970,33,tess2020351194500-s0033-0000000287636970-0203-s_lc.fits
409005154,33,tess2020351194500-s0033-0000000409005154-0203-s_lc.fits
143168754,33,tess2020351194500-s0033-0000000143168754-0203-s_lc.fits
177181322,33,tess2020351194500-s0033-0000000177181322-0203-s_lc.fits
260476683,33,tess2020351194500-s0033-0000000260476683-0203-s_lc.fits
260079188,33,tess2020351194500-s0033-0000000260079188-0203-s_lc.fits
443284530,33,tess2020351194500-s0033-0000000443284530-0203-s_lc.fits
300871138,33,tess2020351194500-s0033-0000000300871138-0203-s_lc.fits
219420021,33,tess2020351194500-s0033-0000000219420021-0203-s_lc.fits
202120000,33,tess2020351194500-s0033-0000000202120000-0203-s_lc.fits
317701504,33,tess2020351194500-s0033-0000000317701504-0203-s_lc.fits
41174398,33,tess2020351194500-s0033-0000000041174398-0203-s_lc.fits
149445258,33,tess2020351194500-s0033-0000000149445258-0203-s_lc.fits
287775508,33,tess2020351194500-s0033-0000000287775508-0203-s_lc.fits
21746049,33,tess2020351194500-s0033-0000000021746049-0203-s_lc.fits
268694236,33,tess2020351194500-s0033-0000000268694236-0203-s_lc.fits
231152989,33,tess2020351194500-s0033-0000000231152989-0203-s_lc.fits
732235000,33,tess2020351194500-s0033-0000000732235000-0203-s_lc.fits
770913638,33,tess2020351194500-s0033-0000000770913638-0203-s_lc.fits
124773309,33,tess2020351194500-s0033-0000000124773309-0203-s_lc.fits
119447274,33,tess2020351194500-s0033-0000000119447274-0203-s_lc.fits
765298494,33,tess2020351194500-s0033-0000000765298494-0203-s_lc.fits
220457739,33,tess2020351194500-s0033-0000000220457739-0203-s_lc.fits
79034358,33,tess2020351194500-s0033-0000000079034358-0203-s_lc.fits
355281805,33,tess2020351194500-s0033-0000000355281805-0203-s_lc.fits
35635120,33,tess2020351194500-s0033-0000000035635120-0203-s_lc.fits
7323013,33,tess2020351194500-s0033-0000000007323013-0203-s_lc.fits
66340758,33,tess2020351194500-s0033-0000000066340758-0203-s_lc.fits
130333302,33,tess2020351194500-s0033-0000000130333302-0203-s_lc.fits
124545544,33,tess2020351194500-s0033-0000000124545544-0203-s_lc.fits
238164321,33,tess2020351194500-s0033-0000000238164321-0203-s_lc.fits
234722504,33,tess2020351194500-s0033-0000000234722504-0203-s_lc.fits
149913598,33,tess2020351194500-s0033-0000000149913598-0203-s_lc.fits
279246287,33,tess2020351194500-s0033-0000000279246287-0203-s_lc.fits
272357006,33,tess2020351194500-s0033-0000000272357006-0203-s_lc.fits
41529833,33,tess2020351194500-s0033-0000000041529833-0203-s_lc.fits
134309737,33,tess2020351194500-s0033-0000000134309737-0203-s_lc.fits
51830300,33,tess2020351194500-s0033-0000000051830300-0203-s_lc.fits
369711187,33,tess2020351194500-s0033-0000000369711187-0203-s_lc.fits
167656135,33,tess2020351194500-s0033-0000000167656135-0203-s_lc.fits
237863858,33,tess2020351194500-s0033-0000000237863858-0203-s_lc.fits
219210370,33,tess2020351194500-s0033-0000000219210370-0203-s_lc.fits
675259167,33,tess2020351194500-s0033-0000000675259167-0203-s_lc.fits
21537012,33,tess2020351194500-s0033-0000000021537012-0203-s_lc.fits
340179350,33,tess2020351194500-s0033-0000000340179350-0203-s_lc.fits
11958938,33,tess2020351194500-s0033-0000000011958938-0203-s_lc.fits
387690516,33,tess2020351194500-s0033-0000000387690516-0203-s_lc.fits
350931665,33,tess2020351194500-s0033-0000000350931665-0203-s_lc.fits
23037766,33,tess2020351194500-s0033-0000000023037766-0203-s_lc.fits
262498996,33,tess2020351194500-s0033-0000000262498996-0203-s_lc.fits
124023804,33,tess2020351194500-s0033-0000000124023804-0203-s_lc.fits
25184929,33,tess2020351194500-s0033-0000000025184929-0203-s_lc.fits
388131142,33,tess2020351194500-s0033-0000000388131142-0203-s_lc.fits
36294905,33,tess2020351194500-s0033-0000000036294905-0203-s_lc.fits
100530657,33,tess2020351194500-s0033-0000000100530657-0203-s_lc.fits
255637395,33,tess2020351194500-s0033-0000000255637395-0203-s_lc.fits
374861869,33,tess2020351194500-s0033-0000000374861869-0203-s_lc.fits
303903709,33,tess2020351194500-s0033-0000000303903709-0203-s_lc.fits
170157600,33,tess2020351194500-s0033-0000000170157600-0203-s_lc.fits
372851229,33,tess2020351194500-s0033-0000000372851229-0203-s_lc.fits
49244182,33,tess2020351194500-s0033-0000000049244182-0203-s_lc.fits
30315586,33,tess2020351194500-s0033-0000000030315586-0203-s_lc.fits
220275894,33,tess2020351194500-s0033-0000000220275894-0203-s_lc.fits
294352977,33,tess2020351194500-s0033-0000000294352977-0203-s_lc.fits
238062577,33,tess2020351194500-s0033-0000000238062577-0203-s_lc.fits
438528954,33,tess2020351194500-s0033-0000000438528954-0203-s_lc.fits
237832824,33,tess2020351194500-s0033-0000000237832824-0203-s_lc.fits
140895983,33,tess2020351194500-s0033-0000000140895983-0203-s_lc.fits
40341603,33,tess2020351194500-s0033-0000000040341603-0203-s_lc.fits
55272118,33,tess2020351194500-s0033-0000000055272118-0203-s_lc.fits
66594335,33,tess2020351194500-s0033-0000000066594335-0203-s_lc.fits
251267669,33,tess2020351194500-s0033-0000000251267669-0203-s_lc.fits
11810082,33,tess2020351194500-s0033-0000000011810082-0203-s_lc.fits
142614193,33,tess2020351194500-s0033-0000000142614193-0203-s_lc.fits
268870337,33,tess2020351194500-s0033-0000000268870337-0203-s_lc.fits
231718872,33,tess2020351194500-s0033-0000000231718872-0203-s_lc.fits
29983665,33,tess2020351194500-s0033-0000000029983665-0203-s_lc.fits
59347524,33,tess2020351194500-s0033-0000000059347524-0203-s_lc.fits
282199263,33,tess2020351194500-s0033-0000000282199263-0203-s_lc.fits
177407581,33,tess2020351194500-s0033-0000000177407581-0203-s_lc.fits
79542531,33,tess2020351194500-s0033-0000000079542531-0203-s_lc.fits
97280658,33,tess2020351194500-s0033-0000000097280658-0203-s_lc.fits
47859191,33,tess2020351194500-s0033-0000000047859191-0203-s_lc.fits
167251459,33,tess2020351194500-s0033-0000000167251459-0203-s_lc.fits
157246917,33,tess2020351194500-s0033-0000000157246917-0203-s_lc.fits
277295979,33,tess2020351194500-s0033-0000000277295979-0203-s_lc.fits
269287682,33,tess2020351194500-s0033-0000000269287682-0203-s_lc.fits
242193848,33,tess2020351194500-s0033-0000000242193848-0203-s_lc.fits
461678075,33,tess2020351194500-s0033-0000000461678075-0203-s_lc.fits
123926950,33,tess2020351194500-s0033-0000000123926950-0203-s_lc.fits
52975132,33,tess2020351194500-s0033-0000000052975132-0203-s_lc.fits
278897868,33,tess2020351194500-s0033-0000000278897868-0203-s_lc.fits
55387764,33,tess2020351194500-s0033-0000000055387764-0203-s_lc.fits
375055995,33,tess2020351194500-s0033-0000000375055995-0203-s_lc.fits
409459226,33,tess2020351194500-s0033-0000000409459226-0203-s_lc.fits
375038081,33,tess2020351194500-s0033-0000000375038081-0203-s_lc.fits
386588115,33,tess2020351194500-s0033-0000000386588115-0203-s_lc.fits
79140207,33,tess2020351194500-s0033-0000000079140207-0203-s_lc.fits
167087316,33,tess2020351194500-s0033-0000000167087316-0203-s_lc.fits
130414729,33,tess2020351194500-s0033-0000000130414729-0203-s_lc.fits
282207882,33,tess2020351194500-s0033-0000000282207882-0203-s_lc.fits
124023438,33,tess2020351194500-s0033-0000000124023438-0203-s_lc.fits
23542333,33,tess2020351194500-s0033-0000000023542333-0203-s_lc.fits
279320615,33,tess2020351194500-s0033-0000000279320615-0203-s_lc.fits
300293429,33,tess2020351194500-s0033-0000000300293429-0203-s_lc.fits
350623060,33,tess2020351194500-s0033-0000000350623060-0203-s_lc.fits
270557134,33,tess2020351194500-s0033-0000000270557134-0203-s_lc.fits
156935406,33,tess2020351194500-s0033-0000000156935406-0203-s_lc.fits
725694884,33,tess2020351194500-s0033-0000000725694884-0203-s_lc.fits
35298269,33,tess2020351194500-s0033-0000000035298269-0203-s_lc.fits
299899255,33,tess2020351194500-s0033-0000000299899255-0203-s_lc.fits
255596855,33,tess2020351194500-s0033-0000000255596855-0203-s_lc.fits
349093337,33,tess2020351194500-s0033-0000000349093337-0203-s_lc.fits
300091286,33,tess2020351194500-s0033-0000000300091286-0203-s_lc.fits
272236017,33,tess2020351194500-s0033-0000000272236017-0203-s_lc.fits
438226559,33,tess2020351194500-s0033-0000000438226559-0203-s_lc.fits
78891556,33,tess2020351194500-s0033-0000000078891556-0203-s_lc.fits
150249155,33,tess2020351194500-s0033-0000000150249155-0203-s_lc.fits
235157990,33,tess2020351194500-s0033-0000000235157990-0203-s_lc.fits
295730603,33,tess2020351194500-s0033-0000000295730603-0203-s_lc.fits
281430065,33,tess2020351194500-s0033-0000000281430065-0203-s_lc.fits
157249586,33,tess2020351194500-s0033-0000000157249586-0203-s_lc.fits
260266502,33,tess2020351194500-s0033-0000000260266502-0203-s_lc.fits
220473692,33,tess2020351194500-s0033-0000000220473692-0203-s_lc.fits
255590597,33,tess2020351194500-s0033-0000000255590597-0203-s_lc.fits
150429609,33,tess2020351194500-s0033-0000000150429609-0203-s_lc.fits
382033395,33,tess2020351194500-s0033-0000000382033395-0203-s_lc.fits
294209068,33,tess2020351194500-s0033-0000000294209068-0203-s_lc.fits
65302190,33,tess2020351194500-s0033-0000000065302190-0203-s_lc.fits
242199152,33,tess2020351194500-s0033-0000000242199152-0203-s_lc.fits
172410027,33,tess2020351194500-s0033-0000000172410027-0203-s_lc.fits
93331588,33,tess2020351194500-s0033-0000000093331588-0203-s_lc.fits
425216142,33,tess2020351194500-s0033-0000000425216142-0203-s_lc.fits
442989089,33,tess2020351194500-s0033-0000000442989089-0203-s_lc.fits
100471546,33,tess2020351194500-s0033-0000000100471546-0203-s_lc.fits
375035131,33,tess2020351194500-s0033-0000000375035131-0203-s_lc.fits
294097090,33,tess2020351194500-s0033-0000000294097090-0203-s_lc.fits
55269822,33,tess2020351194500-s0033-0000000055269822-0203-s_lc.fits
172734582,33,tess2020351194500-s0033-0000000172734582-0203-s_lc.fits
157047985,33,tess2020351194500-s0033-0000000157047985-0203-s_lc.fits
318413614,33,tess2020351194500-s0033-0000000318413614-0203-s_lc.fits
141941710,33,tess2020351194500-s0033-0000000141941710-0203-s_lc.fits
21713456,33,tess2020351194500-s0033-0000000021713456-0203-s_lc.fits
219203188,33,tess2020351194500-s0033-0000000219203188-0203-s_lc.fits
427464895,33,tess2020351194500-s0033-0000000427464895-0203-s_lc.fits
291789241,33,tess2020351194500-s0033-0000000291789241-0203-s_lc.fits
63580893,33,tess2020351194500-s0033-0000000063580893-0203-s_lc.fits
93279196,33,tess2020351194500-s0033-0000000093279196-0203-s_lc.fits
156506858,33,tess2020351194500-s0033-0000000156506858-0203-s_lc.fits
167717630,33,tess2020351194500-s0033-0000000167717630-0203-s_lc.fits
346487120,33,tess2020351194500-s0033-0000000346487120-0203-s_lc.fits
260003467,33,tess2020351194500-s0033-0000000260003467-0203-s_lc.fits
234892922,33,tess2020351194500-s0033-0000000234892922-0203-s_lc.fits
177241993,33,tess2020351194500-s0033-0000000177241993-0203-s_lc.fits
66516462,33,tess2020351194500-s0033-0000000066516462-0203-s_lc.fits
34660558,33,tess2020351194500-s0033-0000000034660558-0203-s_lc.fits
282269227,33,tess2020351194500-s0033-0000000282269227-0203-s_lc.fits
255785123,33,tess2020351194500-s0033-0000000255785123-0203-s_lc.fits
33147670,33,tess2020351194500-s0033-0000000033147670-0203-s_lc.fits
29760913,33,tess2020351194500-s0033-0000000029760913-0203-s_lc.fits
61237165,33,tess2020351194500-s0033-0000000061237165-0203-s_lc.fits
220600341,33,tess2020351194500-s0033-0000000220600341-0203-s_lc.fits
117881562,33,tess2020351194500-s0033-0000000117881562-0203-s_lc.fits
346316953,33,tess2020351194500-s0033-0000000346316953-0203-s_lc.fits
291468850,33,tess2020351194500-s0033-0000000291468850-0203-s_lc.fits
231729132,33,tess2020351194500-s0033-0000000231729132-0203-s_lc.fits
300329728,33,tess2020351194500-s0033-0000000300329728-0203-s_lc.fits
201964412,33,tess2020351194500-s0033-0000000201964412-0203-s_lc.fits
317600931,33,tess2020351194500-s0033-0000000317600931-0203-s_lc.fits
25509602,33,tess2020351194500-s0033-0000000025509602-0203-s_lc.fits
292652472,33,tess2020351194500-s0033-0000000292652472-0203-s_lc.fits
235074066,33,tess2020351194500-s0033-0000000235074066-0203-s_lc.fits
97957738,33,tess2020351194500-s0033-0000000097957738-0203-s_lc.fits
130375073,33,tess2020351194500-s0033-0000000130375073-0203-s_lc.fits
278826800,33,tess2020351194500-s0033-0000000278826800-0203-s_lc.fits
167814517,33,tess2020351194500-s0033-0000000167814517-0203-s_lc.fits
237562849,33,tess2020351194500-s0033-0000000237562849-0203-s_lc.fits
176476319,33,tess2020351194500-s0033-0000000176476319-0203-s_lc.fits
238951019,33,tess2020351194500-s0033-0000000238951019-0203-s_lc.fits
102457204,33,tess2020351194500-s0033-0000000102457204-0203-s_lc.fits
53399753,33,tess2020351194500-s0033-0000000053399753-0203-s_lc.fits
284334184,33,tess2020351194500-s0033-0000000284334184-0203-s_lc.fits
350443648,33,tess2020351194500-s0033-0000000350443648-0203-s_lc.fits
287410832,33,tess2020351194500-s0033-0000000287410832-0203-s_lc.fits
139474971,33,tess2020351194500-s0033-0000000139474971-0203-s_lc.fits
307247418,33,tess2020351194500-s0033-0000000307247418-0203-s_lc.fits
220437167,33,tess2020351194500-s0033-0000000220437167-0203-s_lc.fits
219407221,33,tess2020351194500-s0033-0000000219407221-0203-s_lc.fits
238926316,33,tess2020351194500-s0033-0000000238926316-0203-s_lc.fits
235052714,33,tess2020351194500-s0033-0000000235052714-0203-s_lc.fits
67259082,33,tess2020351194500-s0033-0000000067259082-0203-s_lc.fits
333046135,33,tess2020351194500-s0033-0000000333046135-0203-s_lc.fits
93208264,33,tess2020351194500-s0033-0000000093208264-0203-s_lc.fits
37546886,33,tess2020351194500-s0033-0000000037546886-0203-s_lc.fits
37914760,33,tess2020351194500-s0033-0000000037914760-0203-s_lc.fits
157401326,33,tess2020351194500-s0033-0000000157401326-0203-s_lc.fits
97583492,33,tess2020351194500-s0033-0000000097583492-0203-s_lc.fits
125342993,33,tess2020351194500-s0033-0000000125342993-0203-s_lc.fits
63298376,33,tess2020351194500-s0033-0000000063298376-0203-s_lc.fits
139645052,33,tess2020351194500-s0033-0000000139645052-0203-s_lc.fits
96659863,33,tess2020351194500-s0033-0000000096659863-0203-s_lc.fits
281909613,33,tess2020351194500-s0033-0000000281909613-0203-s_lc.fits
150250788,33,tess2020351194500-s0033-0000000150250788-0203-s_lc.fits
55450613,33,tess2020351194500-s0033-0000000055450613-0203-s_lc.fits
55662895,33,tess2020351194500-s0033-0000000055662895-0203-s_lc.fits
37302258,33,tess2020351194500-s0033-0000000037302258-0203-s_lc.fits
38707633,33,tess2020351194500-s0033-0000000038707633-0203-s_lc.fits
156932642,33,tess2020351194500-s0033-0000000156932642-0203-s_lc.fits
98551927,33,tess2020351194500-s0033-0000000098551927-0203-s_lc.fits
231077514,33,tess2020351194500-s0033-0000000231077514-0203-s_lc.fits
49672084,33,tess2020351194500-s0033-0000000049672084-0203-s_lc.fits
320650959,33,tess2020351194500-s0033-0000000320650959-0203-s_lc.fits
300014618,33,tess2020351194500-s0033-0000000300014618-0203-s_lc.fits
167305688,33,tess2020351194500-s0033-0000000167305688-0203-s_lc.fits
279318738,33,tess2020351194500-s0033-0000000279318738-0203-s_lc.fits
320214991,33,tess2020351194500-s0033-0000000320214991-0203-s_lc.fits
234177115,33,tess2020351194500-s0033-0000000234177115-0203-s_lc.fits
48096583,33,tess2020351194500-s0033-0000000048096583-0203-s_lc.fits
382198673,33,tess2020351194500-s0033-0000000382198673-0203-s_lc.fits
235056983,33,tess2020351194500-s0033-0000000235056983-0203-s_lc.fits
370236798,33,tess2020351194500-s0033-0000000370236798-0203-s_lc.fits
49012191,33,tess2020351194500-s0033-0000000049012191-0203-s_lc.fits
350025488,33,tess2020351194500-s0033-0000000350025488-0203-s_lc.fits
120025206,33,tess2020351194500-s0033-0000000120025206-0203-s_lc.fits
149479703,33,tess2020351194500-s0033-0000000149479703-0203-s_lc.fits
260659557,33,tess2020351194500-s0033-0000000260659557-0203-s_lc.fits
151412067,33,tess2020351194500-s0033-0000000151412067-0203-s_lc.fits
364325539,33,tess2020351194500-s0033-0000000364325539-0203-s_lc.fits
170313833,33,tess2020351194500-s0033-0000000170313833-0203-s_lc.fits
349969490,33,tess2020351194500-s0033-0000000349969490-0203-s_lc.fits
219427768,33,tess2020351194500-s0033-0000000219427768-0203-s_lc.fits
443246635,33,tess2020351194500-s0033-0000000443246635-0203-s_lc.fits
47500887,33,tess2020351194500-s0033-0000000047500887-0203-s_lc.fits
141210448,33,tess2020351194500-s0033-0000000141210448-0203-s_lc.fits
33692053,33,tess2020351194500-s0033-0000000033692053-0203-s_lc.fits
364588606,33,tess2020351194500-s0033-0000000364588606-0203-s_lc.fits
299314706,33,tess2020351194500-s0033-0000000299314706-0203-s_lc.fits
684974870,33,tess2020351194500-s0033-0000000684974870-0203-s_lc.fits
67040163,33,tess2020351194500-s0033-0000000067040163-0203-s_lc.fits
319560639,33,tess2020351194500-s0033-0000000319560639-0203-s_lc.fits
38943899,33,tess2020351194500-s0033-0000000038943899-0203-s_lc.fits
153541389,33,tess2020351194500-s0033-0000000153541389-0203-s_lc.fits
192797704,33,tess2020351194500-s0033-0000000192797704-0203-s_lc.fits
134432202,33,tess2020351194500-s0033-0000000134432202-0203-s_lc.fits
31181424,33,tess2020351194500-s0033-0000000031181424-0203-s_lc.fits
231147724,33,tess2020351194500-s0033-0000000231147724-0203-s_lc.fits
386153139,33,tess2020351194500-s0033-0000000386153139-0203-s_lc.fits
318907117,33,tess2020351194500-s0033-0000000318907117-0203-s_lc.fits
160302354,33,tess2020351194500-s0033-0000000160302354-0203-s_lc.fits
40895303,33,tess2020351194500-s0033-0000000040895303-0203-s_lc.fits
237489309,33,tess2020351194500-s0033-0000000237489309-0203-s_lc.fits
282502866,33,tess2020351194500-s0033-0000000282502866-0203-s_lc.fits
293935083,33,tess2020351194500-s0033-0000000293935083-0203-s_lc.fits
317476786,33,tess2020351194500-s0033-0000000317476786-0203-s_lc.fits
219196879,33,tess2020351194500-s0033-0000000219196879-0203-s_lc.fits
290654532,33,tess2020351194500-s0033-0000000290654532-0203-s_lc.fits
281801595,33,tess2020351194500-s0033-0000000281801595-0203-s_lc.fits
231921623,33,tess2020351194500-s0033-0000000231921623-0203-s_lc.fits
251239623,33,tess2020351194500-s0033-0000000251239623-0203-s_lc.fits
318277378,33,tess2020351194500-s0033-0000000318277378-0203-s_lc.fits
229374344,33,tess2020351194500-s0033-0000000229374344-0203-s_lc.fits
141211368,33,tess2020351194500-s0033-0000000141211368-0203-s_lc.fits
192785745,33,tess2020351194500-s0033-0000000192785745-0203-s_lc.fits
134477259,33,tess2020351194500-s0033-0000000134477259-0203-s_lc.fits
271554128,33,tess2020351194500-s0033-0000000271554128-0203-s_lc.fits
156576373,33,tess2020351194500-s0033-0000000156576373-0203-s_lc.fits
30638473,33,tess2020351194500-s0033-0000000030638473-0203-s_lc.fits
264690714,33,tess2020351194500-s0033-0000000264690714-0203-s_lc.fits
98383110,33,tess2020351194500-s0033-0000000098383110-0203-s_lc.fits
30716342,33,tess2020351194500-s0033-0000000030716342-0203-s_lc.fits
336877381,33,tess2020351194500-s0033-0000000336877381-0203-s_lc.fits
49772170,33,tess2020351194500-s0033-0000000049772170-0203-s_lc.fits
96920148,33,tess2020351194500-s0033-0000000096920148-0203-s_lc.fits
148095248,33,tess2020351194500-s0033-0000000148095248-0203-s_lc.fits
22939503,33,tess2020351194500-s0033-0000000022939503-0203-s_lc.fits
234632136,33,tess2020351194500-s0033-0000000234632136-0203-s_lc.fits
229347725,33,tess2020351194500-s0033-0000000229347725-0203-s_lc.fits
37302188,33,tess2020351194500-s0033-0000000037302188-0203-s_lc.fits
61845524,33,tess2020351194500-s0033-0000000061845524-0203-s_lc.fits
247824582,33,tess2020351194500-s0033-0000000247824582-0203-s_lc.fits
306740472,33,tess2020351194500-s0033-0000000306740472-0203-s_lc.fits
373843860,33,tess2020351194500-s0033-0000000373843860-0203-s_lc.fits
66911624,33,tess2020351194500-s0033-0000000066911624-0203-s_lc.fits
52815700,33,tess2020351194500-s0033-0000000052815700-0203-s_lc.fits
55604793,33,tess2020351194500-s0033-0000000055604793-0203-s_lc.fits
140635646,33,tess2020351194500-s0033-0000000140635646-0203-s_lc.fits
97966194,33,tess2020351194500-s0033-0000000097966194-0203-s_lc.fits
100832226,33,tess2020351194500-s0033-0000000100832226-0203-s_lc.fits
12237404,33,tess2020351194500-s0033-0000000012237404-0203-s_lc.fits
350823117,33,tess2020351194500-s0033-0000000350823117-0203-s_lc.fits
64139788,33,tess2020351194500-s0033-0000000064139788-0203-s_lc.fits
235256045,33,tess2020351194500-s0033-0000000235256045-0203-s_lc.fits
150296848,33,tess2020351194500-s0033-0000000150296848-0203-s_lc.fits
32602473,33,tess2020351194500-s0033-0000000032602473-0203-s_lc.fits
72093703,33,tess2020351194500-s0033-0000000072093703-0203-s_lc.fits
41256240,33,tess2020351194500-s0033-0000000041256240-0203-s_lc.fits
309755127,33,tess2020351194500-s0033-0000000309755127-0203-s_lc.fits
237747704,33,tess2020351194500-s0033-0000000237747704-0203-s_lc.fits
54059401,33,tess2020351194500-s0033-0000000054059401-0203-s_lc.fits
123557288,33,tess2020351194500-s0033-0000000123557288-0203-s_lc.fits
130332769,33,tess2020351194500-s0033-0000000130332769-0203-s_lc.fits
443240827,33,tess2020351194500-s0033-0000000443240827-0203-s_lc.fits
241986015,33,tess2020351194500-s0033-0000000241986015-0203-s_lc.fits
66735277,33,tess2020351194500-s0033-0000000066735277-0203-s_lc.fits
278898462,33,tess2020351194500-s0033-0000000278898462-0203-s_lc.fits
201514713,33,tess2020351194500-s0033-0000000201514713-0203-s_lc.fits
7392627,33,tess2020351194500-s0033-0000000007392627-0203-s_lc.fits
178381084,33,tess2020351194500-s0033-0000000178381084-0203-s_lc.fits
232019838,33,tess2020351194500-s0033-0000000232019838-0203-s_lc.fits
141609430,33,tess2020351194500-s0033-0000000141609430-0203-s_lc.fits
192785351,33,tess2020351194500-s0033-0000000192785351-0203-s_lc.fits
370236615,33,tess2020351194500-s0033-0000000370236615-0203-s_lc.fits
143171108,33,tess2020351194500-s0033-0000000143171108-0203-s_lc.fits
386585803,33,tess2020351194500-s0033-0000000386585803-0203-s_lc.fits
300443029,33,tess2020351194500-s0033-0000000300443029-0203-s_lc.fits
650140833,33,tess2020351194500-s0033-0000000650140833-0203-s_lc.fits
370010939,33,tess2020351194500-s0033-0000000370010939-0203-s_lc.fits
317417676,33,tess2020351194500-s0033-0000000317417676-0203-s_lc.fits
409007447,33,tess2020351194500-s0033-0000000409007447-0203-s_lc.fits
166983785,33,tess2020351194500-s0033-0000000166983785-0203-s_lc.fits
290054526,33,tess2020351194500-s0033-0000000290054526-0203-s_lc.fits
317868997,33,tess2020351194500-s0033-0000000317868997-0203-s_lc.fits
41230591,33,tess2020351194500-s0033-0000000041230591-0203-s_lc.fits
300812779,33,tess2020351194500-s0033-0000000300812779-0203-s_lc.fits
319157846,33,tess2020351194500-s0033-0000000319157846-0203-s_lc.fits
296070382,33,tess2020351194500-s0033-0000000296070382-0203-s_lc.fits
375032207,33,tess2020351194500-s0033-0000000375032207-0203-s_lc.fits
39723395,33,tess2020351194500-s0033-0000000039723395-0203-s_lc.fits
63042587,33,tess2020351194500-s0033-0000000063042587-0203-s_lc.fits
266002317,33,tess2020351194500-s0033-0000000266002317-0203-s_lc.fits
219210314,33,tess2020351194500-s0033-0000000219210314-0203-s_lc.fits
294152559,33,tess2020351194500-s0033-0000000294152559-0203-s_lc.fits
172405494,33,tess2020351194500-s0033-0000000172405494-0203-s_lc.fits
250484865,33,tess2020351194500-s0033-0000000250484865-0203-s_lc.fits
139480497,33,tess2020351194500-s0033-0000000139480497-0203-s_lc.fits
317717543,33,tess2020351194500-s0033-0000000317717543-0203-s_lc.fits
130419371,33,tess2020351194500-s0033-0000000130419371-0203-s_lc.fits
59942318,33,tess2020351194500-s0033-0000000059942318-0203-s_lc.fits
148242935,33,tess2020351194500-s0033-0000000148242935-0203-s_lc.fits
78666016,33,tess2020351194500-s0033-0000000078666016-0203-s_lc.fits
71727949,33,tess2020351194500-s0033-0000000071727949-0203-s_lc.fits
33864178,33,tess2020351194500-s0033-0000000033864178-0203-s_lc.fits
151560804,33,tess2020351194500-s0033-0000000151560804-0203-s_lc.fits
278863500,33,tess2020351194500-s0033-0000000278863500-0203-s_lc.fits
177012544,33,tess2020351194500-s0033-0000000177012544-0203-s_lc.fits
235046591,33,tess2020351194500-s0033-0000000235046591-0203-s_lc.fits
37498177,33,tess2020351194500-s0033-0000000037498177-0203-s_lc.fits
234933368,33,tess2020351194500-s0033-0000000234933368-0203-s_lc.fits
350478528,33,tess2020351194500-s0033-0000000350478528-0203-s_lc.fits
38907321,33,tess2020351194500-s0033-0000000038907321-0203-s_lc.fits
63892955,33,tess2020351194500-s0033-0000000063892955-0203-s_lc.fits
302867788,33,tess2020351194500-s0033-0000000302867788-0203-s_lc.fits
318792715,33,tess2020351194500-s0033-0000000318792715-0203-s_lc.fits
5283076,33,tess2020351194500-s0033-0000000005283076-0203-s_lc.fits
268368413,33,tess2020351194500-s0033-0000000268368413-0203-s_lc.fits
437935628,33,tess2020351194500-s0033-0000000437935628-0203-s_lc.fits
38698083,33,tess2020351194500-s0033-0000000038698083-0203-s_lc.fits
53749490,33,tess2020351194500-s0033-0000000053749490-0203-s_lc.fits
250485124,33,tess2020351194500-s0033-0000000250485124-0203-s_lc.fits
437901497,33,tess2020351194500-s0033-0000000437901497-0203-s_lc.fits
38908399,33,tess2020351194500-s0033-0000000038908399-0203-s_lc.fits
177021125,33,tess2020351194500-s0033-0000000177021125-0203-s_lc.fits
148403261,33,tess2020351194500-s0033-0000000148403261-0203-s_lc.fits
31373476,33,tess2020351194500-s0033-0000000031373476-0203-s_lc.fits
299833015,33,tess2020351194500-s0033-0000000299833015-0203-s_lc.fits
705867935,33,tess2020351194500-s0033-0000000705867935-0203-s_lc.fits
124436164,33,tess2020351194500-s0033-0000000124436164-0203-s_lc.fits
235408623,33,tess2020351194500-s0033-0000000235408623-0203-s_lc.fits
167201914,33,tess2020351194500-s0033-0000000167201914-0203-s_lc.fits
167748800,33,tess2020351194500-s0033-0000000167748800-0203-s_lc.fits
32830634,33,tess2020351194500-s0033-0000000032830634-0203-s_lc.fits
382030791,33,tess2020351194500-s0033-0000000382030791-0203-s_lc.fits
141811445,33,tess2020351194500-s0033-0000000141811445-0203-s_lc.fits
158820278,33,tess2020351194500-s0033-0000000158820278-0203-s_lc.fits
235489348,33,tess2020351194500-s0033-0000000235489348-0203-s_lc.fits
318017368,33,tess2020351194500-s0033-0000000318017368-0203-s_lc.fits
49244843,33,tess2020351194500-s0033-0000000049244843-0203-s_lc.fits
355356261,33,tess2020351194500-s0033-0000000355356261-0203-s_lc.fits
80708807,33,tess2020351194500-s0033-0000000080708807-0203-s_lc.fits
762444060,33,tess2020351194500-s0033-0000000762444060-0203-s_lc.fits
272356487,33,tess2020351194500-s0033-0000000272356487-0203-s_lc.fits
38710712,33,tess2020351194500-s0033-0000000038710712-0203-s_lc.fits
229191350,33,tess2020351194500-s0033-0000000229191350-0203-s_lc.fits
156991053,33,tess2020351194500-s0033-0000000156991053-0203-s_lc.fits
157250628,33,tess2020351194500-s0033-0000000157250628-0203-s_lc.fits
4861929,33,tess2020351194500-s0033-0000000004861929-0203-s_lc.fits
237458211,33,tess2020351194500-s0033-0000000237458211-0203-s_lc.fits
46639472,33,tess2020351194500-s0033-0000000046639472-0203-s_lc.fits
238230578,33,tess2020351194500-s0033-0000000238230578-0203-s_lc.fits
179637327,33,tess2020351194500-s0033-0000000179637327-0203-s_lc.fits
29828884,33,tess2020351194500-s0033-0000000029828884-0203-s_lc.fits
272429196,33,tess2020351194500-s0033-0000000272429196-0203-s_lc.fits
282810113,33,tess2020351194500-s0033-0000000282810113-0203-s_lc.fits
52274380,33,tess2020351194500-s0033-0000000052274380-0203-s_lc.fits
42437303,33,tess2020351194500-s0033-0000000042437303-0203-s_lc.fits
72096663,33,tess2020351194500-s0033-0000000072096663-0203-s_lc.fits
98080595,33,tess2020351194500-s0033-0000000098080595-0203-s_lc.fits
179317801,33,tess2020351194500-s0033-0000000179317801-0203-s_lc.fits
33715209,33,tess2020351194500-s0033-0000000033715209-0203-s_lc.fits
301386258,33,tess2020351194500-s0033-0000000301386258-0203-s_lc.fits
270676943,33,tess2020351194500-s0033-0000000270676943-0203-s_lc.fits
348895477,33,tess2020351194500-s0033-0000000348895477-0203-s_lc.fits
307250539,33,tess2020351194500-s0033-0000000307250539-0203-s_lc.fits
55272169,33,tess2020351194500-s0033-0000000055272169-0203-s_lc.fits
33866070,33,tess2020351194500-s0033-0000000033866070-0203-s_lc.fits
202121249,33,tess2020351194500-s0033-0000000202121249-0203-s_lc.fits
78565624,33,tess2020351194500-s0033-0000000078565624-0203-s_lc.fits
287496345,33,tess2020351194500-s0033-0000000287496345-0203-s_lc.fits
425069664,33,tess2020351194500-s0033-0000000425069664-0203-s_lc.fits
295524636,33,tess2020351194500-s0033-0000000295524636-0203-s_lc.fits
237539601,33,tess2020351194500-s0033-0000000237539601-0203-s_lc.fits
290656314,33,tess2020351194500-s0033-0000000290656314-0203-s_lc.fits
272550324,33,tess2020351194500-s0033-0000000272550324-0203-s_lc.fits
177813458,33,tess2020351194500-s0033-0000000177813458-0203-s_lc.fits
263334973,33,tess2020351194500-s0033-0000000263334973-0203-s_lc.fits
293271134,33,tess2020351194500-s0033-0000000293271134-0203-s_lc.fits
219362471,33,tess2020351194500-s0033-0000000219362471-0203-s_lc.fits
140502854,33,tess2020351194500-s0033-0000000140502854-0203-s_lc.fits
349927627,33,tess2020351194500-s0033-0000000349927627-0203-s_lc.fits
166982207,33,tess2020351194500-s0033-0000000166982207-0203-s_lc.fits
770690847,33,tess2020351194500-s0033-0000000770690847-0203-s_lc.fits
386423419,33,tess2020351194500-s0033-0000000386423419-0203-s_lc.fits
125260940,33,tess2020351194500-s0033-0000000125260940-0203-s_lc.fits
238163416,33,tess2020351194500-s0033-0000000238163416-0203-s_lc.fits
299741305,33,tess2020351194500-s0033-0000000299741305-0203-s_lc.fits
762085768,33,tess2020351194500-s0033-0000000762085768-0203-s_lc.fits
373598194,33,tess2020351194500-s0033-0000000373598194-0203-s_lc.fits
172193812,33,tess2020351194500-s0033-0000000172193812-0203-s_lc.fits
91606383,33,tess2020351194500-s0033-0000000091606383-0203-s_lc.fits
32761595,33,tess2020351194500-s0033-0000000032761595-0203-s_lc.fits
157656065,33,tess2020351194500-s0033-0000000157656065-0203-s_lc.fits
100725142,33,tess2020351194500-s0033-0000000100725142-0203-s_lc.fits
234773935,33,tess2020351194500-s0033-0000000234773935-0203-s_lc.fits
370223075,33,tess2020351194500-s0033-0000000370223075-0203-s_lc.fits
157528236,33,tess2020351194500-s0033-0000000157528236-0203-s_lc.fits
150163695,33,tess2020351194500-s0033-0000000150163695-0203-s_lc.fits
220476769,33,tess2020351194500-s0033-0000000220476769-0203-s_lc.fits
306737452,33,tess2020351194500-s0033-0000000306737452-0203-s_lc.fits
141156752,33,tess2020351194500-s0033-0000000141156752-0203-s_lc.fits
319863494,33,tess2020351194500-s0033-0000000319863494-0203-s_lc.fits
149303766,33,tess2020351194500-s0033-0000000149303766-0203-s_lc.fits
281977374,33,tess2020351194500-s0033-0000000281977374-0203-s_lc.fits
80710299,33,tess2020351194500-s0033-0000000080710299-0203-s_lc.fits
339859805,33,tess2020351194500-s0033-0000000339859805-0203-s_lc.fits
21648104,33,tess2020351194500-s0033-0000000021648104-0203-s_lc.fits
232496036,33,tess2020351194500-s0033-0000000232496036-0203-s_lc.fits
141428114,33,tess2020351194500-s0033-0000000141428114-0203-s_lc.fits
737123430,33,tess2020351194500-s0033-0000000737123430-0203-s_lc.fits
220600579,33,tess2020351194500-s0033-0000000220600579-0203-s_lc.fits
340007359,33,tess2020351194500-s0033-0000000340007359-0203-s_lc.fits
206958220,33,tess2020351194500-s0033-0000000206958220-0203-s_lc.fits
237930351,33,tess2020351194500-s0033-0000000237930351-0203-s_lc.fits
255759105,33,tess2020351194500-s0033-0000000255759105-0203-s_lc.fits
382147323,33,tess2020351194500-s0033-0000000382147323-0203-s_lc.fits
206796586,33,tess2020351194500-s0033-0000000206796586-0203-s_lc.fits
25130241,33,tess2020351194500-s0033-0000000025130241-0203-s_lc.fits
290715930,33,tess2020351194500-s0033-0000000290715930-0203-s_lc.fits
52503327,33,tess2020351194500-s0033-0000000052503327-0203-s_lc.fits
167010957,33,tess2020351194500-s0033-0000000167010957-0203-s_lc.fits
234601024,33,tess2020351194500-s0033-0000000234601024-0203-s_lc.fits
350560036,33,tess2020351194500-s0033-0000000350560036-0203-s_lc.fits
238018220,33,tess2020351194500-s0033-0000000238018220-0203-s_lc.fits
251264995,33,tess2020351194500-s0033-0000000251264995-0203-s_lc.fits
299559215,33,tess2020351194500-s0033-0000000299559215-0203-s_lc.fits
100593280,33,tess2020351194500-s0033-0000000100593280-0203-s_lc.fits
350297922,33,tess2020351194500-s0033-0000000350297922-0203-s_lc.fits
393271967,33,tess2020351194500-s0033-0000000393271967-0203-s_lc.fits
350145752,33,tess2020351194500-s0033-0000000350145752-0203-s_lc.fits
142052608,33,tess2020351194500-s0033-0000000142052608-0203-s_lc.fits
125501325,33,tess2020351194500-s0033-0000000125501325-0203-s_lc.fits
156915376,33,tess2020351194500-s0033-0000000156915376-0203-s_lc.fits
705316782,33,tess2020351194500-s0033-0000000705316782-0203-s_lc.fits
250566803,33,tess2020351194500-s0033-0000000250566803-0203-s_lc.fits
124874027,33,tess2020351194500-s0033-0000000124874027-0203-s_lc.fits
201430077,33,tess2020351194500-s0033-0000000201430077-0203-s_lc.fits
339956329,33,tess2020351194500-s0033-0000000339956329-0203-s_lc.fits
5109298,33,tess2020351194500-s0033-0000000005109298-0203-s_lc.fits
142525484,33,tess2020351194500-s0033-0000000142525484-0203-s_lc.fits
234677187,33,tess2020351194500-s0033-0000000234677187-0203-s_lc.fits
201494397,33,tess2020351194500-s0033-0000000201494397-0203-s_lc.fits
158030119,33,tess2020351194500-s0033-0000000158030119-0203-s_lc.fits
282904711,33,tess2020351194500-s0033-0000000282904711-0203-s_lc.fits
220455585,33,tess2020351194500-s0033-0000000220455585-0203-s_lc.fits
349769252,33,tess2020351194500-s0033-0000000349769252-0203-s_lc.fits
339886253,33,tess2020351194500-s0033-0000000339886253-0203-s_lc.fits
265262065,33,tess2020351194500-s0033-0000000265262065-0203-s_lc.fits
349643650,33,tess2020351194500-s0033-0000000349643650-0203-s_lc.fits
234881782,33,tess2020351194500-s0033-0000000234881782-0203-s_lc.fits
232032071,33,tess2020351194500-s0033-0000000232032071-0203-s_lc.fits
293273274,33,tess2020351194500-s0033-0000000293273274-0203-s_lc.fits
55755023,33,tess2020351194500-s0033-0000000055755023-0203-s_lc.fits
31961123,33,tess2020351194500-s0033-0000000031961123-0203-s_lc.fits
268464028,33,tess2020351194500-s0033-0000000268464028-0203-s_lc.fits
148130680,33,tess2020351194500-s0033-0000000148130680-0203-s_lc.fits
339891963,33,tess2020351194500-s0033-0000000339891963-0203-s_lc.fits
63199675,33,tess2020351194500-s0033-0000000063199675-0203-s_lc.fits
36549745,33,tess2020351194500-s0033-0000000036549745-0203-s_lc.fits
234081378,33,tess2020351194500-s0033-0000000234081378-0203-s_lc.fits
41031598,33,tess2020351194500-s0033-0000000041031598-0203-s_lc.fits
350715119,33,tess2020351194500-s0033-0000000350715119-0203-s_lc.fits
51783790,33,tess2020351194500-s0033-0000000051783790-0203-s_lc.fits
340173158,33,tess2020351194500-s0033-0000000340173158-0203-s_lc.fits
158030583,33,tess2020351194500-s0033-0000000158030583-0203-s_lc.fits
364425379,33,tess2020351194500-s0033-0000000364425379-0203-s_lc.fits
130572924,33,tess2020351194500-s0033-0000000130572924-0203-s_lc.fits
294272084,33,tess2020351194500-s0033-0000000294272084-0203-s_lc.fits
167088119,33,tess2020351194500-s0033-0000000167088119-0203-s_lc.fits
124223761,33,tess2020351194500-s0033-0000000124223761-0203-s_lc.fits
233969306,33,tess2020351194500-s0033-0000000233969306-0203-s_lc.fits
143285447,33,tess2020351194500-s0033-0000000143285447-0203-s_lc.fits
391948057,33,tess2020351194500-s0033-0000000391948057-0203-s_lc.fits
42177182,33,tess2020351194500-s0033-0000000042177182-0203-s_lc.fits
271596253,33,tess2020351194500-s0033-0000000271596253-0203-s_lc.fits
93507938,33,tess2020351194500-s0033-0000000093507938-0203-s_lc.fits
369524108,33,tess2020351194500-s0033-0000000369524108-0203-s_lc.fits
219407250,33,tess2020351194500-s0033-0000000219407250-0203-s_lc.fits
282713841,33,tess2020351194500-s0033-0000000282713841-0203-s_lc.fits
452375865,33,tess2020351194500-s0033-0000000452375865-0203-s_lc.fits
263812495,33,tess2020351194500-s0033-0000000263812495-0203-s_lc.fits
339960404,33,tess2020351194500-s0033-0000000339960404-0203-s_lc.fits
31816240,33,tess2020351194500-s0033-0000000031816240-0203-s_lc.fits
141605929,33,tess2020351194500-s0033-0000000141605929-0203-s_lc.fits
24528739,33,tess2020351194500-s0033-0000000024528739-0203-s_lc.fits
149218683,33,tess2020351194500-s0033-0000000149218683-0203-s_lc.fits
130615925,33,tess2020351194500-s0033-0000000130615925-0203-s_lc.fits
281581005,33,tess2020351194500-s0033-0000000281581005-0203-s_lc.fits
31672006,33,tess2020351194500-s0033-0000000031672006-0203-s_lc.fits
130296345,33,tess2020351194500-s0033-0000000130296345-0203-s_lc.fits
192788554,33,tess2020351194500-s0033-0000000192788554-0203-s_lc.fits
41359534,33,tess2020351194500-s0033-0000000041359534-0203-s_lc.fits
177163343,33,tess2020351194500-s0033-0000000177163343-0203-s_lc.fits
4711446,33,tess2020351194500-s0033-0000000004711446-0203-s_lc.fits
355406796,33,tess2020351194500-s0033-0000000355406796-0203-s_lc.fits
123799700,33,tess2020351194500-s0033-0000000123799700-0203-s_lc.fits
255784888,33,tess2020351194500-s0033-0000000255784888-0203-s_lc.fits
238151641,33,tess2020351194500-s0033-0000000238151641-0203-s_lc.fits
437960471,33,tess2020351194500-s0033-0000000437960471-0203-s_lc.fits
363963267,33,tess2020351194500-s0033-0000000363963267-0203-s_lc.fits
260472456,33,tess2020351194500-s0033-0000000260472456-0203-s_lc.fits
281224894,33,tess2020351194500-s0033-0000000281224894-0203-s_lc.fits
140802488,33,tess2020351194500-s0033-0000000140802488-0203-s_lc.fits
157089718,33,tess2020351194500-s0033-0000000157089718-0203-s_lc.fits
282899554,33,tess2020351194500-s0033-0000000282899554-0203-s_lc.fits
445522266,33,tess2020351194500-s0033-0000000445522266-0203-s_lc.fits
734642726,33,tess2020351194500-s0033-0000000734642726-0203-s_lc.fits
65052060,33,tess2020351194500-s0033-0000000065052060-0203-s_lc.fits
158090319,33,tess2020351194500-s0033-0000000158090319-0203-s_lc.fits
149060687,33,tess2020351194500-s0033-0000000149060687-0203-s_lc.fits
91524493,33,tess2020351194500-s0033-0000000091524493-0203-s_lc.fits
157699831,33,tess2020351194500-s0033-0000000157699831-0203-s_lc.fits
279088395,33,tess2020351194500-s0033-0000000279088395-0203-s_lc.fits
220414802,33,tess2020351194500-s0033-0000000220414802-0203-s_lc.fits
37740292,33,tess2020351194500-s0033-0000000037740292-0203-s_lc.fits
21574699,33,tess2020351194500-s0033-0000000021574699-0203-s_lc.fits
12090053,33,tess2020351194500-s0033-0000000012090053-0203-s_lc.fits
167718677,33,tess2020351194500-s0033-0000000167718677-0203-s_lc.fits
165186583,33,tess2020351194500-s0033-0000000165186583-0203-s_lc.fits
268579524,33,tess2020351194500-s0033-0000000268579524-0203-s_lc.fits
232377527,33,tess2020351194500-s0033-0000000232377527-0203-s_lc.fits
706517474,33,tess2020351194500-s0033-0000000706517474-0203-s_lc.fits
180972211,33,tess2020351194500-s0033-0000000180972211-0203-s_lc.fits
170314958,33,tess2020351194500-s0033-0000000170314958-0203-s_lc.fits
101266495,33,tess2020351194500-s0033-0000000101266495-0203-s_lc.fits
307580684,33,tess2020351194500-s0033-0000000307580684-0203-s_lc.fits
60243613,33,tess2020351194500-s0033-0000000060243613-0203-s_lc.fits
96926716,33,tess2020351194500-s0033-0000000096926716-0203-s_lc.fits
38515801,33,tess2020351194500-s0033-0000000038515801-0203-s_lc.fits
382158415,33,tess2020351194500-s0033-0000000382158415-0203-s_lc.fits
148041408,33,tess2020351194500-s0033-0000000148041408-0203-s_lc.fits
31997926,33,tess2020351194500-s0033-0000000031997926-0203-s_lc.fits
232281172,33,tess2020351194500-s0033-0000000232281172-0203-s_lc.fits
100530951,33,tess2020351194500-s0033-0000000100530951-0203-s_lc.fits
271698614,33,tess2020351194500-s0033-0000000271698614-0203-s_lc.fits
124810303,33,tess2020351194500-s0033-0000000124810303-0203-s_lc.fits
124640802,33,tess2020351194500-s0033-0000000124640802-0203-s_lc.fits
231955900,33,tess2020351194500-s0033-0000000231955900-0203-s_lc.fits
219184628,33,tess2020351194500-s0033-0000000219184628-0203-s_lc.fits
31960217,33,tess2020351194500-s0033-0000000031960217-0203-s_lc.fits
101267471,33,tess2020351194500-s0033-0000000101267471-0203-s_lc.fits
149125949,33,tess2020351194500-s0033-0000000149125949-0203-s_lc.fits
344024029,33,tess2020351194500-s0033-0000000344024029-0203-s_lc.fits
765684649,33,tess2020351194500-s0033-0000000765684649-0203-s_lc.fits
299618465,33,tess2020351194500-s0033-0000000299618465-0203-s_lc.fits
66530676,33,tess2020351194500-s0033-0000000066530676-0203-s_lc.fits
271975726,33,tess2020351194500-s0033-0000000271975726-0203-s_lc.fits
177079354,33,tess2020351194500-s0033-0000000177079354-0203-s_lc.fits
255614823,33,tess2020351194500-s0033-0000000255614823-0203-s_lc.fits
32090208,33,tess2020351194500-s0033-0000000032090208-0203-s_lc.fits
349091511,33,tess2020351194500-s0033-0000000349091511-0203-s_lc.fits
173133480,33,tess2020351194500-s0033-0000000173133480-0203-s_lc.fits
709848809,33,tess2020351194500-s0033-0000000709848809-0203-s_lc.fits
220332334,33,tess2020351194500-s0033-0000000220332334-0203-s_lc.fits
66892007,33,tess2020351194500-s0033-0000000066892007-0203-s_lc.fits
287401203,33,tess2020351194500-s0033-0000000287401203-0203-s_lc.fits
64782471,33,tess2020351194500-s0033-0000000064782471-0203-s_lc.fits
72211452,33,tess2020351194500-s0033-0000000072211452-0203-s_lc.fits
120831624,33,tess2020351194500-s0033-0000000120831624-0203-s_lc.fits
49669623,33,tess2020351194500-s0033-0000000049669623-0203-s_lc.fits
167812099,33,tess2020351194500-s0033-0000000167812099-0203-s_lc.fits
301601259,33,tess2020351194500-s0033-0000000301601259-0203-s_lc.fits
393229562,33,tess2020351194500-s0033-0000000393229562-0203-s_lc.fits
271644257,33,tess2020351194500-s0033-0000000271644257-0203-s_lc.fits
31999683,33,tess2020351194500-s0033-0000000031999683-0203-s_lc.fits
231074105,33,tess2020351194500-s0033-0000000231074105-0203-s_lc.fits
31742622,33,tess2020351194500-s0033-0000000031742622-0203-s_lc.fits
760716042,33,tess2020351194500-s0033-0000000760716042-0203-s_lc.fits
279160488,33,tess2020351194500-s0033-0000000279160488-0203-s_lc.fits
300657009,33,tess2020351194500-s0033-0000000300657009-0203-s_lc.fits
284332256,33,tess2020351194500-s0033-0000000284332256-0203-s_lc.fits
237451655,33,tess2020351194500-s0033-0000000237451655-0203-s_lc.fits
177212030,33,tess2020351194500-s0033-0000000177212030-0203-s_lc.fits
231812002,33,tess2020351194500-s0033-0000000231812002-0203-s_lc.fits
300144558,33,tess2020351194500-s0033-0000000300144558-0203-s_lc.fits
151058352,33,tess2020351194500-s0033-0000000151058352-0203-s_lc.fits
234814409,33,tess2020351194500-s0033-0000000234814409-0203-s_lc.fits
282916197,33,tess2020351194500-s0033-0000000282916197-0203-s_lc.fits
709076655,33,tess2020351194500-s0033-0000000709076655-0203-s_lc.fits
287584993,33,tess2020351194500-s0033-0000000287584993-0203-s_lc.fits
80855241,33,tess2020351194500-s0033-0000000080855241-0203-s_lc.fits
234937689,33,tess2020351194500-s0033-0000000234937689-0203-s_lc.fits
124775868,33,tess2020351194500-s0033-0000000124775868-0203-s_lc.fits
55368621,33,tess2020351194500-s0033-0000000055368621-0203-s_lc.fits
294308593,33,tess2020351194500-s0033-0000000294308593-0203-s_lc.fits
20060837,33,tess2020351194500-s0033-0000000020060837-0203-s_lc.fits
737482923,33,tess2020351194500-s0033-0000000737482923-0203-s_lc.fits
34526193,33,tess2020351194500-s0033-0000000034526193-0203-s_lc.fits
63474118,33,tess2020351194500-s0033-0000000063474118-0203-s_lc.fits
434314930,33,tess2020351194500-s0033-0000000434314930-0203-s_lc.fits
278992159,33,tess2020351194500-s0033-0000000278992159-0203-s_lc.fits
391892593,33,tess2020351194500-s0033-0000000391892593-0203-s_lc.fits
200391794,33,tess2020351194500-s0033-0000000200391794-0203-s_lc.fits
272189048,33,tess2020351194500-s0033-0000000272189048-0203-s_lc.fits
250440842,33,tess2020351194500-s0033-0000000250440842-0203-s_lc.fits
94991161,33,tess2020351194500-s0033-0000000094991161-0203-s_lc.fits
30033788,33,tess2020351194500-s0033-0000000030033788-0203-s_lc.fits
238932509,33,tess2020351194500-s0033-0000000238932509-0203-s_lc.fits
32541024,33,tess2020351194500-s0033-0000000032541024-0203-s_lc.fits
705480189,33,tess2020351194500-s0033-0000000705480189-0203-s_lc.fits
220401171,33,tess2020351194500-s0033-0000000220401171-0203-s_lc.fits
710705159,33,tess2020351194500-s0033-0000000710705159-0203-s_lc.fits
279159876,33,tess2020351194500-s0033-0000000279159876-0203-s_lc.fits
155145481,33,tess2020351194500-s0033-0000000155145481-0203-s_lc.fits
300384330,33,tess2020351194500-s0033-0000000300384330-0203-s_lc.fits
177523360,33,tess2020351194500-s0033-0000000177523360-0203-s_lc.fits
59976768,33,tess2020351194500-s0033-0000000059976768-0203-s_lc.fits
231929660,33,tess2020351194500-s0033-0000000231929660-0203-s_lc.fits
333426666,33,tess2020351194500-s0033-0000000333426666-0203-s_lc.fits
97713866,33,tess2020351194500-s0033-0000000097713866-0203-s_lc.fits
151171958,33,tess2020351194500-s0033-0000000151171958-0203-s_lc.fits
235329370,33,tess2020351194500-s0033-0000000235329370-0203-s_lc.fits
340060598,33,tess2020351194500-s0033-0000000340060598-0203-s_lc.fits
180971818,33,tess2020351194500-s0033-0000000180971818-0203-s_lc.fits
150323471,33,tess2020351194500-s0033-0000000150323471-0203-s_lc.fits
408968324,33,tess2020351194500-s0033-0000000408968324-0203-s_lc.fits
201432628,33,tess2020351194500-s0033-0000000201432628-0203-s_lc.fits
32673377,33,tess2020351194500-s0033-0000000032673377-0203-s_lc.fits
151356685,33,tess2020351194500-s0033-0000000151356685-0203-s_lc.fits
167524928,33,tess2020351194500-s0033-0000000167524928-0203-s_lc.fits
39216697,33,tess2020351194500-s0033-0000000039216697-0203-s_lc.fits
119377763,33,tess2020351194500-s0033-0000000119377763-0203-s_lc.fits
453106171,33,tess2020351194500-s0033-0000000453106171-0203-s_lc.fits
408970593,33,tess2020351194500-s0033-0000000408970593-0203-s_lc.fits
33997020,33,tess2020351194500-s0033-0000000033997020-0203-s_lc.fits
61688703,33,tess2020351194500-s0033-0000000061688703-0203-s_lc.fits
314826949,33,tess2020351194500-s0033-0000000314826949-0203-s_lc.fits
143145186,33,tess2020351194500-s0033-0000000143145186-0203-s_lc.fits
140898575,33,tess2020351194500-s0033-0000000140898575-0203-s_lc.fits
389323171,33,tess2020351194500-s0033-0000000389323171-0203-s_lc.fits
48395644,33,tess2020351194500-s0033-0000000048395644-0203-s_lc.fits
408928524,33,tess2020351194500-s0033-0000000408928524-0203-s_lc.fits
340891143,33,tess2020351194500-s0033-0000000340891143-0203-s_lc.fits
219379221,33,tess2020351194500-s0033-0000000219379221-0203-s_lc.fits
30471172,33,tess2020351194500-s0033-0000000030471172-0203-s_lc.fits
167746322,33,tess2020351194500-s0033-0000000167746322-0203-s_lc.fits
170099700,33,tess2020351194500-s0033-0000000170099700-0203-s_lc.fits
59747275,33,tess2020351194500-s0033-0000000059747275-0203-s_lc.fits
344023913,33,tess2020351194500-s0033-0000000344023913-0203-s_lc.fits
220421994,33,tess2020351194500-s0033-0000000220421994-0203-s_lc.fits
292070876,33,tess2020351194500-s0033-0000000292070876-0203-s_lc.fits
370237289,33,tess2020351194500-s0033-0000000370237289-0203-s_lc.fits
176982477,33,tess2020351194500-s0033-0000000176982477-0203-s_lc.fits
219415450,33,tess2020351194500-s0033-0000000219415450-0203-s_lc.fits
290750048,33,tess2020351194500-s0033-0000000290750048-0203-s_lc.fits
765444984,33,tess2020351194500-s0033-0000000765444984-0203-s_lc.fits
300808454,33,tess2020351194500-s0033-0000000300808454-0203-s_lc.fits
381974270,33,tess2020351194500-s0033-0000000381974270-0203-s_lc.fits
156760647,33,tess2020351194500-s0033-0000000156760647-0203-s_lc.fits
102209335,33,tess2020351194500-s0033-0000000102209335-0203-s_lc.fits
35162810,33,tess2020351194500-s0033-0000000035162810-0203-s_lc.fits
453120217,33,tess2020351194500-s0033-0000000453120217-0203-s_lc.fits
235292925,33,tess2020351194500-s0033-0000000235292925-0203-s_lc.fits
170203297,33,tess2020351194500-s0033-0000000170203297-0203-s_lc.fits
157089971,33,tess2020351194500-s0033-0000000157089971-0203-s_lc.fits
100610422,33,tess2020351194500-s0033-0000000100610422-0203-s_lc.fits
453075884,33,tess2020351194500-s0033-0000000453075884-0203-s_lc.fits
29779873,33,tess2020351194500-s0033-0000000029779873-0203-s_lc.fits
39669204,33,tess2020351194500-s0033-0000000039669204-0203-s_lc.fits
123569735,33,tess2020351194500-s0033-0000000123569735-0203-s_lc.fits
231187976,33,tess2020351194500-s0033-0000000231187976-0203-s_lc.fits
150391733,33,tess2020351194500-s0033-0000000150391733-0203-s_lc.fits
453166070,33,tess2020351194500-s0033-0000000453166070-0203-s_lc.fits
53641608,33,tess2020351194500-s0033-0000000053641608-0203-s_lc.fits
260351752,33,tess2020351194500-s0033-0000000260351752-0203-s_lc.fits
317687947,33,tess2020351194500-s0033-0000000317687947-0203-s_lc.fits
141807629,33,tess2020351194500-s0033-0000000141807629-0203-s_lc.fits
237978460,33,tess2020351194500-s0033-0000000237978460-0203-s_lc.fits
49703429,33,tess2020351194500-s0033-0000000049703429-0203-s_lc.fits
251217506,33,tess2020351194500-s0033-0000000251217506-0203-s_lc.fits
232030067,33,tess2020351194500-s0033-0000000232030067-0203-s_lc.fits
343969106,33,tess2020351194500-s0033-0000000343969106-0203-s_lc.fits
389875078,33,tess2020351194500-s0033-0000000389875078-0203-s_lc.fits
232252830,33,tess2020351194500-s0033-0000000232252830-0203-s_lc.fits
10256897,33,tess2020351194500-s0033-0000000010256897-0203-s_lc.fits
232514867,33,tess2020351194500-s0033-0000000232514867-0203-s_lc.fits
59729160,33,tess2020351194500-s0033-0000000059729160-0203-s_lc.fits
35242723,33,tess2020351194500-s0033-0000000035242723-0203-s_lc.fits
168202864,33,tess2020351194500-s0033-0000000168202864-0203-s_lc.fits
220457593,33,tess2020351194500-s0033-0000000220457593-0203-s_lc.fits
282272413,33,tess2020351194500-s0033-0000000282272413-0203-s_lc.fits
119444533,33,tess2020351194500-s0033-0000000119444533-0203-s_lc.fits
37122142,33,tess2020351194500-s0033-0000000037122142-0203-s_lc.fits
445951245,33,tess2020351194500-s0033-0000000445951245-0203-s_lc.fits
370140658,33,tess2020351194500-s0033-0000000370140658-0203-s_lc.fits
235108726,33,tess2020351194500-s0033-0000000235108726-0203-s_lc.fits
124230835,33,tess2020351194500-s0033-0000000124230835-0203-s_lc.fits
32594915,33,tess2020351194500-s0033-0000000032594915-0203-s_lc.fits
381949410,33,tess2020351194500-s0033-0000000381949410-0203-s_lc.fits
147945179,33,tess2020351194500-s0033-0000000147945179-0203-s_lc.fits
71919787,33,tess2020351194500-s0033-0000000071919787-0203-s_lc.fits
238061845,33,tess2020351194500-s0033-0000000238061845-0203-s_lc.fits
319610612,33,tess2020351194500-s0033-0000000319610612-0203-s_lc.fits
291082145,33,tess2020351194500-s0033-0000000291082145-0203-s_lc.fits
291461795,33,tess2020351194500-s0033-0000000291461795-0203-s_lc.fits
445260357,33,tess2020351194500-s0033-0000000445260357-0203-s_lc.fits
37389678,33,tess2020351194500-s0033-0000000037389678-0203-s_lc.fits
231073416,33,tess2020351194500-s0033-0000000231073416-0203-s_lc.fits
364540782,33,tess2020351194500-s0033-0000000364540782-0203-s_lc.fits
140215314,33,tess2020351194500-s0033-0000000140215314-0203-s_lc.fits
309754992,33,tess2020351194500-s0033-0000000309754992-0203-s_lc.fits
106493402,33,tess2020351194500-s0033-0000000106493402-0203-s_lc.fits
238037356,33,tess2020351194500-s0033-0000000238037356-0203-s_lc.fits
438119750,33,tess2020351194500-s0033-0000000438119750-0203-s_lc.fits
102214834,33,tess2020351194500-s0033-0000000102214834-0203-s_lc.fits
72554479,33,tess2020351194500-s0033-0000000072554479-0203-s_lc.fits
148323406,33,tess2020351194500-s0033-0000000148323406-0203-s_lc.fits
382032386,33,tess2020351194500-s0033-0000000382032386-0203-s_lc.fits
147956394,33,tess2020351194500-s0033-0000000147956394-0203-s_lc.fits
20096267,33,tess2020351194500-s0033-0000000020096267-0203-s_lc.fits
265813458,33,tess2020351194500-s0033-0000000265813458-0203-s_lc.fits
98478101,33,tess2020351194500-s0033-0000000098478101-0203-s_lc.fits
41228464,33,tess2020351194500-s0033-0000000041228464-0203-s_lc.fits
271807602,33,tess2020351194500-s0033-0000000271807602-0203-s_lc.fits
200386243,33,tess2020351194500-s0033-0000000200386243-0203-s_lc.fits
220420305,33,tess2020351194500-s0033-0000000220420305-0203-s_lc.fits
52808394,33,tess2020351194500-s0033-0000000052808394-0203-s_lc.fits
260417971,33,tess2020351194500-s0033-0000000260417971-0203-s_lc.fits
235161128,33,tess2020351194500-s0033-0000000235161128-0203-s_lc.fits
51895722,33,tess2020351194500-s0033-0000000051895722-0203-s_lc.fits
231726168,33,tess2020351194500-s0033-0000000231726168-0203-s_lc.fits
382157129,33,tess2020351194500-s0033-0000000382157129-0203-s_lc.fits
715335692,33,tess2020351194500-s0033-0000000715335692-0203-s_lc.fits
66533442,33,tess2020351194500-s0033-0000000066533442-0203-s_lc.fits
32500750,33,tess2020351194500-s0033-0000000032500750-0203-s_lc.fits
295280374,33,tess2020351194500-s0033-0000000295280374-0203-s_lc.fits
60348471,33,tess2020351194500-s0033-0000000060348471-0203-s_lc.fits
734806668,33,tess2020351194500-s0033-0000000734806668-0203-s_lc.fits
142081674,33,tess2020351194500-s0033-0000000142081674-0203-s_lc.fits
306508247,33,tess2020351194500-s0033-0000000306508247-0203-s_lc.fits
130259633,33,tess2020351194500-s0033-0000000130259633-0203-s_lc.fits
445392679,33,tess2020351194500-s0033-0000000445392679-0203-s_lc.fits
31927505,33,tess2020351194500-s0033-0000000031927505-0203-s_lc.fits
148338100,33,tess2020351194500-s0033-0000000148338100-0203-s_lc.fits
156937848,33,tess2020351194500-s0033-0000000156937848-0203-s_lc.fits
33987720,33,tess2020351194500-s0033-0000000033987720-0203-s_lc.fits
91792759,33,tess2020351194500-s0033-0000000091792759-0203-s_lc.fits
38608972,33,tess2020351194500-s0033-0000000038608972-0203-s_lc.fits
53170695,33,tess2020351194500-s0033-0000000053170695-0203-s_lc.fits
160327262,33,tess2020351194500-s0033-0000000160327262-0203-s_lc.fits
80609269,33,tess2020351194500-s0033-0000000080609269-0203-s_lc.fits
36099184,33,tess2020351194500-s0033-0000000036099184-0203-s_lc.fits
375056762,33,tess2020351194500-s0033-0000000375056762-0203-s_lc.fits
100612903,33,tess2020351194500-s0033-0000000100612903-0203-s_lc.fits
72219849,33,tess2020351194500-s0033-0000000072219849-0203-s_lc.fits
167652884,33,tess2020351194500-s0033-0000000167652884-0203-s_lc.fits
10169640,33,tess2020351194500-s0033-0000000010169640-0203-s_lc.fits
237947691,33,tess2020351194500-s0033-0000000237947691-0203-s_lc.fits
300443794,33,tess2020351194500-s0033-0000000300443794-0203-s_lc.fits
53985320,33,tess2020351194500-s0033-0000000053985320-0203-s_lc.fits
717159782,33,tess2020351194500-s0033-0000000717159782-0203-s_lc.fits
177164194,33,tess2020351194500-s0033-0000000177164194-0203-s_lc.fits
269090418,33,tess2020351194500-s0033-0000000269090418-0203-s_lc.fits
761774360,33,tess2020351194500-s0033-0000000761774360-0203-s_lc.fits
177598738,33,tess2020351194500-s0033-0000000177598738-0203-s_lc.fits
201492362,33,tess2020351194500-s0033-0000000201492362-0203-s_lc.fits
234779881,33,tess2020351194500-s0033-0000000234779881-0203-s_lc.fits
350656684,33,tess2020351194500-s0033-0000000350656684-0203-s_lc.fits
140943040,33,tess2020351194500-s0033-0000000140943040-0203-s_lc.fits
177431511,33,tess2020351194500-s0033-0000000177431511-0203-s_lc.fits
375059587,33,tess2020351194500-s0033-0000000375059587-0203-s_lc.fits
63672100,33,tess2020351194500-s0033-0000000063672100-0203-s_lc.fits
42228260,33,tess2020351194500-s0033-0000000042228260-0203-s_lc.fits
41226271,33,tess2020351194500-s0033-0000000041226271-0203-s_lc.fits
279696304,33,tess2020351194500-s0033-0000000279696304-0203-s_lc.fits
165151243,33,tess2020351194500-s0033-0000000165151243-0203-s_lc.fits
404852071,33,tess2020351194500-s0033-0000000404852071-0203-s_lc.fits
149269178,33,tess2020351194500-s0033-0000000149269178-0203-s_lc.fits
276860194,33,tess2020351194500-s0033-0000000276860194-0203-s_lc.fits
260043056,33,tess2020351194500-s0033-0000000260043056-0203-s_lc.fits
302928291,33,tess2020351194500-s0033-0000000302928291-0203-s_lc.fits
219368302,33,tess2020351194500-s0033-0000000219368302-0203-s_lc.fits
234721741,33,tess2020351194500-s0033-0000000234721741-0203-s_lc.fits
101144215,33,tess2020351194500-s0033-0000000101144215-0203-s_lc.fits
219167241,33,tess2020351194500-s0033-0000000219167241-0203-s_lc.fits
38584748,33,tess2020351194500-s0033-0000000038584748-0203-s_lc.fits
777004754,33,tess2020351194500-s0033-0000000777004754-0203-s_lc.fits
71872076,33,tess2020351194500-s0033-0000000071872076-0203-s_lc.fits
202148206,33,tess2020351194500-s0033-0000000202148206-0203-s_lc.fits
349483265,33,tess2020351194500-s0033-0000000349483265-0203-s_lc.fits
728699610,33,tess2020351194500-s0033-0000000728699610-0203-s_lc.fits
39543912,33,tess2020351194500-s0033-0000000039543912-0203-s_lc.fits
251156363,33,tess2020351194500-s0033-0000000251156363-0203-s_lc.fits
220601824,33,tess2020351194500-s0033-0000000220601824-0203-s_lc.fits
34786800,33,tess2020351194500-s0033-0000000034786800-0203-s_lc.fits
235286660,33,tess2020351194500-s0033-0000000235286660-0203-s_lc.fits
33418853,33,tess2020351194500-s0033-0000000033418853-0203-s_lc.fits
219410290,33,tess2020351194500-s0033-0000000219410290-0203-s_lc.fits
300037002,33,tess2020351194500-s0033-0000000300037002-0203-s_lc.fits
155086399,33,tess2020351194500-s0033-0000000155086399-0203-s_lc.fits
300035756,33,tess2020351194500-s0033-0000000300035756-0203-s_lc.fits
393454655,33,tess2020351194500-s0033-0000000393454655-0203-s_lc.fits
270424340,33,tess2020351194500-s0033-0000000270424340-0203-s_lc.fits
281490693,33,tess2020351194500-s0033-0000000281490693-0203-s_lc.fits
26460543,33,tess2020351194500-s0033-0000000026460543-0203-s_lc.fits
251184135,33,tess2020351194500-s0033-0000000251184135-0203-s_lc.fits
434313508,33,tess2020351194500-s0033-0000000434313508-0203-s_lc.fits
415560204,33,tess2020351194500-s0033-0000000415560204-0203-s_lc.fits
220461732,33,tess2020351194500-s0033-0000000220461732-0203-s_lc.fits
149393230,33,tess2020351194500-s0033-0000000149393230-0203-s_lc.fits
139648100,33,tess2020351194500-s0033-0000000139648100-0203-s_lc.fits
21443768,33,tess2020351194500-s0033-0000000021443768-0203-s_lc.fits
32069782,33,tess2020351194500-s0033-0000000032069782-0203-s_lc.fits
250486305,33,tess2020351194500-s0033-0000000250486305-0203-s_lc.fits
39674273,33,tess2020351194500-s0033-0000000039674273-0203-s_lc.fits
71869339,33,tess2020351194500-s0033-0000000071869339-0203-s_lc.fits
106752670,33,tess2020351194500-s0033-0000000106752670-0203-s_lc.fits
293968698,33,tess2020351194500-s0033-0000000293968698-0203-s_lc.fits
306576345,33,tess2020351194500-s0033-0000000306576345-0203-s_lc.fits
134353120,33,tess2020351194500-s0033-0000000134353120-0203-s_lc.fits
235341749,33,tess2020351194500-s0033-0000000235341749-0203-s_lc.fits
156833628,33,tess2020351194500-s0033-0000000156833628-0203-s_lc.fits
42640466,33,tess2020351194500-s0033-0000000042640466-0203-s_lc.fits
125498489,33,tess2020351194500-s0033-0000000125498489-0203-s_lc.fits
282300800,33,tess2020351194500-s0033-0000000282300800-0203-s_lc.fits
306742001,33,tess2020351194500-s0033-0000000306742001-0203-s_lc.fits
147943408,33,tess2020351194500-s0033-0000000147943408-0203-s_lc.fits
235064208,33,tess2020351194500-s0033-0000000235064208-0203-s_lc.fits
80573387,33,tess2020351194500-s0033-0000000080573387-0203-s_lc.fits
238134404,33,tess2020351194500-s0033-0000000238134404-0203-s_lc.fits
144499196,33,tess2020351194500-s0033-0000000144499196-0203-s_lc.fits
294216479,33,tess2020351194500-s0033-0000000294216479-0203-s_lc.fits
294204804,33,tess2020351194500-s0033-0000000294204804-0203-s_lc.fits
232032625,33,tess2020351194500-s0033-0000000232032625-0203-s_lc.fits
172026607,33,tess2020351194500-s0033-0000000172026607-0203-s_lc.fits
141771691,33,tess2020351194500-s0033-0000000141771691-0203-s_lc.fits
170105038,33,tess2020351194500-s0033-0000000170105038-0203-s_lc.fits
66892344,33,tess2020351194500-s0033-0000000066892344-0203-s_lc.fits
31378425,33,tess2020351194500-s0033-0000000031378425-0203-s_lc.fits
348992108,33,tess2020351194500-s0033-0000000348992108-0203-s_lc.fits
149631035,33,tess2020351194500-s0033-0000000149631035-0203-s_lc.fits
350842838,33,tess2020351194500-s0033-0000000350842838-0203-s_lc.fits
220408901,33,tess2020351194500-s0033-0000000220408901-0203-s_lc.fits
150191583,33,tess2020351194500-s0033-0000000150191583-0203-s_lc.fits
172590819,33,tess2020351194500-s0033-0000000172590819-0203-s_lc.fits
101267727,33,tess2020351194500-s0033-0000000101267727-0203-s_lc.fits
440735179,33,tess2020351194500-s0033-0000000440735179-0203-s_lc.fits
61344311,33,tess2020351194500-s0033-0000000061344311-0203-s_lc.fits
443284051,33,tess2020351194500-s0033-0000000443284051-0203-s_lc.fits
119368040,33,tess2020351194500-s0033-0000000119368040-0203-s_lc.fits
348839628,33,tess2020351194500-s0033-0000000348839628-0203-s_lc.fits
153284116,33,tess2020351194500-s0033-0000000153284116-0203-s_lc.fits
124688144,33,tess2020351194500-s0033-0000000124688144-0203-s_lc.fits
235124070,33,tess2020351194500-s0033-0000000235124070-0203-s_lc.fits
235543640,33,tess2020351194500-s0033-0000000235543640-0203-s_lc.fits
340358522,33,tess2020351194500-s0033-0000000340358522-0203-s_lc.fits
250441820,33,tess2020351194500-s0033-0000000250441820-0203-s_lc.fits
124544385,33,tess2020351194500-s0033-0000000124544385-0203-s_lc.fits
231461523,33,tess2020351194500-s0033-0000000231461523-0203-s_lc.fits
61759606,33,tess2020351194500-s0033-0000000061759606-0203-s_lc.fits
33164334,33,tess2020351194500-s0033-0000000033164334-0203-s_lc.fits
179637167,33,tess2020351194500-s0033-0000000179637167-0203-s_lc.fits
382033261,33,tess2020351194500-s0033-0000000382033261-0203-s_lc.fits
63804389,33,tess2020351194500-s0033-0000000063804389-0203-s_lc.fits
35164300,33,tess2020351194500-s0033-0000000035164300-0203-s_lc.fits
309754884,33,tess2020351194500-s0033-0000000309754884-0203-s_lc.fits
340175990,33,tess2020351194500-s0033-0000000340175990-0203-s_lc.fits
79867621,33,tess2020351194500-s0033-0000000079867621-0203-s_lc.fits
41034345,33,tess2020351194500-s0033-0000000041034345-0203-s_lc.fits
264695268,33,tess2020351194500-s0033-0000000264695268-0203-s_lc.fits
340005839,33,tess2020351194500-s0033-0000000340005839-0203-s_lc.fits
343864440,33,tess2020351194500-s0033-0000000343864440-0203-s_lc.fits
176954188,33,tess2020351194500-s0033-0000000176954188-0203-s_lc.fits
52546760,33,tess2020351194500-s0033-0000000052546760-0203-s_lc.fits
220407585,33,tess2020351194500-s0033-0000000220407585-0203-s_lc.fits
88922324,33,tess2020351194500-s0033-0000000088922324-0203-s_lc.fits
300038122,33,tess2020351194500-s0033-0000000300038122-0203-s_lc.fits
118714454,33,tess2020351194500-s0033-0000000118714454-0203-s_lc.fits
124124136,33,tess2020351194500-s0033-0000000124124136-0203-s_lc.fits
63192951,33,tess2020351194500-s0033-0000000063192951-0203-s_lc.fits
65969774,33,tess2020351194500-s0033-0000000065969774-0203-s_lc.fits
80669986,33,tess2020351194500-s0033-0000000080669986-0203-s_lc.fits
42827654,33,tess2020351194500-s0033-0000000042827654-0203-s_lc.fits
409135458,33,tess2020351194500-s0033-0000000409135458-0203-s_lc.fits
300112535,33,tess2020351194500-s0033-0000000300112535-0203-s_lc.fits
201430857,33,tess2020351194500-s0033-0000000201430857-0203-s_lc.fits
123658744,33,tess2020351194500-s0033-0000000123658744-0203-s_lc.fits
21444273,33,tess2020351194500-s0033-0000000021444273-0203-s_lc.fits
306364711,33,tess2020351194500-s0033-0000000306364711-0203-s_lc.fits
207244324,33,tess2020351194500-s0033-0000000207244324-0203-s_lc.fits
177308364,33,tess2020351194500-s0033-0000000177308364-0203-s_lc.fits
157008880,33,tess2020351194500-s0033-0000000157008880-0203-s_lc.fits
201390710,33,tess2020351194500-s0033-0000000201390710-0203-s_lc.fits
66652132,33,tess2020351194500-s0033-0000000066652132-0203-s_lc.fits
705493982,33,tess2020351194500-s0033-0000000705493982-0203-s_lc.fits
155451032,33,tess2020351194500-s0033-0000000155451032-0203-s_lc.fits
382030398,33,tess2020351194500-s0033-0000000382030398-0203-s_lc.fits
39820435,33,tess2020351194500-s0033-0000000039820435-0203-s_lc.fits
179209305,33,tess2020351194500-s0033-0000000179209305-0203-s_lc.fits
124776917,33,tess2020351194500-s0033-0000000124776917-0203-s_lc.fits
167968934,33,tess2020351194500-s0033-0000000167968934-0203-s_lc.fits
93373129,33,tess2020351194500-s0033-0000000093373129-0203-s_lc.fits
307135271,33,tess2020351194500-s0033-0000000307135271-0203-s_lc.fits
167303794,33,tess2020351194500-s0033-0000000167303794-0203-s_lc.fits
158067487,33,tess2020351194500-s0033-0000000158067487-0203-s_lc.fits
31799664,33,tess2020351194500-s0033-0000000031799664-0203-s_lc.fits
300811971,33,tess2020351194500-s0033-0000000300811971-0203-s_lc.fits
206855031,33,tess2020351194500-s0033-0000000206855031-0203-s_lc.fits
150187908,33,tess2020351194500-s0033-0000000150187908-0203-s_lc.fits
100897789,33,tess2020351194500-s0033-0000000100897789-0203-s_lc.fits
457090035,33,tess2020351194500-s0033-0000000457090035-0203-s_lc.fits
49668409,33,tess2020351194500-s0033-0000000049668409-0203-s_lc.fits
340143397,33,tess2020351194500-s0033-0000000340143397-0203-s_lc.fits
238136080,33,tess2020351194500-s0033-0000000238136080-0203-s_lc.fits
235289341,33,tess2020351194500-s0033-0000000235289341-0203-s_lc.fits
170159231,33,tess2020351194500-s0033-0000000170159231-0203-s_lc.fits
231177417,33,tess2020351194500-s0033-0000000231177417-0203-s_lc.fits
143272585,33,tess2020351194500-s0033-0000000143272585-0203-s_lc.fits
34785861,33,tess2020351194500-s0033-0000000034785861-0203-s_lc.fits
61402096,33,tess2020351194500-s0033-0000000061402096-0203-s_lc.fits
148341118,33,tess2020351194500-s0033-0000000148341118-0203-s_lc.fits
141480937,33,tess2020351194500-s0033-0000000141480937-0203-s_lc.fits
287722500,33,tess2020351194500-s0033-0000000287722500-0203-s_lc.fits
157093552,33,tess2020351194500-s0033-0000000157093552-0203-s_lc.fits
382029368,33,tess2020351194500-s0033-0000000382029368-0203-s_lc.fits
160352199,33,tess2020351194500-s0033-0000000160352199-0203-s_lc.fits
24824033,33,tess2020351194500-s0033-0000000024824033-0203-s_lc.fits
142105158,33,tess2020351194500-s0033-0000000142105158-0203-s_lc.fits
201421888,33,tess2020351194500-s0033-0000000201421888-0203-s_lc.fits
148638723,33,tess2020351194500-s0033-0000000148638723-0203-s_lc.fits
10384881,33,tess2020351194500-s0033-0000000010384881-0203-s_lc.fits
231814409,33,tess2020351194500-s0033-0000000231814409-0203-s_lc.fits
148002870,33,tess2020351194500-s0033-0000000148002870-0203-s_lc.fits
52686587,33,tess2020351194500-s0033-0000000052686587-0203-s_lc.fits
344173026,33,tess2020351194500-s0033-0000000344173026-0203-s_lc.fits
71868957,33,tess2020351194500-s0033-0000000071868957-0203-s_lc.fits
403730313,33,tess2020351194500-s0033-0000000403730313-0203-s_lc.fits
32816814,33,tess2020351194500-s0033-0000000032816814-0203-s_lc.fits
237496521,33,tess2020351194500-s0033-0000000237496521-0203-s_lc.fits
350298145,33,tess2020351194500-s0033-0000000350298145-0203-s_lc.fits
119489884,33,tess2020351194500-s0033-0000000119489884-0203-s_lc.fits
307951281,33,tess2020351194500-s0033-0000000307951281-0203-s_lc.fits
51159255,33,tess2020351194500-s0033-0000000051159255-0203-s_lc.fits
309702890,33,tess2020351194500-s0033-0000000309702890-0203-s_lc.fits
349972412,33,tess2020351194500-s0033-0000000349972412-0203-s_lc.fits
206759182,33,tess2020351194500-s0033-0000000206759182-0203-s_lc.fits
124104931,33,tess2020351194500-s0033-0000000124104931-0203-s_lc.fits
267334896,33,tess2020351194500-s0033-0000000267334896-0203-s_lc.fits
151581898,33,tess2020351194500-s0033-0000000151581898-0203-s_lc.fits
142083281,33,tess2020351194500-s0033-0000000142083281-0203-s_lc.fits
235278159,33,tess2020351194500-s0033-0000000235278159-0203-s_lc.fits
20141662,33,tess2020351194500-s0033-0000000020141662-0203-s_lc.fits
409012514,33,tess2020351194500-s0033-0000000409012514-0203-s_lc.fits
370100428,33,tess2020351194500-s0033-0000000370100428-0203-s_lc.fits
409087789,33,tess2020351194500-s0033-0000000409087789-0203-s_lc.fits
349902873,33,tess2020351194500-s0033-0000000349902873-0203-s_lc.fits
337089551,33,tess2020351194500-s0033-0000000337089551-0203-s_lc.fits
177215682,33,tess2020351194500-s0033-0000000177215682-0203-s_lc.fits
349477633,33,tess2020351194500-s0033-0000000349477633-0203-s_lc.fits
24533582,33,tess2020351194500-s0033-0000000024533582-0203-s_lc.fits
337175986,33,tess2020351194500-s0033-0000000337175986-0203-s_lc.fits
300744369,33,tess2020351194500-s0033-0000000300744369-0203-s_lc.fits
93238424,33,tess2020351194500-s0033-0000000093238424-0203-s_lc.fits
38940308,33,tess2020351194500-s0033-0000000038940308-0203-s_lc.fits
72551253,33,tess2020351194500-s0033-0000000072551253-0203-s_lc.fits
220476613,33,tess2020351194500-s0033-0000000220476613-0203-s_lc.fits
141827705,33,tess2020351194500-s0033-0000000141827705-0203-s_lc.fits
343963218,33,tess2020351194500-s0033-0000000343963218-0203-s_lc.fits
157078643,33,tess2020351194500-s0033-0000000157078643-0203-s_lc.fits
452357628,33,tess2020351194500-s0033-0000000452357628-0203-s_lc.fits
393454333,33,tess2020351194500-s0033-0000000393454333-0203-s_lc.fits
387144184,33,tess2020351194500-s0033-0000000387144184-0203-s_lc.fits
123662304,33,tess2020351194500-s0033-0000000123662304-0203-s_lc.fits
176727377,33,tess2020351194500-s0033-0000000176727377-0203-s_lc.fits
339770555,33,tess2020351194500-s0033-0000000339770555-0203-s_lc.fits
220613362,33,tess2020351194500-s0033-0000000220613362-0203-s_lc.fits
219196871,33,tess2020351194500-s0033-0000000219196871-0203-s_lc.fits
300145861,33,tess2020351194500-s0033-0000000300145861-0203-s_lc.fits
59656000,33,tess2020351194500-s0033-0000000059656000-0203-s_lc.fits
235399702,33,tess2020351194500-s0033-0000000235399702-0203-s_lc.fits
150432211,33,tess2020351194500-s0033-0000000150432211-0203-s_lc.fits
314828688,33,tess2020351194500-s0033-0000000314828688-0203-s_lc.fits
220303230,33,tess2020351194500-s0033-0000000220303230-0203-s_lc.fits
219428241,33,tess2020351194500-s0033-0000000219428241-0203-s_lc.fits
66980383,33,tess2020351194500-s0033-0000000066980383-0203-s_lc.fits
172622053,33,tess2020351194500-s0033-0000000172622053-0203-s_lc.fits
26524333,33,tess2020351194500-s0033-0000000026524333-0203-s_lc.fits
22939756,33,tess2020351194500-s0033-0000000022939756-0203-s_lc.fits
388129372,33,tess2020351194500-s0033-0000000388129372-0203-s_lc.fits
318408051,33,tess2020351194500-s0033-0000000318408051-0203-s_lc.fits
350581132,33,tess2020351194500-s0033-0000000350581132-0203-s_lc.fits
436536013,33,tess2020351194500-s0033-0000000436536013-0203-s_lc.fits
177016680,33,tess2020351194500-s0033-0000000177016680-0203-s_lc.fits
55741235,33,tess2020351194500-s0033-0000000055741235-0203-s_lc.fits
100778110,33,tess2020351194500-s0033-0000000100778110-0203-s_lc.fits
31105684,33,tess2020351194500-s0033-0000000031105684-0203-s_lc.fits
238156722,33,tess2020351194500-s0033-0000000238156722-0203-s_lc.fits
219373763,33,tess2020351194500-s0033-0000000219373763-0203-s_lc.fits
117668459,33,tess2020351194500-s0033-0000000117668459-0203-s_lc.fits
59467923,33,tess2020351194500-s0033-0000000059467923-0203-s_lc.fits
49669407,33,tess2020351194500-s0033-0000000049669407-0203-s_lc.fits
142109251,33,tess2020351194500-s0033-0000000142109251-0203-s_lc.fits
125265000,33,tess2020351194500-s0033-0000000125265000-0203-s_lc.fits
220270429,33,tess2020351194500-s0033-0000000220270429-0203-s_lc.fits
141151953,33,tess2020351194500-s0033-0000000141151953-0203-s_lc.fits
232017780,33,tess2020351194500-s0033-0000000232017780-0203-s_lc.fits
382189406,33,tess2020351194500-s0033-0000000382189406-0203-s_lc.fits
53398846,33,tess2020351194500-s0033-0000000053398846-0203-s_lc.fits
141807839,33,tess2020351194500-s0033-0000000141807839-0203-s_lc.fits
380035826,33,tess2020351194500-s0033-0000000380035826-0203-s_lc.fits
438536177,33,tess2020351194500-s0033-0000000438536177-0203-s_lc.fits
168193004,33,tess2020351194500-s0033-0000000168193004-0203-s_lc.fits
101197205,33,tess2020351194500-s0033-0000000101197205-0203-s_lc.fits
148405135,33,tess2020351194500-s0033-0000000148405135-0203-s_lc.fits
282397092,33,tess2020351194500-s0033-0000000282397092-0203-s_lc.fits
55383975,33,tess2020351194500-s0033-0000000055383975-0203-s_lc.fits
167795079,33,tess2020351194500-s0033-0000000167795079-0203-s_lc.fits
219388773,33,tess2020351194500-s0033-0000000219388773-0203-s_lc.fits
72307321,33,tess2020351194500-s0033-0000000072307321-0203-s_lc.fits
98284627,33,tess2020351194500-s0033-0000000098284627-0203-s_lc.fits
167089585,33,tess2020351194500-s0033-0000000167089585-0203-s_lc.fits
41226614,33,tess2020351194500-s0033-0000000041226614-0203-s_lc.fits
38844392,33,tess2020351194500-s0033-0000000038844392-0203-s_lc.fits
261154464,33,tess2020351194500-s0033-0000000261154464-0203-s_lc.fits
293975312,33,tess2020351194500-s0033-0000000293975312-0203-s_lc.fits
279089140,33,tess2020351194500-s0033-0000000279089140-0203-s_lc.fits
124025685,33,tess2020351194500-s0033-0000000124025685-0203-s_lc.fits
67265047,33,tess2020351194500-s0033-0000000067265047-0203-s_lc.fits
144500485,33,tess2020351194500-s0033-0000000144500485-0203-s_lc.fits
220454583,33,tess2020351194500-s0033-0000000220454583-0203-s_lc.fits
294324232,33,tess2020351194500-s0033-0000000294324232-0203-s_lc.fits
59721916,33,tess2020351194500-s0033-0000000059721916-0203-s_lc.fits
22939937,33,tess2020351194500-s0033-0000000022939937-0203-s_lc.fits
53747807,33,tess2020351194500-s0033-0000000053747807-0203-s_lc.fits
166976188,33,tess2020351194500-s0033-0000000166976188-0203-s_lc.fits
167745733,33,tess2020351194500-s0033-0000000167745733-0203-s_lc.fits
42893417,33,tess2020351194500-s0033-0000000042893417-0203-s_lc.fits
14495632,33,tess2020351194500-s0033-0000000014495632-0203-s_lc.fits
293347451,33,tess2020351194500-s0033-0000000293347451-0203-s_lc.fits
260609876,33,tess2020351194500-s0033-0000000260609876-0203-s_lc.fits
300743667,33,tess2020351194500-s0033-0000000300743667-0203-s_lc.fits
251206286,33,tess2020351194500-s0033-0000000251206286-0203-s_lc.fits
445063730,33,tess2020351194500-s0033-0000000445063730-0203-s_lc.fits
235047253,33,tess2020351194500-s0033-0000000235047253-0203-s_lc.fits
374992750,33,tess2020351194500-s0033-0000000374992750-0203-s_lc.fits
220408612,33,tess2020351194500-s0033-0000000220408612-0203-s_lc.fits
278826808,33,tess2020351194500-s0033-0000000278826808-0203-s_lc.fits
232039544,33,tess2020351194500-s0033-0000000232039544-0203-s_lc.fits
291299781,33,tess2020351194500-s0033-0000000291299781-0203-s_lc.fits
220398321,33,tess2020351194500-s0033-0000000220398321-0203-s_lc.fits
52455342,33,tess2020351194500-s0033-0000000052455342-0203-s_lc.fits
434380719,33,tess2020351194500-s0033-0000000434380719-0203-s_lc.fits
32874669,33,tess2020351194500-s0033-0000000032874669-0203-s_lc.fits
140282940,33,tess2020351194500-s0033-0000000140282940-0203-s_lc.fits
201386089,33,tess2020351194500-s0033-0000000201386089-0203-s_lc.fits
262396341,33,tess2020351194500-s0033-0000000262396341-0203-s_lc.fits
100725810,33,tess2020351194500-s0033-0000000100725810-0203-s_lc.fits
238201323,33,tess2020351194500-s0033-0000000238201323-0203-s_lc.fits
339770690,33,tess2020351194500-s0033-0000000339770690-0203-s_lc.fits
391887898,33,tess2020351194500-s0033-0000000391887898-0203-s_lc.fits
141128060,33,tess2020351194500-s0033-0000000141128060-0203-s_lc.fits
358460464,33,tess2020351194500-s0033-0000000358460464-0203-s_lc.fits
79292541,33,tess2020351194500-s0033-0000000079292541-0203-s_lc.fits
33195904,33,tess2020351194500-s0033-0000000033195904-0203-s_lc.fits
32034254,33,tess2020351194500-s0033-0000000032034254-0203-s_lc.fits
89190593,33,tess2020351194500-s0033-0000000089190593-0203-s_lc.fits
238081343,33,tess2020351194500-s0033-0000000238081343-0203-s_lc.fits
167810464,33,tess2020351194500-s0033-0000000167810464-0203-s_lc.fits
167751960,33,tess2020351194500-s0033-0000000167751960-0203-s_lc.fits
220398169,33,tess2020351194500-s0033-0000000220398169-0203-s_lc.fits
219179632,33,tess2020351194500-s0033-0000000219179632-0203-s_lc.fits
301282220,33,tess2020351194500-s0033-0000000301282220-0203-s_lc.fits
268864797,33,tess2020351194500-s0033-0000000268864797-0203-s_lc.fits
150442658,33,tess2020351194500-s0033-0000000150442658-0203-s_lc.fits
119450570,33,tess2020351194500-s0033-0000000119450570-0203-s_lc.fits
443382901,33,tess2020351194500-s0033-0000000443382901-0203-s_lc.fits
80036564,33,tess2020351194500-s0033-0000000080036564-0203-s_lc.fits
382187206,33,tess2020351194500-s0033-0000000382187206-0203-s_lc.fits
232034950,33,tess2020351194500-s0033-0000000232034950-0203-s_lc.fits
284741271,33,tess2020351194500-s0033-0000000284741271-0203-s_lc.fits
292538796,33,tess2020351194500-s0033-0000000292538796-0203-s_lc.fits
319471435,33,tess2020351194500-s0033-0000000319471435-0203-s_lc.fits
278956004,33,tess2020351194500-s0033-0000000278956004-0203-s_lc.fits
97356407,33,tess2020351194500-s0033-0000000097356407-0203-s_lc.fits
293931235,33,tess2020351194500-s0033-0000000293931235-0203-s_lc.fits
231928131,33,tess2020351194500-s0033-0000000231928131-0203-s_lc.fits
177714991,33,tess2020351194500-s0033-0000000177714991-0203-s_lc.fits
60118576,33,tess2020351194500-s0033-0000000060118576-0203-s_lc.fits
393296664,33,tess2020351194500-s0033-0000000393296664-0203-s_lc.fits
255552151,33,tess2020351194500-s0033-0000000255552151-0203-s_lc.fits
66563031,33,tess2020351194500-s0033-0000000066563031-0203-s_lc.fits
219414862,33,tess2020351194500-s0033-0000000219414862-0203-s_lc.fits
167249123,33,tess2020351194500-s0033-0000000167249123-0203-s_lc.fits
764772878,33,tess2020351194500-s0033-0000000764772878-0203-s_lc.fits
293138058,33,tess2020351194500-s0033-0000000293138058-0203-s_lc.fits
147773594,33,tess2020351194500-s0033-0000000147773594-0203-s_lc.fits
147116756,33,tess2020351194500-s0033-0000000147116756-0203-s_lc.fits
232264118,33,tess2020351194500-s0033-0000000232264118-0203-s_lc.fits
177443887,33,tess2020351194500-s0033-0000000177443887-0203-s_lc.fits
261327765,33,tess2020351194500-s0033-0000000261327765-0203-s_lc.fits
349908857,33,tess2020351194500-s0033-0000000349908857-0203-s_lc.fits
53417036,33,tess2020351194500-s0033-0000000053417036-0203-s_lc.fits
337388890,33,tess2020351194500-s0033-0000000337388890-0203-s_lc.fits
59859387,33,tess2020351194500-s0033-0000000059859387-0203-s_lc.fits
176932113,33,tess2020351194500-s0033-0000000176932113-0203-s_lc.fits
317092282,33,tess2020351194500-s0033-0000000317092282-0203-s_lc.fits
300935162,33,tess2020351194500-s0033-0000000300935162-0203-s_lc.fits
140211290,33,tess2020351194500-s0033-0000000140211290-0203-s_lc.fits
124685935,33,tess2020351194500-s0033-0000000124685935-0203-s_lc.fits
134543194,33,tess2020351194500-s0033-0000000134543194-0203-s_lc.fits
89017069,33,tess2020351194500-s0033-0000000089017069-0203-s_lc.fits
425068761,33,tess2020351194500-s0033-0000000425068761-0203-s_lc.fits
20072778,33,tess2020351194500-s0033-0000000020072778-0203-s_lc.fits
144542717,33,tess2020351194500-s0033-0000000144542717-0203-s_lc.fits
220429730,33,tess2020351194500-s0033-0000000220429730-0203-s_lc.fits
743839502,33,tess2020351194500-s0033-0000000743839502-0203-s_lc.fits
149391500,33,tess2020351194500-s0033-0000000149391500-0203-s_lc.fits
299277300,33,tess2020351194500-s0033-0000000299277300-0203-s_lc.fits
149475098,33,tess2020351194500-s0033-0000000149475098-0203-s_lc.fits
307466526,33,tess2020351194500-s0033-0000000307466526-0203-s_lc.fits
766180021,33,tess2020351194500-s0033-0000000766180021-0203-s_lc.fits
59605463,33,tess2020351194500-s0033-0000000059605463-0203-s_lc.fits
415559726,33,tess2020351194500-s0033-0000000415559726-0203-s_lc.fits
237927133,33,tess2020351194500-s0033-0000000237927133-0203-s_lc.fits
66239853,33,tess2020351194500-s0033-0000000066239853-0203-s_lc.fits
237843125,33,tess2020351194500-s0033-0000000237843125-0203-s_lc.fits
238180751,33,tess2020351194500-s0033-0000000238180751-0203-s_lc.fits
37354220,33,tess2020351194500-s0033-0000000037354220-0203-s_lc.fits
333256929,33,tess2020351194500-s0033-0000000333256929-0203-s_lc.fits
317872995,33,tess2020351194500-s0033-0000000317872995-0203-s_lc.fits
147258938,33,tess2020351194500-s0033-0000000147258938-0203-s_lc.fits
220024896,33,tess2020351194500-s0033-0000000220024896-0203-s_lc.fits
231935697,33,tess2020351194500-s0033-0000000231935697-0203-s_lc.fits
272284501,33,tess2020351194500-s0033-0000000272284501-0203-s_lc.fits
260656168,33,tess2020351194500-s0033-0000000260656168-0203-s_lc.fits
143233970,33,tess2020351194500-s0033-0000000143233970-0203-s_lc.fits
317133934,33,tess2020351194500-s0033-0000000317133934-0203-s_lc.fits
124548338,33,tess2020351194500-s0033-0000000124548338-0203-s_lc.fits
33934078,33,tess2020351194500-s0033-0000000033934078-0203-s_lc.fits
281619649,33,tess2020351194500-s0033-0000000281619649-0203-s_lc.fits
140635111,33,tess2020351194500-s0033-0000000140635111-0203-s_lc.fits
120082929,33,tess2020351194500-s0033-0000000120082929-0203-s_lc.fits
78956076,33,tess2020351194500-s0033-0000000078956076-0203-s_lc.fits
79214033,33,tess2020351194500-s0033-0000000079214033-0203-s_lc.fits
445999097,33,tess2020351194500-s0033-0000000445999097-0203-s_lc.fits
231824922,33,tess2020351194500-s0033-0000000231824922-0203-s_lc.fits
176871292,33,tess2020351194500-s0033-0000000176871292-0203-s_lc.fits
36995993,33,tess2020351194500-s0033-0000000036995993-0203-s_lc.fits
140608539,33,tess2020351194500-s0033-0000000140608539-0203-s_lc.fits
238227682,33,tess2020351194500-s0033-0000000238227682-0203-s_lc.fits
172927972,33,tess2020351194500-s0033-0000000172927972-0203-s_lc.fits
380028079,33,tess2020351194500-s0033-0000000380028079-0203-s_lc.fits
282384369,33,tess2020351194500-s0033-0000000282384369-0203-s_lc.fits
268985556,33,tess2020351194500-s0033-0000000268985556-0203-s_lc.fits
231730120,33,tess2020351194500-s0033-0000000231730120-0203-s_lc.fits
39670778,33,tess2020351194500-s0033-0000000039670778-0203-s_lc.fits
141407088,33,tess2020351194500-s0033-0000000141407088-0203-s_lc.fits
167755378,33,tess2020351194500-s0033-0000000167755378-0203-s_lc.fits
381978657,33,tess2020351194500-s0033-0000000381978657-0203-s_lc.fits
232050415,33,tess2020351194500-s0033-0000000232050415-0203-s_lc.fits
284346456,33,tess2020351194500-s0033-0000000284346456-0203-s_lc.fits
382518318,33,tess2020351194500-s0033-0000000382518318-0203-s_lc.fits
247047838,33,tess2020351194500-s0033-0000000247047838-0203-s_lc.fits
66494750,33,tess2020351194500-s0033-0000000066494750-0203-s_lc.fits
100207328,33,tess2020351194500-s0033-0000000100207328-0203-s_lc.fits
349153550,33,tess2020351194500-s0033-0000000349153550-0203-s_lc.fits
7493460,33,tess2020351194500-s0033-0000000007493460-0203-s_lc.fits
93242214,33,tess2020351194500-s0033-0000000093242214-0203-s_lc.fits
80275988,33,tess2020351194500-s0033-0000000080275988-0203-s_lc.fits
220395392,33,tess2020351194500-s0033-0000000220395392-0203-s_lc.fits
219411388,33,tess2020351194500-s0033-0000000219411388-0203-s_lc.fits
389743328,33,tess2020351194500-s0033-0000000389743328-0203-s_lc.fits
291555268,33,tess2020351194500-s0033-0000000291555268-0203-s_lc.fits
91866703,33,tess2020351194500-s0033-0000000091866703-0203-s_lc.fits
781195307,33,tess2020351194500-s0033-0000000781195307-0203-s_lc.fits
167011852,33,tess2020351194500-s0033-0000000167011852-0203-s_lc.fits
176469432,33,tess2020351194500-s0033-0000000176469432-0203-s_lc.fits
219370614,33,tess2020351194500-s0033-0000000219370614-0203-s_lc.fits
235170227,33,tess2020351194500-s0033-0000000235170227-0203-s_lc.fits
140687826,33,tess2020351194500-s0033-0000000140687826-0203-s_lc.fits
255701053,33,tess2020351194500-s0033-0000000255701053-0203-s_lc.fits
266004155,33,tess2020351194500-s0033-0000000266004155-0203-s_lc.fits
238135340,33,tess2020351194500-s0033-0000000238135340-0203-s_lc.fits
319467594,33,tess2020351194500-s0033-0000000319467594-0203-s_lc.fits
149902814,33,tess2020351194500-s0033-0000000149902814-0203-s_lc.fits
60114534,33,tess2020351194500-s0033-0000000060114534-0203-s_lc.fits
453099404,33,tess2020351194500-s0033-0000000453099404-0203-s_lc.fits
301599415,33,tess2020351194500-s0033-0000000301599415-0203-s_lc.fits
140608905,33,tess2020351194500-s0033-0000000140608905-0203-s_lc.fits
278779083,33,tess2020351194500-s0033-0000000278779083-0203-s_lc.fits
231731600,33,tess2020351194500-s0033-0000000231731600-0203-s_lc.fits
153122794,33,tess2020351194500-s0033-0000000153122794-0203-s_lc.fits
220118643,33,tess2020351194500-s0033-0000000220118643-0203-s_lc.fits
386427082,33,tess2020351194500-s0033-0000000386427082-0203-s_lc.fits
294093233,33,tess2020351194500-s0033-0000000294093233-0203-s_lc.fits
232028066,33,tess2020351194500-s0033-0000000232028066-0203-s_lc.fits
80457079,33,tess2020351194500-s0033-0000000080457079-0203-s_lc.fits
20210712,33,tess2020351194500-s0033-0000000020210712-0203-s_lc.fits
279157165,33,tess2020351194500-s0033-0000000279157165-0203-s_lc.fits
24588690,33,tess2020351194500-s0033-0000000024588690-0203-s_lc.fits
149971828,33,tess2020351194500-s0033-0000000149971828-0203-s_lc.fits
124033330,33,tess2020351194500-s0033-0000000124033330-0203-s_lc.fits
293774680,33,tess2020351194500-s0033-0000000293774680-0203-s_lc.fits
409081898,33,tess2020351194500-s0033-0000000409081898-0203-s_lc.fits
382256774,33,tess2020351194500-s0033-0000000382256774-0203-s_lc.fits
382031719,33,tess2020351194500-s0033-0000000382031719-0203-s_lc.fits
80662834,33,tess2020351194500-s0033-0000000080662834-0203-s_lc.fits
177334591,33,tess2020351194500-s0033-0000000177334591-0203-s_lc.fits
79139961,33,tess2020351194500-s0033-0000000079139961-0203-s_lc.fits
143277636,33,tess2020351194500-s0033-0000000143277636-0203-s_lc.fits
46640111,33,tess2020351194500-s0033-0000000046640111-0203-s_lc.fits
207328124,33,tess2020351194500-s0033-0000000207328124-0203-s_lc.fits
35242594,33,tess2020351194500-s0033-0000000035242594-0203-s_lc.fits
140580482,33,tess2020351194500-s0033-0000000140580482-0203-s_lc.fits
425173792,33,tess2020351194500-s0033-0000000425173792-0203-s_lc.fits
140580497,33,tess2020351194500-s0033-0000000140580497-0203-s_lc.fits
119291719,33,tess2020351194500-s0033-0000000119291719-0203-s_lc.fits
120884513,33,tess2020351194500-s0033-0000000120884513-0203-s_lc.fits
319030461,33,tess2020351194500-s0033-0000000319030461-0203-s_lc.fits
370236292,33,tess2020351194500-s0033-0000000370236292-0203-s_lc.fits
55478023,33,tess2020351194500-s0033-0000000055478023-0203-s_lc.fits
737562486,33,tess2020351194500-s0033-0000000737562486-0203-s_lc.fits
284500478,33,tess2020351194500-s0033-0000000284500478-0203-s_lc.fits
156754407,33,tess2020351194500-s0033-0000000156754407-0203-s_lc.fits
124853251,33,tess2020351194500-s0033-0000000124853251-0203-s_lc.fits
123838254,33,tess2020351194500-s0033-0000000123838254-0203-s_lc.fits
151101877,33,tess2020351194500-s0033-0000000151101877-0203-s_lc.fits
276869906,33,tess2020351194500-s0033-0000000276869906-0203-s_lc.fits
333619257,33,tess2020351194500-s0033-0000000333619257-0203-s_lc.fits
306894095,33,tess2020351194500-s0033-0000000306894095-0203-s_lc.fits
157207017,33,tess2020351194500-s0033-0000000157207017-0203-s_lc.fits
148276243,33,tess2020351194500-s0033-0000000148276243-0203-s_lc.fits
382160308,33,tess2020351194500-s0033-0000000382160308-0203-s_lc.fits
278684349,33,tess2020351194500-s0033-0000000278684349-0203-s_lc.fits
409077759,33,tess2020351194500-s0033-0000000409077759-0203-s_lc.fits
155313327,33,tess2020351194500-s0033-0000000155313327-0203-s_lc.fits
53401119,33,tess2020351194500-s0033-0000000053401119-0203-s_lc.fits
32816763,33,tess2020351194500-s0033-0000000032816763-0203-s_lc.fits
33796207,33,tess2020351194500-s0033-0000000033796207-0203-s_lc.fits
251114582,33,tess2020351194500-s0033-0000000251114582-0203-s_lc.fits
425167465,33,tess2020351194500-s0033-0000000425167465-0203-s_lc.fits
278901108,33,tess2020351194500-s0033-0000000278901108-0203-s_lc.fits
72495218,33,tess2020351194500-s0033-0000000072495218-0203-s_lc.fits
349904363,33,tess2020351194500-s0033-0000000349904363-0203-s_lc.fits
65296215,33,tess2020351194500-s0033-0000000065296215-0203-s_lc.fits
242198432,33,tess2020351194500-s0033-0000000242198432-0203-s_lc.fits
320346966,33,tess2020351194500-s0033-0000000320346966-0203-s_lc.fits
100593528,33,tess2020351194500-s0033-0000000100593528-0203-s_lc.fits
25153759,33,tess2020351194500-s0033-0000000025153759-0203-s_lc.fits
149449385,33,tess2020351194500-s0033-0000000149449385-0203-s_lc.fits
